Date,PX_OPEN,PX_HIGH,PX_LOW,PX_CLOSE_1D,PX_VOLUME,OPEN_INT,INSTRUMENT,SECTYPE,EXCHANGE,CRNCY,TICK_SIZE,TICK_VALUE,POINT_VALUE,CONTRACT_VALUE,near,far,st_dev,no_days
04/01/1999,1.1794,1.1925,1.1793,1.1866,2591.0,1312.0,EC1 Curncy,Future,CME,USD,0.0,6.25,125000.0,148325,1.1866,1.1921,0.016006818338862198,1
05/01/1999,1.1868,1.1884,1.1792,1.182,2608.0,2089.0,EC1 Curncy,Future,CME,USD,0.0,6.25,125000.0,147750,1.182,1.1875,0.015371897518957603,2
06/01/1999,1.182,1.1827,1.158,1.1642,3084.0,3815.0,EC1 Curncy,Future,CME,USD,0.0,6.25,125000.0,145525,1.1642,1.1697,0.015014118910767564,3
07/01/1999,1.1662,1.1773,1.1652,1.1749,3505.0,4190.0,EC1 Curncy,Future,CME,USD,0.0,6.25,125000.0,146863,1.1749,1.1804,0.015169715444485697,4
08/01/1999,1.1751,1.1757,1.1575,1.1629,2937.0,4468.0,EC1 Curncy,Future,CME,USD,0.0,6.25,125000.0,145363,1.1629,1.1684,0.015280824585080491,5
11/01/1999,1.1602,1.1637,1.1518,1.1523,6195.0,7626.0,EC1 Curncy,Future,CME,USD,0.0,6.25,125000.0,144038,1.1523,1.1578,0.01579561964596514,6
12/01/1999,1.153,1.16,1.1424,1.1586,3266.0,8240.0,EC1 Curncy,Future,CME,USD,0.0,6.25,125000.0,144825,1.1586,1.1641,0.01619698222920965,7
13/01/1999,1.1601,1.1825,1.1593,1.1688,5765.0,7211.0,EC1 Curncy,Future,CME,USD,0.0,6.25,125000.0,146100,1.1688,1.1743,0.01679315138183817,8
14/01/1999,1.1697,1.1759,1.1654,1.1742,3082.0,6901.0,EC1 Curncy,Future,CME,USD,0.0,6.25,125000.0,146775,1.1742,1.1797,0.016573120808505946,9
15/01/1999,1.1738,1.177,1.1598,1.1742,1065.0,6465.0,EC1 Curncy,Future,CME,USD,0.0,6.25,125000.0,146775,1.1742,1.1797,0.015913047057891403,10
18/01/1999,1.1597,1.1649,1.1597,1.1622,642.0,6465.0,EC1 Curncy,Future,CME,USD,0.0,6.25,125000.0,145275,1.1622,1.1677,0.015873177585684184,11
19/01/1999,1.1635,1.1668,1.1597,1.1643,1787.0,6081.0,EC1 Curncy,Future,CME,USD,0.0,6.25,125000.0,145538,1.1643,1.1698,0.01656566026453521,12
20/01/1999,1.1642,1.165,1.1575,1.1586,1596.0,6391.0,EC1 Curncy,Future,CME,USD,0.0,6.25,125000.0,144825,1.1586,1.1643,0.016999044090771732,13
21/01/1999,1.1597,1.1643,1.158,1.163,1115.0,6253.0,EC1 Curncy,Future,CME,USD,0.0,6.25,125000.0,145375,1.163,1.1687,0.017595951238850414,14
22/01/1999,1.1628,1.1654,1.1591,1.1616,1246.0,6720.0,EC1 Curncy,Future,CME,USD,0.0,6.25,125000.0,145200,1.1616,1.1673,0.017155400510237825,15
25/01/1999,1.1609,1.1638,1.1583,1.1584,975.0,7073.0,EC1 Curncy,Future,CME,USD,0.0,6.25,125000.0,144800,1.1584,1.1641,0.016663510034403573,16
26/01/1999,1.1585,1.1615,1.1575,1.1589,1853.0,6747.0,EC1 Curncy,Future,CME,USD,0.0,6.25,125000.0,144863,1.1589,1.1646,0.017041420128616116,17
27/01/1999,1.159,1.159,1.1435,1.1459,14831.0,18579.0,EC1 Curncy,Future,CME,USD,0.0,6.25,125000.0,143238,1.1459,1.1516,0.016655861830999215,18
28/01/1999,1.1465,1.1494,1.1405,1.1446,7198.0,22301.0,EC1 Curncy,Future,CME,USD,0.0,6.25,125000.0,143075,1.1446,1.1503,0.017100845982972228,19
29/01/1999,1.1438,1.1452,1.137,1.1391,2584.0,23539.0,EC1 Curncy,Future,CME,USD,0.0,6.25,125000.0,142388,1.1391,1.1448,0.017837873565347898,20
01/02/1999,1.1408,1.1417,1.1313,1.1336,5326.0,26996.0,EC1 Curncy,Future,CME,USD,0.0,6.25,125000.0,141700,1.1336,1.1393,0.018495630114525347,21
02/02/1999,1.1324,1.1388,1.1311,1.1371,2621.0,26932.0,EC1 Curncy,Future,CME,USD,0.0,6.25,125000.0,142138,1.1371,1.1428,0.018768876720074018,22
03/02/1999,1.1371,1.1382,1.1331,1.1341,4839.0,26863.0,EC1 Curncy,Future,CME,USD,0.0,6.25,125000.0,141763,1.1341,1.1398,0.01844955013001678,23
04/02/1999,1.1337,1.1365,1.1275,1.1355,6022.0,27875.0,EC1 Curncy,Future,CME,USD,0.0,6.25,125000.0,141938,1.1355,1.141,0.017953845456243293,24
05/02/1999,1.1354,1.1389,1.1274,1.1285,2585.0,28355.0,EC1 Curncy,Future,CME,USD,0.0,6.25,125000.0,141063,1.1285,1.134,0.016006818338862198,25
08/02/1999,1.1288,1.1346,1.1241,1.1344,10459.0,29767.0,EC1 Curncy,Future,CME,USD,0.0,6.25,125000.0,141800,1.1344,1.1399,0.015371897518957603,26
09/02/1999,1.1328,1.1374,1.1298,1.1308,2001.0,30174.0,EC1 Curncy,Future,CME,USD,0.0,6.25,125000.0,141350,1.1308,1.1363,0.015014118910767564,27
10/02/1999,1.1335,1.1378,1.1296,1.1363,4079.0,27332.0,EC1 Curncy,Future,CME,USD,0.0,6.25,125000.0,142038,1.1363,1.1418,0.015169715444485697,28
11/02/1999,1.133,1.1349,1.1245,1.1249,1354.0,28675.0,EC1 Curncy,Future,CME,USD,0.0,6.25,125000.0,140613,1.1249,1.1304,0.015280824585080491,29
12/02/1999,1.1254,1.1304,1.1227,1.1249,4004.0,27626.0,EC1 Curncy,Future,CME,USD,0.0,6.25,125000.0,140613,1.1249,1.1304,0.01579561964596514,30
15/02/1999,1.13,1.1317,1.124,1.1296,258.0,27626.0,EC1 Curncy,Future,CME,USD,0.0,6.25,125000.0,141200,1.1296,1.1351,0.01619698222920965,31
16/02/1999,1.1241,1.1317,1.1177,1.1217,6745.0,29990.0,EC1 Curncy,Future,CME,USD,0.0,6.25,125000.0,140213,1.1217,1.1272,0.01679315138183817,32
17/02/1999,1.122,1.1326,1.1219,1.1251,4953.0,30257.0,EC1 Curncy,Future,CME,USD,0.0,6.25,125000.0,140638,1.1251,1.1306,0.016573120808505946,33
18/02/1999,1.1268,1.1288,1.1202,1.1216,1737.0,31065.0,EC1 Curncy,Future,CME,USD,0.0,6.25,125000.0,140200,1.1216,1.1271,0.015913047057891403,34
19/02/1999,1.1235,1.1235,1.1072,1.1075,5492.0,33482.0,EC1 Curncy,Future,CME,USD,0.0,6.25,125000.0,138438,1.1075,1.1128,0.015873177585684184,35
22/02/1999,1.1033,1.1068,1.0984,1.1047,10224.0,37166.0,EC1 Curncy,Future,CME,USD,0.0,6.25,125000.0,138088,1.1047,1.1102,0.01656566026453521,36
23/02/1999,1.107,1.1094,1.0955,1.1016,2710.0,36734.0,EC1 Curncy,Future,CME,USD,0.0,6.25,125000.0,137700,1.1016,1.1071,0.016999044090771732,37
24/02/1999,1.1018,1.1099,1.0938,1.0996,6571.0,35060.0,EC1 Curncy,Future,CME,USD,0.0,6.25,125000.0,137450,1.0996,1.1051,0.017595951238850414,38
25/02/1999,1.1009,1.1085,1.1,1.1053,6612.0,30751.0,EC1 Curncy,Future,CME,USD,0.0,6.25,125000.0,138163,1.1053,1.1107,0.017155400510237825,39
26/02/1999,1.1039,1.1055,1.0964,1.1024,6143.0,31074.0,EC1 Curncy,Future,CME,USD,0.0,6.25,125000.0,137800,1.1024,1.1078,0.016663510034403573,40
01/03/1999,1.0994,1.1033,1.0891,1.0893,10194.0,37588.0,EC1 Curncy,Future,CME,USD,0.0,6.25,125000.0,136163,1.0893,1.0947,0.017041420128616116,41
02/03/1999,1.0898,1.0945,1.0869,1.0925,9488.0,34474.0,EC1 Curncy,Future,CME,USD,0.0,6.25,125000.0,136563,1.0925,1.0977,0.016655861830999215,42
03/03/1999,1.0938,1.0952,1.0887,1.0895,8044.0,32500.0,EC1 Curncy,Future,CME,USD,0.0,6.25,125000.0,136188,1.0895,1.0947,0.017100845982972228,43
04/03/1999,1.0891,1.0896,1.0797,1.0825,8316.0,32347.0,EC1 Curncy,Future,CME,USD,0.0,6.25,125000.0,135313,1.0825,1.0876,0.017837873565347898,44
05/03/1999,1.0804,1.0867,1.0778,1.083,6114.0,28792.0,EC1 Curncy,Future,CME,USD,0.0,6.25,125000.0,135375,1.083,1.088,0.018495630114525347,45
08/03/1999,1.0825,1.092,1.0809,1.0892,12035.0,30080.0,EC1 Curncy,Future,CME,USD,0.0,6.25,125000.0,136150,1.0892,1.0943,0.018768876720074018,46
09/03/1999,1.0938,1.0968,1.0916,1.0944,12350.0,25119.0,EC1 Curncy,Future,CME,USD,0.0,6.25,125000.0,136800,1.0894,1.0944,0.01844955013001678,47
10/03/1999,1.0937,1.1025,1.0933,1.1006,14204.0,24277.0,EC1 Curncy,Future,CME,USD,0.0,6.25,125000.0,137575,1.0955,1.1006,0.017953845456243293,48
11/03/1999,1.1001,1.1115,1.0852,1.1084,26675.0,32328.0,EC1 Curncy,Future,CME,USD,0.0,6.25,125000.0,138550,1.1032,1.1084,0.0171644186230314,49
12/03/1999,1.1079,1.1097,1.0945,1.0957,13494.0,30605.0,EC1 Curncy,Future,CME,USD,0.0,6.25,125000.0,136963,1.0905,1.0957,0.016873401158825865,50
15/03/1999,1.0957,1.102,1.0941,1.0989,11056.0,29634.0,EC1 Curncy,Future,CME,USD,0.0,6.25,125000.0,137363,1.0951,1.0989,0.016015279162932647,51
16/03/1999,1.0984,1.1058,1.0866,1.1051,20198.0,32457.0,EC1 Curncy,Future,CME,USD,0.0,6.25,125000.0,138138,1.1051,1.111,0.015187234771346527,52
17/03/1999,1.0957,1.1089,1.0941,1.1114,11056.0,31147.0,EC1 Curncy,Future,CME,USD,0.0,6.25,125000.0,138925,1.1055,1.1114,0.013830289223295218,53
18/03/1999,1.0957,1.1089,1.0941,1.108,11056.0,29639.0,EC1 Curncy,Future,CME,USD,0.0,6.25,125000.0,138500,1.1021,1.108,0.013183196375183899,54
19/03/1999,1.0957,1.1089,1.1002,1.0997,11056.0,32693.0,EC1 Curncy,Future,CME,USD,0.0,6.25,125000.0,137463,1.0938,1.0997,0.012436971764326748,55
22/03/1999,1.0957,1.1002,1.1002,1.1023,11056.0,32251.0,EC1 Curncy,Future,CME,USD,0.0,6.25,125000.0,137788,1.0964,1.1023,0.011102890014165683,56
23/03/1999,1.0956,1.0974,1.0913,1.0958,7639.0,29130.0,EC1 Curncy,Future,CME,USD,0.0,6.25,125000.0,136975,1.0958,1.1017,0.010330734081693296,57
24/03/1999,1.0961,1.1012,1.0927,1.094,7472.0,27761.0,EC1 Curncy,Future,CME,USD,0.0,6.25,125000.0,136750,1.094,1.0999,0.00904562509356457,58
25/03/1999,1.0934,1.0952,1.088,1.0883,5306.0,29938.0,EC1 Curncy,Future,CME,USD,0.0,6.25,125000.0,136038,1.0883,1.0942,0.008021965677645595,59
26/03/1999,1.0881,1.091,1.076,1.0813,20950.0,37797.0,EC1 Curncy,Future,CME,USD,0.0,6.25,125000.0,135163,1.0813,1.0872,0.008428621872326235,60
29/03/1999,1.0796,1.083,1.073,1.0784,10152.0,36789.0,EC1 Curncy,Future,CME,USD,0.0,6.25,125000.0,134800,1.0784,1.0843,0.009038912176435905,61
30/03/1999,1.078,1.082,1.0749,1.0762,3013.0,36469.0,EC1 Curncy,Future,CME,USD,0.0,6.25,125000.0,134525,1.0762,1.0821,0.009768210344444878,62
31/03/1999,1.0763,1.0869,1.0738,1.0802,6653.0,34801.0,EC1 Curncy,Future,CME,USD,0.0,6.25,125000.0,135025,1.0802,1.0861,0.010140450351602687,63
01/04/1999,1.0815,1.0864,1.0772,1.0802,905.0,34782.0,EC1 Curncy,Future,CME,USD,0.0,6.25,125000.0,135025,1.0802,1.0861,0.010227125695912059,64
02/04/1999,1.0833,1.084,1.0813,1.0833,77.0,34782.0,EC1 Curncy,Future,CME,USD,0.0,6.25,125000.0,135413,1.0833,1.0896,0.010216225656603843,65
05/04/1999,1.0825,1.0834,1.0745,1.0756,2610.0,34575.0,EC1 Curncy,Future,CME,USD,0.0,6.25,125000.0,134450,1.0756,1.0816,0.010739452189628526,66
06/04/1999,1.0756,1.09,1.0747,1.0884,12017.0,30217.0,EC1 Curncy,Future,CME,USD,0.0,6.25,125000.0,136050,1.0884,1.0944,0.010759285911867793,67
07/04/1999,1.0882,1.0887,1.081,1.0816,6807.0,29070.0,EC1 Curncy,Future,CME,USD,0.0,6.25,125000.0,135200,1.0816,1.0876,0.010938540426704552,68
08/04/1999,1.0819,1.0915,1.0768,1.0784,15038.0,30729.0,EC1 Curncy,Future,CME,USD,0.0,6.25,125000.0,134800,1.0784,1.0847,0.011105437106810171,69
09/04/1999,1.0792,1.0856,1.0779,1.0845,7056.0,31957.0,EC1 Curncy,Future,CME,USD,0.0,6.25,125000.0,135563,1.0845,1.0908,0.011063622071153566,70
12/04/1999,1.0861,1.0921,1.0861,1.0866,5949.0,31224.0,EC1 Curncy,Future,CME,USD,0.0,6.25,125000.0,135825,1.0866,1.0929,0.011095341364734251,71
13/04/1999,1.0863,1.087,1.0795,1.0811,5621.0,31538.0,EC1 Curncy,Future,CME,USD,0.0,6.25,125000.0,135138,1.0811,1.0874,0.011247925734699533,72
14/04/1999,1.0817,1.0857,1.0811,1.0838,1898.0,30977.0,EC1 Curncy,Future,CME,USD,0.0,6.25,125000.0,135475,1.0838,1.0901,0.011124272260840957,73
15/04/1999,1.0845,1.0857,1.073,1.0742,12939.0,35979.0,EC1 Curncy,Future,CME,USD,0.0,6.25,125000.0,134275,1.0742,1.0805,0.010852457478991337,74
16/04/1999,1.0749,1.0756,1.0682,1.0753,2334.0,39177.0,EC1 Curncy,Future,CME,USD,0.0,6.25,125000.0,134413,1.0753,1.0816,0.0110551451068412,75
19/04/1999,1.0723,1.0738,1.0631,1.0671,9720.0,44659.0,EC1 Curncy,Future,CME,USD,0.0,6.25,125000.0,133388,1.0671,1.0734,0.011532407959022026,76
20/04/1999,1.068,1.072,1.0648,1.0664,6828.0,43419.0,EC1 Curncy,Future,CME,USD,0.0,6.25,125000.0,133300,1.0664,1.0727,0.011519537027733116,77
21/04/1999,1.0669,1.0673,1.0614,1.0656,9654.0,43909.0,EC1 Curncy,Future,CME,USD,0.0,6.25,125000.0,133200,1.0656,1.0719,0.010742560216260395,78
22/04/1999,1.065,1.0689,1.0598,1.065,11280.0,43840.0,EC1 Curncy,Future,CME,USD,0.0,6.25,125000.0,133125,1.065,1.0713,0.009998279852053545,79
23/04/1999,1.0648,1.0718,1.063,1.0646,8268.0,41052.0,EC1 Curncy,Future,CME,USD,0.0,6.25,125000.0,133075,1.0646,1.0709,0.009773412914636287,80
26/04/1999,1.0643,1.0656,1.0612,1.0619,2252.0,41448.0,EC1 Curncy,Future,CME,USD,0.0,6.25,125000.0,132738,1.0619,1.0682,0.009245914413042766,81
27/04/1999,1.0619,1.0701,1.0615,1.0698,4521.0,41708.0,EC1 Curncy,Future,CME,USD,0.0,6.25,125000.0,133725,1.0698,1.0761,0.008639228360602874,82
28/04/1999,1.068,1.0725,1.0638,1.0655,6202.0,43070.0,EC1 Curncy,Future,CME,USD,0.0,6.25,125000.0,133188,1.0655,1.0718,0.008209583830295243,83
29/04/1999,1.066,1.067,1.0604,1.0621,7185.0,43505.0,EC1 Curncy,Future,CME,USD,0.0,6.25,125000.0,132763,1.0621,1.0684,0.008263659399239856,84
30/04/1999,1.0623,1.0663,1.058,1.0613,6161.0,44071.0,EC1 Curncy,Future,CME,USD,0.0,6.25,125000.0,132663,1.0613,1.0677,0.008598143210405699,85
03/05/1999,1.0616,1.0628,1.0582,1.0606,3083.0,44773.0,EC1 Curncy,Future,CME,USD,0.0,6.25,125000.0,132575,1.0606,1.067,0.008971971169517095,86
04/05/1999,1.0606,1.0663,1.0592,1.0661,10368.0,41647.0,EC1 Curncy,Future,CME,USD,0.0,6.25,125000.0,133263,1.0661,1.0725,0.009075503659117,87
05/05/1999,1.0657,1.08,1.0647,1.0773,25354.0,41035.0,EC1 Curncy,Future,CME,USD,0.0,6.25,125000.0,134663,1.0773,1.0837,0.009000098147611837,88
06/05/1999,1.0772,1.085,1.076,1.084,16358.0,42316.0,EC1 Curncy,Future,CME,USD,0.0,6.25,125000.0,135500,1.084,1.0904,0.009156576871297442,89
07/05/1999,1.0829,1.084,1.0768,1.0769,6237.0,41734.0,EC1 Curncy,Future,CME,USD,0.0,6.25,125000.0,134613,1.0769,1.0833,0.008949679696315736,90
10/05/1999,1.0754,1.086,1.0735,1.0824,5069.0,40783.0,EC1 Curncy,Future,CME,USD,0.0,6.25,125000.0,135300,1.0824,1.0889,0.009135051541542937,91
11/05/1999,1.0813,1.0824,1.0728,1.0737,7133.0,43107.0,EC1 Curncy,Future,CME,USD,0.0,6.25,125000.0,134213,1.0737,1.0803,0.008573054687020623,92
12/05/1999,1.0742,1.077,1.0665,1.0672,11718.0,44339.0,EC1 Curncy,Future,CME,USD,0.0,6.25,125000.0,133400,1.0672,1.0738,0.008427933712758224,93
13/05/1999,1.0673,1.0696,1.0625,1.0686,4507.0,44716.0,EC1 Curncy,Future,CME,USD,0.0,6.25,125000.0,133575,1.0686,1.0752,0.008348097587673093,94
14/05/1999,1.0684,1.0761,1.0659,1.0672,14611.0,45830.0,EC1 Curncy,Future,CME,USD,0.0,6.25,125000.0,133400,1.0672,1.0738,0.007947144141135228,95
17/05/1999,1.0693,1.0707,1.0668,1.0688,2242.0,45431.0,EC1 Curncy,Future,CME,USD,0.0,6.25,125000.0,133600,1.0688,1.0754,0.00725597454975186,96
18/05/1999,1.0692,1.0728,1.0675,1.0705,3978.0,44849.0,EC1 Curncy,Future,CME,USD,0.0,6.25,125000.0,133813,1.0705,1.0772,0.006896972765881664,97
19/05/1999,1.0697,1.0708,1.0644,1.0676,4897.0,44939.0,EC1 Curncy,Future,CME,USD,0.0,6.25,125000.0,133450,1.0676,1.0743,0.006262142870720312,98
20/05/1999,1.0681,1.073,1.063,1.0646,4097.0,45182.0,EC1 Curncy,Future,CME,USD,0.0,6.25,125000.0,133075,1.0646,1.0713,0.006236283615528816,99
21/05/1999,1.0646,1.0646,1.0563,1.0594,9251.0,47594.0,EC1 Curncy,Future,CME,USD,0.0,6.25,125000.0,132425,1.0594,1.066,0.006355818856238197,100
24/05/1999,1.057,1.0622,1.0563,1.0606,4720.0,45808.0,EC1 Curncy,Future,CME,USD,0.0,6.25,125000.0,132575,1.0606,1.0672,0.00653183996537828,101
25/05/1999,1.0611,1.0657,1.058,1.0607,8137.0,47196.0,EC1 Curncy,Future,CME,USD,0.0,6.25,125000.0,132588,1.0607,1.0673,0.00668437232156564,102
26/05/1999,1.063,1.0635,1.0472,1.0481,14840.0,53744.0,EC1 Curncy,Future,CME,USD,0.0,6.25,125000.0,131013,1.0481,1.0547,0.00774365331524117,103
27/05/1999,1.0459,1.0499,1.0416,1.0453,8163.0,53529.0,EC1 Curncy,Future,CME,USD,0.0,6.25,125000.0,130663,1.0453,1.0519,0.008873458551582076,104
28/05/1999,1.047,1.0513,1.0405,1.0453,9954.0,55805.0,EC1 Curncy,Future,CME,USD,0.0,6.25,125000.0,130663,1.0453,1.0519,0.009808074904552433,105
31/05/1999,1.0463,1.0491,1.0434,1.0411,845.0,55805.0,EC1 Curncy,Future,CME,USD,0.0,6.25,125000.0,130138,1.0411,1.0477,0.010936419279940037,106
01/06/1999,1.0437,1.0491,1.042,1.0457,4912.0,55370.0,EC1 Curncy,Future,CME,USD,0.0,6.25,125000.0,130713,1.0457,1.0523,0.01150522634863435,107
02/06/1999,1.0458,1.0469,1.0338,1.0356,8743.0,54653.0,EC1 Curncy,Future,CME,USD,0.0,6.25,125000.0,129450,1.0356,1.0421,0.012785001629512701,108
03/06/1999,1.036,1.042,1.0312,1.0331,11095.0,52007.0,EC1 Curncy,Future,CME,USD,0.0,6.25,125000.0,129138,1.0331,1.0396,0.014067300143713024,109
04/06/1999,1.0336,1.0382,1.0281,1.0378,12964.0,45451.0,EC1 Curncy,Future,CME,USD,0.0,6.25,125000.0,129725,1.0378,1.0443,0.014829574055469063,110
07/06/1999,1.0418,1.0418,1.034,1.0354,9596.0,42452.0,EC1 Curncy,Future,CME,USD,0.0,6.25,125000.0,129425,1.029,1.0354,0.015644381313003088,111
08/06/1999,1.036,1.0529,1.0335,1.0527,17184.0,37102.0,EC1 Curncy,Future,CME,USD,0.0,6.25,125000.0,131588,1.0462,1.0527,0.0156319565847222,112
09/06/1999,1.053,1.0555,1.0496,1.0541,13244.0,32770.0,EC1 Curncy,Future,CME,USD,0.0,6.25,125000.0,131763,1.0476,1.0541,0.01516872000752336,113
10/06/1999,1.0543,1.0583,1.051,1.055,11719.0,32460.0,EC1 Curncy,Future,CME,USD,0.0,6.25,125000.0,131875,1.0483,1.055,0.014161522987775923,114
11/06/1999,1.0551,1.063,1.054,1.0609,8840.0,34959.0,EC1 Curncy,Future,CME,USD,0.0,6.25,125000.0,132613,1.0542,1.0609,0.013559132223952943,115
14/06/1999,1.0591,1.0591,1.0475,1.0489,12626.0,37084.0,EC1 Curncy,Future,CME,USD,0.0,6.25,125000.0,131113,1.0427,1.0489,0.012457784714786656,116
15/06/1999,1.0591,1.0591,1.0475,1.0561,12626.0,37275.0,EC1 Curncy,Future,CME,USD,0.0,6.25,125000.0,132013,1.0488,1.0561,0.011821319723278443,117
16/06/1999,1.0493,1.0499,1.0355,1.0378,17787.0,39445.0,EC1 Curncy,Future,CME,USD,0.0,6.25,125000.0,129725,1.0378,1.0451,0.011916685780869268,118
17/06/1999,1.0373,1.0419,1.0352,1.0404,11030.0,39165.0,EC1 Curncy,Future,CME,USD,0.0,6.25,125000.0,130050,1.0404,1.0477,0.011694939076368522,119
18/06/1999,1.0403,1.0485,1.0355,1.0449,10806.0,37781.0,EC1 Curncy,Future,CME,USD,0.0,6.25,125000.0,130613,1.0449,1.0522,0.011308134240447059,120
21/06/1999,1.0445,1.0476,1.0371,1.0408,9715.0,39732.0,EC1 Curncy,Future,CME,USD,0.0,6.25,125000.0,130100,1.0408,1.0481,0.010829184333702337,121
22/06/1999,1.0412,1.0415,1.0355,1.0383,5687.0,39102.0,EC1 Curncy,Future,CME,USD,0.0,6.25,125000.0,129788,1.0383,1.0455,0.010144987267938627,122
23/06/1999,1.0388,1.0408,1.0332,1.0388,8840.0,39065.0,EC1 Curncy,Future,CME,USD,0.0,6.25,125000.0,129850,1.0388,1.046,0.009488812711115976,123
24/06/1999,1.0393,1.0474,1.0366,1.0467,17227.0,39805.0,EC1 Curncy,Future,CME,USD,0.0,6.25,125000.0,130838,1.0467,1.0539,0.008773967175683364,124
25/06/1999,1.0459,1.053,1.0457,1.0489,10148.0,39553.0,EC1 Curncy,Future,CME,USD,0.0,6.25,125000.0,131113,1.0489,1.0561,0.008374962686482192,125
28/06/1999,1.0461,1.05,1.0408,1.041,6565.0,39909.0,EC1 Curncy,Future,CME,USD,0.0,6.25,125000.0,130125,1.041,1.0482,0.007864841596198997,126
29/06/1999,1.0415,1.0425,1.0381,1.0393,3145.0,39692.0,EC1 Curncy,Future,CME,USD,0.0,6.25,125000.0,129913,1.0393,1.0465,0.007264640390271802,127
30/06/1999,1.038,1.0417,1.0348,1.0399,5724.0,39701.0,EC1 Curncy,Future,CME,USD,0.0,6.25,125000.0,129988,1.0399,1.0469,0.007279487161421584,128
01/07/1999,1.0392,1.0443,1.026,1.0286,6111.0,44856.0,EC1 Curncy,Future,CME,USD,0.0,6.25,125000.0,128575,1.0286,1.0356,0.007908786253273525,129
02/07/1999,1.0284,1.0308,1.0265,1.0286,9722.0,45047.0,EC1 Curncy,Future,CME,USD,0.0,6.25,125000.0,128575,1.0286,1.0356,0.008436660081649705,130
05/07/1999,1.0297,1.0304,1.027,1.0297,167.0,45047.0,EC1 Curncy,Future,CME,USD,0.0,6.25,125000.0,128713,1.0297,1.0367,0.00883209110762007,131
06/07/1999,1.0285,1.0311,1.0239,1.0285,9722.0,45047.0,EC1 Curncy,Future,CME,USD,0.0,6.25,125000.0,128563,1.0285,1.0355,0.009222369543667622,132
07/07/1999,1.0283,1.0322,1.025,1.0277,5630.0,46191.0,EC1 Curncy,Future,CME,USD,0.0,6.25,125000.0,128463,1.0277,1.0347,0.009567962165475369,133
08/07/1999,1.0276,1.0276,1.0198,1.0257,14247.0,46870.0,EC1 Curncy,Future,CME,USD,0.0,6.25,125000.0,128213,1.0257,1.0327,0.009941202140584802,134
09/07/1999,1.0266,1.0288,1.0212,1.0221,13977.0,46272.0,EC1 Curncy,Future,CME,USD,0.0,6.25,125000.0,127763,1.0221,1.0291,0.010627900388441464,135
12/07/1999,1.0234,1.0249,1.016,1.0202,8650.0,47317.0,EC1 Curncy,Future,CME,USD,0.0,6.25,125000.0,127525,1.0202,1.0271,0.011338771244420657,136
13/07/1999,1.0191,1.0255,1.0156,1.0218,12662.0,45199.0,EC1 Curncy,Future,CME,USD,0.0,6.25,125000.0,127725,1.0218,1.0287,0.011558738397130564,137
14/07/1999,1.0211,1.0271,1.0174,1.0256,8153.0,43260.0,EC1 Curncy,Future,CME,USD,0.0,6.25,125000.0,128200,1.0256,1.0325,0.011368967997725212,138
15/07/1999,1.0256,1.0295,1.0228,1.0249,8786.0,44725.0,EC1 Curncy,Future,CME,USD,0.0,6.25,125000.0,128113,1.0249,1.0318,0.011021232538452006,139
16/07/1999,1.0245,1.0271,1.0229,1.0237,4075.0,44455.0,EC1 Curncy,Future,CME,USD,0.0,6.25,125000.0,127963,1.0237,1.0306,0.01001935959363837,140
19/07/1999,1.0225,1.038,1.0161,1.034,16827.0,46195.0,EC1 Curncy,Future,CME,USD,0.0,6.25,125000.0,129250,1.034,1.0408,0.009576316271578544,141
20/07/1999,1.0312,1.0477,1.0312,1.0453,17522.0,46198.0,EC1 Curncy,Future,CME,USD,0.0,6.25,125000.0,130663,1.0453,1.0521,0.008753595451772936,142
21/07/1999,1.0458,1.059,1.0433,1.0563,22049.0,44700.0,EC1 Curncy,Future,CME,USD,0.0,6.25,125000.0,132038,1.0563,1.0631,0.00982817887504938,143
22/07/1999,1.058,1.0615,1.0516,1.0561,10909.0,42957.0,EC1 Curncy,Future,CME,USD,0.0,6.25,125000.0,132013,1.0561,1.063,0.0106870825454518,144
23/07/1999,1.0557,1.0584,1.0494,1.0551,12070.0,44810.0,EC1 Curncy,Future,CME,USD,0.0,6.25,125000.0,131888,1.0551,1.062,0.011256497382991776,145
26/07/1999,1.0572,1.076,1.0557,1.07,27934.0,50139.0,EC1 Curncy,Future,CME,USD,0.0,6.25,125000.0,133750,1.07,1.0771,0.013179577636124562,146
27/07/1999,1.0696,1.0735,1.0648,1.0658,8480.0,50811.0,EC1 Curncy,Future,CME,USD,0.0,6.25,125000.0,133225,1.0658,1.0729,0.014411179688005019,147
28/07/1999,1.0659,1.0725,1.0628,1.0698,9215.0,51080.0,EC1 Curncy,Future,CME,USD,0.0,6.25,125000.0,133725,1.0698,1.0769,0.015772690533534084,148
29/07/1999,1.0698,1.0778,1.0687,1.076,17017.0,50245.0,EC1 Curncy,Future,CME,USD,0.0,6.25,125000.0,134500,1.076,1.0831,0.017374950359640432,149
30/07/1999,1.0756,1.0779,1.071,1.074,8177.0,49730.0,EC1 Curncy,Future,CME,USD,0.0,6.25,125000.0,134250,1.074,1.0811,0.01858279490998693,150
02/08/1999,1.0723,1.0742,1.0661,1.0721,12312.0,53538.0,EC1 Curncy,Future,CME,USD,0.0,6.25,125000.0,134013,1.0721,1.0792,0.019583703258916656,151
03/08/1999,1.0723,1.0735,1.0665,1.0717,7457.0,54387.0,EC1 Curncy,Future,CME,USD,0.0,6.25,125000.0,133963,1.0717,1.0788,0.0204219351025632,152
04/08/1999,1.0705,1.0822,1.0705,1.0806,15000.0,59282.0,EC1 Curncy,Future,CME,USD,0.0,6.25,125000.0,135075,1.0806,1.0879,0.02168713289794902,153
05/08/1999,1.0806,1.0855,1.0776,1.0787,11876.0,58331.0,EC1 Curncy,Future,CME,USD,0.0,6.25,125000.0,134838,1.0787,1.086,0.022378021211297963,154
06/08/1999,1.0789,1.0821,1.075,1.0787,11290.0,58533.0,EC1 Curncy,Future,CME,USD,0.0,6.25,125000.0,134838,1.0787,1.0862,0.02286598419778384,155
09/08/1999,1.076,1.0765,1.0709,1.0733,5046.0,58674.0,EC1 Curncy,Future,CME,USD,0.0,6.25,125000.0,134163,1.0733,1.0808,0.02296618746476291,156
10/08/1999,1.0741,1.0798,1.073,1.0737,6785.0,57824.0,EC1 Curncy,Future,CME,USD,0.0,6.25,125000.0,134213,1.0737,1.0812,0.0228912770868432,157
11/08/1999,1.0738,1.0755,1.0669,1.0683,12127.0,56952.0,EC1 Curncy,Future,CME,USD,0.0,6.25,125000.0,133538,1.0683,1.0758,0.022463989702038653,158
12/08/1999,1.0683,1.0695,1.0644,1.069,11421.0,57597.0,EC1 Curncy,Future,CME,USD,0.0,6.25,125000.0,133625,1.069,1.0765,0.021807386363339468,159
13/08/1999,1.0695,1.0718,1.0583,1.059,17600.0,54819.0,EC1 Curncy,Future,CME,USD,0.0,6.25,125000.0,132375,1.059,1.0664,0.02061425720223659,160
16/08/1999,1.0597,1.062,1.0569,1.059,10699.0,52443.0,EC1 Curncy,Future,CME,USD,0.0,6.25,125000.0,132375,1.059,1.0664,0.01907249328221043,161
17/08/1999,1.0602,1.0603,1.0512,1.0534,13587.0,55249.0,EC1 Curncy,Future,CME,USD,0.0,6.25,125000.0,131675,1.0534,1.0608,0.017462886359361142,162
18/08/1999,1.0539,1.0583,1.052,1.0549,8288.0,54673.0,EC1 Curncy,Future,CME,USD,0.0,6.25,125000.0,131863,1.0549,1.0623,0.015934916588003455,163
19/08/1999,1.0544,1.0665,1.048,1.0651,15615.0,54713.0,EC1 Curncy,Future,CME,USD,0.0,6.25,125000.0,133138,1.0651,1.0725,0.013970059651505662,164
20/08/1999,1.0662,1.0708,1.0647,1.0687,9526.0,53998.0,EC1 Curncy,Future,CME,USD,0.0,6.25,125000.0,133588,1.0687,1.0761,0.011291482040309223,165
23/08/1999,1.0689,1.0691,1.047,1.0519,16988.0,54596.0,EC1 Curncy,Future,CME,USD,0.0,6.25,125000.0,131488,1.0519,1.0594,0.009688008051191875,166
24/08/1999,1.0515,1.0568,1.0413,1.0547,11187.0,54372.0,EC1 Curncy,Future,CME,USD,0.0,6.25,125000.0,131838,1.0547,1.0621,0.009015906314210733,167
25/08/1999,1.0547,1.0562,1.0425,1.0439,15237.0,52498.0,EC1 Curncy,Future,CME,USD,0.0,6.25,125000.0,130488,1.0439,1.0513,0.009884541803575177,168
26/08/1999,1.0434,1.0484,1.0425,1.0461,6674.0,52010.0,EC1 Curncy,Future,CME,USD,0.0,6.25,125000.0,130763,1.0461,1.0535,0.010475566810438413,169
27/08/1999,1.0468,1.0496,1.0441,1.0471,4516.0,52518.0,EC1 Curncy,Future,CME,USD,0.0,6.25,125000.0,130888,1.0471,1.0545,0.010914401800677211,170
30/08/1999,1.0493,1.0496,1.045,1.0472,3607.0,51805.0,EC1 Curncy,Future,CME,USD,0.0,6.25,125000.0,130900,1.0472,1.0546,0.011421723454305269,171
31/08/1999,1.0478,1.0619,1.0475,1.0588,25777.0,57356.0,EC1 Curncy,Future,CME,USD,0.0,6.25,125000.0,132350,1.0588,1.0663,0.01146423859951577,172
01/09/1999,1.0581,1.0648,1.0568,1.0604,10181.0,56695.0,EC1 Curncy,Future,CME,USD,0.0,6.25,125000.0,132550,1.0604,1.0679,0.011414249865845804,173
02/09/1999,1.0598,1.0738,1.0563,1.0692,15508.0,55026.0,EC1 Curncy,Future,CME,USD,0.0,6.25,125000.0,133650,1.0692,1.0768,0.011181420601454354,174
03/09/1999,1.0698,1.0728,1.0594,1.0692,17318.0,52028.0,EC1 Curncy,Future,CME,USD,0.0,6.25,125000.0,133650,1.0692,1.0768,0.01102804455316662,175
06/09/1999,1.0586,1.0624,1.0579,1.0621,249.0,52028.0,EC1 Curncy,Future,CME,USD,0.0,6.25,125000.0,132763,1.0621,1.0697,0.01086390506831199,176
07/09/1999,1.0583,1.0624,1.0521,1.0594,28949.0,39519.0,EC1 Curncy,Future,CME,USD,0.0,6.25,125000.0,132425,1.0594,1.067,0.010711500050566933,177
08/09/1999,1.0675,1.0721,1.0646,1.0673,21736.0,33896.0,EC1 Curncy,Future,CME,USD,0.0,6.25,125000.0,133413,1.0598,1.0673,0.010064950736754553,178
09/09/1999,1.0673,1.0711,1.06,1.0613,20162.0,33627.0,EC1 Curncy,Future,CME,USD,0.0,6.25,125000.0,132663,1.0538,1.0613,0.009410974090565582,179
10/09/1999,1.0622,1.0637,1.042,1.043,26381.0,37806.0,EC1 Curncy,Future,CME,USD,0.0,6.25,125000.0,130375,1.0356,1.043,0.009300313614781956,180
13/09/1999,1.0439,1.0497,1.037,1.0487,13161.0,37414.0,EC1 Curncy,Future,CME,USD,0.0,6.25,125000.0,131088,1.0371,1.0487,0.009071341319413579,181
14/09/1999,1.0492,1.051,1.0394,1.0427,22688.0,36106.0,EC1 Curncy,Future,CME,USD,0.0,6.25,125000.0,130338,1.0427,1.0499,0.009019362505186751,182
15/09/1999,1.0425,1.0495,1.0358,1.0468,16102.0,36731.0,EC1 Curncy,Future,CME,USD,0.0,6.25,125000.0,130850,1.0468,1.054,0.008943157533367998,183
16/09/1999,1.0472,1.0541,1.042,1.0475,13839.0,38904.0,EC1 Curncy,Future,CME,USD,0.0,6.25,125000.0,130938,1.0475,1.0547,0.00870725176696441,184
17/09/1999,1.0469,1.0486,1.0432,1.0482,4913.0,38520.0,EC1 Curncy,Future,CME,USD,0.0,6.25,125000.0,131025,1.0482,1.0554,0.008793647328231081,185
20/09/1999,1.0488,1.0519,1.0449,1.0453,6130.0,39163.0,EC1 Curncy,Future,CME,USD,0.0,6.25,125000.0,130663,1.0453,1.0525,0.008963382917922601,186
21/09/1999,1.044,1.0568,1.0419,1.0552,23320.0,40710.0,EC1 Curncy,Future,CME,USD,0.0,6.25,125000.0,131900,1.0552,1.0625,0.008961274090959754,187
22/09/1999,1.0557,1.0605,1.0474,1.0512,21630.0,40129.0,EC1 Curncy,Future,CME,USD,0.0,6.25,125000.0,131400,1.0512,1.0585,0.008986424947291712,188
23/09/1999,1.0505,1.0532,1.0456,1.0498,10319.0,38555.0,EC1 Curncy,Future,CME,USD,0.0,6.25,125000.0,131225,1.0498,1.0572,0.008748024538906374,189
24/09/1999,1.0512,1.0603,1.0485,1.0515,13573.0,38619.0,EC1 Curncy,Future,CME,USD,0.0,6.25,125000.0,131438,1.0515,1.0589,0.008188101122969598,190
27/09/1999,1.0497,1.0541,1.0454,1.0536,11618.0,38759.0,EC1 Curncy,Future,CME,USD,0.0,6.25,125000.0,131700,1.0536,1.061,0.008184432376976988,191
28/09/1999,1.0538,1.0633,1.0511,1.0609,20687.0,42434.0,EC1 Curncy,Future,CME,USD,0.0,6.25,125000.0,132613,1.0609,1.0683,0.008324265733383053,192
29/09/1999,1.0607,1.0721,1.0575,1.0699,22315.0,43736.0,EC1 Curncy,Future,CME,USD,0.0,6.25,125000.0,133738,1.0699,1.0773,0.008696478214386918,193
30/09/1999,1.0705,1.0755,1.0673,1.0729,22081.0,47654.0,EC1 Curncy,Future,CME,USD,0.0,6.25,125000.0,134113,1.0729,1.0803,0.009252419503385961,194
01/10/1999,1.0743,1.0825,1.0727,1.0795,21254.0,51192.0,EC1 Curncy,Future,CME,USD,0.0,6.25,125000.0,134938,1.0795,1.0869,0.010233966321355254,195
04/10/1999,1.0772,1.0833,1.0745,1.0794,10216.0,52189.0,EC1 Curncy,Future,CME,USD,0.0,6.25,125000.0,134925,1.0794,1.0868,0.010967038494201473,196
05/10/1999,1.0793,1.081,1.0724,1.0807,9757.0,52604.0,EC1 Curncy,Future,CME,USD,0.0,6.25,125000.0,135088,1.0807,1.0881,0.011859297337249584,197
06/10/1999,1.08,1.0828,1.0736,1.0743,9222.0,52475.0,EC1 Curncy,Future,CME,USD,0.0,6.25,125000.0,134288,1.0743,1.0817,0.012245838749004798,198
07/10/1999,1.0749,1.0798,1.0711,1.0761,7787.0,52907.0,EC1 Curncy,Future,CME,USD,0.0,6.25,125000.0,134513,1.0761,1.0835,0.012545683188516558,199
08/10/1999,1.0763,1.0769,1.0653,1.0664,368.0,51534.0,EC1 Curncy,Future,CME,USD,0.0,6.25,125000.0,133300,1.0664,1.0835,0.012471103934026609,200
11/10/1999,1.0666,1.0703,1.0662,1.0685,2475.0,50904.0,EC1 Curncy,Future,CME,USD,0.0,6.25,125000.0,133563,1.0685,1.0738,0.01258654969931369,201
12/10/1999,1.069,1.081,1.0681,1.0807,17033.0,55105.0,EC1 Curncy,Future,CME,USD,0.0,6.25,125000.0,135088,1.0807,1.088,0.013247518006528325,202
13/10/1999,1.0815,1.0855,1.0784,1.0836,15972.0,58787.0,EC1 Curncy,Future,CME,USD,0.0,6.25,125000.0,135450,1.0836,1.0909,0.01395985076328867,203
14/10/1999,1.084,1.0876,1.0798,1.0834,15069.0,61851.0,EC1 Curncy,Future,CME,USD,0.0,6.25,125000.0,135425,1.0834,1.0906,0.014629790383550383,204
15/10/1999,1.0826,1.0958,1.0812,1.094,15083.0,66049.0,EC1 Curncy,Future,CME,USD,0.0,6.25,125000.0,136750,1.094,1.1012,0.015351050995505842,205
18/10/1999,1.0946,1.0948,1.0873,1.0884,9489.0,65941.0,EC1 Curncy,Future,CME,USD,0.0,6.25,125000.0,136050,1.0884,1.0956,0.015705147776019796,206
19/10/1999,1.0879,1.0894,1.0819,1.0883,9930.0,67756.0,EC1 Curncy,Future,CME,USD,0.0,6.25,125000.0,136038,1.0883,1.0955,0.015530939014322937,207
20/10/1999,1.0878,1.0883,1.077,1.0783,13259.0,65909.0,EC1 Curncy,Future,CME,USD,0.0,6.25,125000.0,134788,1.0783,1.0855,0.015021969466971288,208
21/10/1999,1.0789,1.0871,1.0781,1.0859,8120.0,66261.0,EC1 Curncy,Future,CME,USD,0.0,6.25,125000.0,135738,1.0859,1.0931,0.014680230470487077,209
22/10/1999,1.0848,1.0851,1.0693,1.0707,24766.0,59108.0,EC1 Curncy,Future,CME,USD,0.0,6.25,125000.0,133838,1.0707,1.0779,0.01391704590301465,210
25/10/1999,1.073,1.0742,1.0678,1.0699,11319.0,58703.0,EC1 Curncy,Future,CME,USD,0.0,6.25,125000.0,133738,1.0699,1.0771,0.012810096278584959,211
26/10/1999,1.0712,1.073,1.0599,1.0621,21181.0,55182.0,EC1 Curncy,Future,CME,USD,0.0,6.25,125000.0,132763,1.0621,1.069,0.012491663887033464,212
27/10/1999,1.0625,1.0673,1.051,1.0535,31452.0,49756.0,EC1 Curncy,Future,CME,USD,0.0,6.25,125000.0,131688,1.0535,1.0604,0.012333420720409069,213
28/10/1999,1.054,1.0576,1.0501,1.0554,15471.0,50542.0,EC1 Curncy,Future,CME,USD,0.0,6.25,125000.0,131925,1.0554,1.0622,0.011941164097354542,214
29/10/1999,1.0551,1.059,1.0465,1.0573,15628.0,51175.0,EC1 Curncy,Future,CME,USD,0.0,6.25,125000.0,132163,1.0573,1.0641,0.011553755522193456,215
01/11/1999,1.0583,1.0623,1.0513,1.0537,15020.0,51474.0,EC1 Curncy,Future,CME,USD,0.0,6.25,125000.0,131713,1.0537,1.0605,0.011546648864495234,216
02/11/1999,1.0538,1.0592,1.0514,1.0548,9091.0,52450.0,EC1 Curncy,Future,CME,USD,0.0,6.25,125000.0,131850,1.0548,1.0615,0.011880373170343425,217
03/11/1999,1.0548,1.0557,1.0485,1.0508,15163.0,49874.0,EC1 Curncy,Future,CME,USD,0.0,6.25,125000.0,131350,1.0508,1.0574,0.012682339426670589,218
04/11/1999,1.0525,1.0566,1.0374,1.0385,20756.0,51822.0,EC1 Curncy,Future,CME,USD,0.0,6.25,125000.0,129813,1.0385,1.0451,0.014372970001590425,219
05/11/1999,1.04,1.046,1.0389,1.0445,21594.0,49311.0,EC1 Curncy,Future,CME,USD,0.0,6.25,125000.0,130563,1.0445,1.051,0.015188721692974033,220
08/11/1999,1.0464,1.0484,1.037,1.0411,13707.0,50982.0,EC1 Curncy,Future,CME,USD,0.0,6.25,125000.0,130138,1.0411,1.0476,0.016062141824798933,221
09/11/1999,1.0411,1.0457,1.0392,1.0417,11742.0,53950.0,EC1 Curncy,Future,CME,USD,0.0,6.25,125000.0,130213,1.0417,1.0482,0.016663565044730263,222
10/11/1999,1.0426,1.0475,1.0408,1.0467,8071.0,53038.0,EC1 Curncy,Future,CME,USD,0.0,6.25,125000.0,130838,1.0467,1.0532,0.017033778206844107,223
11/11/1999,1.0476,1.0476,1.041,1.0467,4042.0,52149.0,EC1 Curncy,Future,CME,USD,0.0,6.25,125000.0,130838,1.0467,1.0532,0.017275427635805665,224
12/11/1999,1.0438,1.0438,1.031,1.034,25076.0,59356.0,EC1 Curncy,Future,CME,USD,0.0,6.25,125000.0,129250,1.034,1.0406,0.018288794383445814,225
15/11/1999,1.0344,1.0357,1.0317,1.0337,10709.0,61430.0,EC1 Curncy,Future,CME,USD,0.0,6.25,125000.0,129213,1.0337,1.0403,0.019148932085104906,226
16/11/1999,1.0343,1.0374,1.0318,1.0344,13064.0,58710.0,EC1 Curncy,Future,CME,USD,0.0,6.25,125000.0,129300,1.0344,1.041,0.019451993899511372,227
17/11/1999,1.0335,1.0454,1.0312,1.0426,19625.0,58238.0,EC1 Curncy,Future,CME,USD,0.0,6.25,125000.0,130325,1.0426,1.0493,0.019073840724929042,228
18/11/1999,1.043,1.0454,1.028,1.031,19956.0,60550.0,EC1 Curncy,Future,CME,USD,0.0,6.25,125000.0,128875,1.031,1.0376,0.019047265770532416,229
19/11/1999,1.0305,1.0349,1.0262,1.0326,10858.0,62420.0,EC1 Curncy,Future,CME,USD,0.0,6.25,125000.0,129075,1.0326,1.0392,0.01785368496043968,230
22/11/1999,1.0325,1.0356,1.031,1.033,6862.0,63246.0,EC1 Curncy,Future,CME,USD,0.0,6.25,125000.0,129125,1.033,1.0396,0.016740149342224044,231
23/11/1999,1.0333,1.0348,1.0272,1.0285,15804.0,64999.0,EC1 Curncy,Future,CME,USD,0.0,6.25,125000.0,128563,1.0285,1.0352,0.015447709646847272,232
24/11/1999,1.0297,1.03,1.017,1.0285,16988.0,67950.0,EC1 Curncy,Future,CME,USD,0.0,6.25,125000.0,128563,1.0285,1.0352,0.014684710869925191,233
25/11/1999,1.0204,1.0225,1.0176,1.0181,743.0,67950.0,EC1 Curncy,Future,CME,USD,0.0,6.25,125000.0,127263,1.0181,1.0248,0.013377628090708013,234
26/11/1999,1.0192,1.0225,1.009,1.0175,17759.0,67403.0,EC1 Curncy,Future,CME,USD,0.0,6.25,125000.0,127188,1.0175,1.0242,0.013208875803790692,235
29/11/1999,1.016,1.0207,1.0047,1.0113,13594.0,67390.0,EC1 Curncy,Future,CME,USD,0.0,6.25,125000.0,126413,1.0113,1.0181,0.013255376267762709,236
30/11/1999,1.0106,1.0154,1.0055,1.0095,13921.0,66148.0,EC1 Curncy,Future,CME,USD,0.0,6.25,125000.0,126188,1.0095,1.0163,0.013714994227728749,237
01/12/1999,1.0097,1.0134,1.0055,1.0095,10709.0,66804.0,EC1 Curncy,Future,CME,USD,0.0,6.25,125000.0,126188,1.0095,1.0163,0.014392813021318387,238
02/12/1999,1.009,1.0114,1.0017,1.0032,24609.0,61138.0,EC1 Curncy,Future,CME,USD,0.0,6.25,125000.0,125400,1.0032,1.0099,0.015197245364428113,239
03/12/1999,1.0019,1.0048,1.0,1.0029,13857.0,59758.0,EC1 Curncy,Future,CME,USD,0.0,6.25,125000.0,125363,1.0029,1.0096,0.015571478200007175,240
06/12/1999,1.0093,1.034,1.0076,1.0297,23552.0,56058.0,EC1 Curncy,Future,CME,USD,0.0,6.25,125000.0,128713,1.0228,1.0297,0.01487329598082747,241
07/12/1999,1.0296,1.0365,1.0271,1.032,16200.0,49273.0,EC1 Curncy,Future,CME,USD,0.0,6.25,125000.0,129000,1.0251,1.032,0.014000476182376747,242
08/12/1999,1.0329,1.0359,1.0298,1.0347,21129.0,41510.0,EC1 Curncy,Future,CME,USD,0.0,6.25,125000.0,129338,1.0278,1.0347,0.013343377883178553,243
09/12/1999,1.035,1.0353,1.0227,1.0283,31499.0,48852.0,EC1 Curncy,Future,CME,USD,0.0,6.25,125000.0,128538,1.0214,1.0283,0.013197080485217116,244
10/12/1999,1.0285,1.0293,1.0183,1.019,17877.0,53307.0,EC1 Curncy,Future,CME,USD,0.0,6.25,125000.0,127375,1.0121,1.019,0.012901353934114752,245
13/12/1999,1.0199,1.023,1.0176,1.0209,7539.0,54261.0,EC1 Curncy,Future,CME,USD,0.0,6.25,125000.0,127613,1.0114,1.0209,0.01265128451976181,246
14/12/1999,1.021,1.0219,1.0098,1.0123,10923.0,55459.0,EC1 Curncy,Future,CME,USD,0.0,6.25,125000.0,126538,1.0123,1.0191,0.01257475248265208,247
15/12/1999,1.0125,1.0156,1.0079,1.0137,9380.0,51971.0,EC1 Curncy,Future,CME,USD,0.0,6.25,125000.0,126713,1.0137,1.0205,0.011988552873469106,248
16/12/1999,1.0135,1.0256,1.0132,1.0233,22327.0,49591.0,EC1 Curncy,Future,CME,USD,0.0,6.25,125000.0,127913,1.0233,1.0301,0.011043350940722842,249
17/12/1999,1.022,1.0311,1.0126,1.0146,17843.0,47387.0,EC1 Curncy,Future,CME,USD,0.0,6.25,125000.0,126825,1.0146,1.0214,0.010946305312751144,250
20/12/1999,1.0154,1.0196,1.0106,1.0181,4174.0,46682.0,EC1 Curncy,Future,CME,USD,0.0,6.25,125000.0,127263,1.0181,1.0249,0.010729193818734179,251
21/12/1999,1.0192,1.0209,1.0141,1.0151,7354.0,46394.0,EC1 Curncy,Future,CME,USD,0.0,6.25,125000.0,126888,1.0151,1.0219,0.010489060968454868,252
22/12/1999,1.0152,1.0172,1.0125,1.0153,10445.0,47735.0,EC1 Curncy,Future,CME,USD,0.0,6.25,125000.0,126913,1.0153,1.0221,0.00954661720191832,253
23/12/1999,1.0151,1.0242,1.0135,1.0153,12743.0,48035.0,EC1 Curncy,Future,CME,USD,0.0,6.25,125000.0,126913,1.0153,1.0221,0.009313533164162913,254
24/12/1999,1.0151,1.0242,1.0135,1.021,12743.0,48035.0,EC1 Curncy,Future,CME,USD,0.0,6.25,125000.0,127625,1.021,1.0279,0.008912786694778966,255
27/12/1999,1.0203,1.021,1.0176,1.0189,5258.0,47346.0,EC1 Curncy,Future,CME,USD,0.0,6.25,125000.0,127363,1.0189,1.0258,0.0084234355619681,256
28/12/1999,1.0191,1.02,1.01,1.012,13440.0,53858.0,EC1 Curncy,Future,CME,USD,0.0,6.25,125000.0,126500,1.012,1.019,0.008247591567641347,257
29/12/1999,1.0129,1.0157,1.0092,1.0109,6945.0,55041.0,EC1 Curncy,Future,CME,USD,0.0,6.25,125000.0,126363,1.0109,1.0177,0.008043769845867998,258
30/12/1999,1.01,1.0145,1.0075,1.014,6224.0,54021.0,EC1 Curncy,Future,CME,USD,0.0,6.25,125000.0,126750,1.014,1.0208,0.008063963045547885,259
31/12/1999,1.013,1.017,1.0108,1.016,1056.0,53965.0,EC1 Curncy,Future,CME,USD,0.0,6.25,125000.0,127000,1.016,1.0228,0.008065048046971694,260
03/01/2000,1.0148,1.0333,1.0105,1.0329,32233.0,54297.0,EC1 Curncy,Future,CME,USD,0.0,6.25,125000.0,129113,1.0329,1.0397,0.008584835467262127,261
04/01/2000,1.0323,1.0395,1.0266,1.0352,30619.0,52522.0,EC1 Curncy,Future,CME,USD,0.0,6.25,125000.0,129400,1.0352,1.0422,0.009083277675668343,262
05/01/2000,1.035,1.0454,1.0337,1.0369,27849.0,55546.0,EC1 Curncy,Future,CME,USD,0.0,6.25,125000.0,129613,1.0369,1.0439,0.009560906512109335,263
06/01/2000,1.0365,1.0464,1.0326,1.0349,22777.0,56235.0,EC1 Curncy,Future,CME,USD,0.0,6.25,125000.0,129363,1.0349,1.0419,0.009360986415257105,264
07/01/2000,1.0363,1.0384,1.0305,1.0332,11912.0,56056.0,EC1 Curncy,Future,CME,USD,0.0,6.25,125000.0,129150,1.0332,1.0403,0.008851907515706888,265
10/01/2000,1.0348,1.0348,1.0263,1.0304,14380.0,59664.0,EC1 Curncy,Future,CME,USD,0.0,6.25,125000.0,128800,1.0304,1.0375,0.008877268724104357,266
11/01/2000,1.0304,1.038,1.0295,1.0373,18578.0,63739.0,EC1 Curncy,Future,CME,USD,0.0,6.25,125000.0,129663,1.0373,1.0444,0.009175452759035647,267
12/01/2000,1.0378,1.0414,1.031,1.0359,24427.0,65729.0,EC1 Curncy,Future,CME,USD,0.0,6.25,125000.0,129488,1.0359,1.0431,0.00924444337606624,268
13/01/2000,1.0365,1.0365,1.028,1.03,29775.0,66060.0,EC1 Curncy,Future,CME,USD,0.0,6.25,125000.0,128750,1.03,1.0372,0.009294114625214622,269
14/01/2000,1.0299,1.0316,1.0155,1.03,37618.0,61233.0,EC1 Curncy,Future,CME,USD,0.0,6.25,125000.0,128750,1.03,1.0372,0.009372489886184377,270
17/01/2000,1.0166,1.0185,1.0113,1.0185,2191.0,61233.0,EC1 Curncy,Future,CME,USD,0.0,6.25,125000.0,127313,1.0185,1.0257,0.009408441245319463,271
18/01/2000,1.0162,1.0185,1.0113,1.0163,27547.0,61879.0,EC1 Curncy,Future,CME,USD,0.0,6.25,125000.0,127038,1.0163,1.0235,0.00925109543063028,272
19/01/2000,1.0168,1.0207,1.0127,1.0164,9966.0,62650.0,EC1 Curncy,Future,CME,USD,0.0,6.25,125000.0,127050,1.0164,1.0236,0.00915093255721123,273
20/01/2000,1.0168,1.0224,1.0113,1.0205,18197.0,61429.0,EC1 Curncy,Future,CME,USD,0.0,6.25,125000.0,127563,1.0205,1.0277,0.009168000509014776,274
21/01/2000,1.0201,1.023,1.0086,1.0136,15633.0,63167.0,EC1 Curncy,Future,CME,USD,0.0,6.25,125000.0,126700,1.0136,1.0208,0.009209102381156832,275
24/01/2000,1.0079,1.0105,1.0037,1.0079,20528.0,64759.0,EC1 Curncy,Future,CME,USD,0.0,6.25,125000.0,125988,1.0079,1.0151,0.00965694396103801,276
25/01/2000,1.0097,1.0128,1.003,1.0053,15429.0,65134.0,EC1 Curncy,Future,CME,USD,0.0,6.25,125000.0,125663,1.0053,1.0124,0.010165344722796916,277
26/01/2000,1.0051,1.009,1.003,1.0048,10821.0,66414.0,EC1 Curncy,Future,CME,USD,0.0,6.25,125000.0,125600,1.0048,1.0119,0.010672756594867857,278
27/01/2000,1.0048,1.0058,0.9901,0.9908,26472.0,76941.0,EC1 Curncy,Future,CME,USD,0.0,6.25,125000.0,123850,0.9908,0.9977,0.012306166475929676,279
28/01/2000,0.9914,0.992,0.9768,0.9803,21489.0,76287.0,EC1 Curncy,Future,CME,USD,0.0,6.25,125000.0,122538,0.9803,0.9872,0.014748267694884125,280
31/01/2000,0.9811,0.986,0.9698,0.9725,21793.0,74487.0,EC1 Curncy,Future,CME,USD,0.0,6.25,125000.0,121563,0.9725,0.9794,0.017471071327577373,281
01/02/2000,0.9736,0.9808,0.97,0.9761,12869.0,73866.0,EC1 Curncy,Future,CME,USD,0.0,6.25,125000.0,122013,0.9761,0.983,0.01931644981183904,282
02/02/2000,0.976,0.9828,0.9723,0.9784,16000.0,75406.0,EC1 Curncy,Future,CME,USD,0.0,6.25,125000.0,122300,0.9784,0.9853,0.02071841531906571,283
03/02/2000,0.9789,0.9973,0.9736,0.9927,23716.0,76719.0,EC1 Curncy,Future,CME,USD,0.0,6.25,125000.0,124088,0.9927,0.9996,0.021182196140468932,284
04/02/2000,0.9925,0.9964,0.9776,0.985,19299.0,72861.0,EC1 Curncy,Future,CME,USD,0.0,6.25,125000.0,123125,0.985,0.9919,0.021946026975285617,285
07/02/2000,0.9856,0.9856,0.9779,0.9826,8391.0,70785.0,EC1 Curncy,Future,CME,USD,0.0,6.25,125000.0,122825,0.9826,0.9895,0.022313112736683897,286
08/02/2000,0.983,0.9936,0.981,0.9881,14020.0,68899.0,EC1 Curncy,Future,CME,USD,0.0,6.25,125000.0,123513,0.9881,0.995,0.022138990491889343,287
09/02/2000,0.9885,0.999,0.9873,0.9945,18597.0,66716.0,EC1 Curncy,Future,CME,USD,0.0,6.25,125000.0,124313,0.9945,1.0014,0.0215065687639839,288
10/02/2000,0.9947,0.9981,0.9853,0.9883,16748.0,66288.0,EC1 Curncy,Future,CME,USD,0.0,6.25,125000.0,123538,0.9883,0.9952,0.02100488593954519,289
11/02/2000,0.9892,0.9899,0.9809,0.989,11175.0,66397.0,EC1 Curncy,Future,CME,USD,0.0,6.25,125000.0,123625,0.989,0.9959,0.020399242632999196,290
14/02/2000,0.9893,0.9935,0.9796,0.9832,16538.0,64749.0,EC1 Curncy,Future,CME,USD,0.0,6.25,125000.0,122900,0.9832,0.9901,0.019976840757903656,291
15/02/2000,0.982,0.9879,0.9781,0.9831,11111.0,65152.0,EC1 Curncy,Future,CME,USD,0.0,6.25,125000.0,122888,0.9831,0.99,0.018840738662093615,292
16/02/2000,0.9834,0.9888,0.9807,0.9883,9086.0,64155.0,EC1 Curncy,Future,CME,USD,0.0,6.25,125000.0,123538,0.9883,0.9952,0.017338687954974487,293
17/02/2000,0.9884,0.9978,0.9852,0.9901,13235.0,63926.0,EC1 Curncy,Future,CME,USD,0.0,6.25,125000.0,123763,0.9901,0.997,0.016002346702905134,294
18/02/2000,0.9896,0.9913,0.9826,0.9901,9211.0,64210.0,EC1 Curncy,Future,CME,USD,0.0,6.25,125000.0,123763,0.9901,0.997,0.01436013231136749,295
21/02/2000,0.9865,0.9901,0.9858,0.9862,884.0,64210.0,EC1 Curncy,Future,CME,USD,0.0,6.25,125000.0,123275,0.9862,0.9931,0.01351622111883775,296
22/02/2000,0.9892,1.0094,0.9858,1.0063,35312.0,67789.0,EC1 Curncy,Future,CME,USD,0.0,6.25,125000.0,125788,1.0063,1.0132,0.012932191100762836,297
23/02/2000,1.0047,1.0104,1.0023,1.0041,14293.0,65940.0,EC1 Curncy,Future,CME,USD,0.0,6.25,125000.0,125513,1.0041,1.0108,0.012200871553567395,298
24/02/2000,1.0043,1.005,0.9899,0.9954,16588.0,66007.0,EC1 Curncy,Future,CME,USD,0.0,6.25,125000.0,124425,0.9954,1.0021,0.010705128054659202,299
25/02/2000,0.9942,0.9954,0.9735,0.9752,24691.0,66385.0,EC1 Curncy,Future,CME,USD,0.0,6.25,125000.0,121900,0.9752,0.9818,0.01007371662628314,300
28/02/2000,0.975,0.9752,0.944,0.9727,21555.0,63459.0,EC1 Curncy,Future,CME,USD,0.0,6.25,125000.0,121588,0.9727,0.9792,0.009857073602240606,301
29/02/2000,0.9725,0.9843,0.9632,0.9672,13222.0,61984.0,EC1 Curncy,Future,CME,USD,0.0,6.25,125000.0,120900,0.9672,0.9737,0.010034565262132214,302
01/03/2000,0.966,0.9775,0.9627,0.9751,12047.0,61282.0,EC1 Curncy,Future,CME,USD,0.0,6.25,125000.0,121888,0.9751,0.9816,0.009535779989072323,303
02/03/2000,0.9744,0.9797,0.962,0.967,15304.0,62935.0,EC1 Curncy,Future,CME,USD,0.0,6.25,125000.0,120875,0.967,0.9735,0.010144086947576578,304
03/03/2000,0.9661,0.9684,0.9596,0.9621,15110.0,57336.0,EC1 Curncy,Future,CME,USD,0.0,6.25,125000.0,120263,0.9621,0.9685,0.011066229409032145,305
06/03/2000,0.9637,0.9764,0.9637,0.9659,24019.0,51032.0,EC1 Curncy,Future,CME,USD,0.0,6.25,125000.0,120738,0.9596,0.9659,0.011418468957497251,306
07/03/2000,0.9658,0.969,0.9595,0.9639,18293.0,46111.0,EC1 Curncy,Future,CME,USD,0.0,6.25,125000.0,120488,0.9576,0.9639,0.011992740859925605,307
08/03/2000,0.9643,0.9698,0.9588,0.9679,18678.0,40874.0,EC1 Curncy,Future,CME,USD,0.0,6.25,125000.0,120988,0.9616,0.9679,0.012338692529329428,308
09/03/2000,0.9675,0.9762,0.9657,0.9742,30786.0,43671.0,EC1 Curncy,Future,CME,USD,0.0,6.25,125000.0,121775,0.9679,0.9742,0.012259724031695451,309
10/03/2000,0.9738,0.9753,0.9661,0.9693,20827.0,48706.0,EC1 Curncy,Future,CME,USD,0.0,6.25,125000.0,121163,0.9631,0.9693,0.012489993327993889,310
13/03/2000,0.9686,0.9793,0.9677,0.9708,17860.0,52149.0,EC1 Curncy,Future,CME,USD,0.0,6.25,125000.0,121350,0.9691,0.9708,0.012656421295137076,311
14/03/2000,0.9715,0.9744,0.9655,0.9733,13719.0,50440.0,EC1 Curncy,Future,CME,USD,0.0,6.25,125000.0,121663,0.9733,0.9792,0.01264296642406362,312
15/03/2000,0.9736,0.9773,0.97,0.9741,11344.0,50539.0,EC1 Curncy,Future,CME,USD,0.0,6.25,125000.0,121763,0.9741,0.98,0.01233120432074666,313
16/03/2000,0.9737,0.98,0.9708,0.9775,16238.0,50826.0,EC1 Curncy,Future,CME,USD,0.0,6.25,125000.0,122188,0.9775,0.9834,0.012191595465729729,314
17/03/2000,0.9764,0.9791,0.9718,0.9787,10872.0,51858.0,EC1 Curncy,Future,CME,USD,0.0,6.25,125000.0,122338,0.9787,0.9846,0.012008008438815694,315
20/03/2000,0.978,0.9804,0.9745,0.9793,7001.0,51144.0,EC1 Curncy,Future,CME,USD,0.0,6.25,125000.0,122413,0.9793,0.9852,0.011969242526854787,316
21/03/2000,0.9792,0.9795,0.9692,0.9704,17221.0,50807.0,EC1 Curncy,Future,CME,USD,0.0,6.25,125000.0,121300,0.9704,0.9763,0.012026930891406582,317
22/03/2000,0.9703,0.9704,0.9635,0.966,13900.0,51643.0,EC1 Curncy,Future,CME,USD,0.0,6.25,125000.0,120750,0.966,0.9719,0.012042989662040093,318
23/03/2000,0.9663,0.9788,0.9657,0.9776,23503.0,50570.0,EC1 Curncy,Future,CME,USD,0.0,6.25,125000.0,122200,0.9776,0.9835,0.011728004945428925,319
24/03/2000,0.9773,0.9829,0.973,0.9807,15949.0,51154.0,EC1 Curncy,Future,CME,USD,0.0,6.25,125000.0,122588,0.9807,0.9866,0.011417453014282087,320
27/03/2000,0.982,0.9843,0.9688,0.971,18750.0,51519.0,EC1 Curncy,Future,CME,USD,0.0,6.25,125000.0,121375,0.971,0.977,0.011257239152356135,321
28/03/2000,0.9724,0.9754,0.9653,0.9669,9781.0,51879.0,EC1 Curncy,Future,CME,USD,0.0,6.25,125000.0,120863,0.9669,0.973,0.00935183226253952,322
29/03/2000,0.9662,0.9666,0.953,0.956,17360.0,54212.0,EC1 Curncy,Future,CME,USD,0.0,6.25,125000.0,119500,0.956,0.9621,0.007665317997318207,323
30/03/2000,0.9573,0.9675,0.956,0.9662,15537.0,52873.0,EC1 Curncy,Future,CME,USD,0.0,6.25,125000.0,120775,0.9662,0.9722,0.005978921307394132,324
31/03/2000,0.9663,0.968,0.958,0.9607,9897.0,53871.0,EC1 Curncy,Future,CME,USD,0.0,6.25,125000.0,120088,0.9607,0.9667,0.006228362545646491,325
03/04/2000,0.9615,0.9653,0.9554,0.963,14216.0,52818.0,EC1 Curncy,Future,CME,USD,0.0,6.25,125000.0,120375,0.963,0.969,0.006365461491519082,326
04/04/2000,0.9635,0.9805,0.9565,0.9686,23881.0,54727.0,EC1 Curncy,Future,CME,USD,0.0,6.25,125000.0,121075,0.9686,0.9746,0.006347842153047938,327
05/04/2000,0.9659,0.9759,0.9638,0.9677,15692.0,53773.0,EC1 Curncy,Future,CME,USD,0.0,6.25,125000.0,120963,0.9677,0.9737,0.0062647239896646,328
06/04/2000,0.9663,0.969,0.9613,0.9648,10366.0,54008.0,EC1 Curncy,Future,CME,USD,0.0,6.25,125000.0,120600,0.9648,0.9708,0.00631729636263377,329
07/04/2000,0.9622,0.966,0.9582,0.9592,8628.0,52061.0,EC1 Curncy,Future,CME,USD,0.0,6.25,125000.0,119900,0.9592,0.9652,0.006482612642035555,330
10/04/2000,0.9591,0.9671,0.9578,0.9658,10643.0,52732.0,EC1 Curncy,Future,CME,USD,0.0,6.25,125000.0,120725,0.9658,0.9718,0.006484859289145181,331
11/04/2000,0.9664,0.9689,0.9607,0.9632,17393.0,55641.0,EC1 Curncy,Future,CME,USD,0.0,6.25,125000.0,120400,0.9632,0.9692,0.006510803841821627,332
12/04/2000,0.9633,0.9645,0.9562,0.9604,12702.0,56526.0,EC1 Curncy,Future,CME,USD,0.0,6.25,125000.0,120050,0.9604,0.9664,0.006747263642891058,333
13/04/2000,0.9609,0.9639,0.9555,0.9583,9760.0,57045.0,EC1 Curncy,Future,CME,USD,0.0,6.25,125000.0,119788,0.9583,0.9642,0.006983492440511415,334
14/04/2000,0.958,0.966,0.9551,0.9626,20002.0,58322.0,EC1 Curncy,Future,CME,USD,0.0,6.25,125000.0,120325,0.9626,0.9684,0.007074680204787608,335
17/04/2000,0.9685,0.9713,0.9571,0.9575,21603.0,57364.0,EC1 Curncy,Future,CME,USD,0.0,6.25,125000.0,119688,0.9575,0.9633,0.007358498488143766,336
18/04/2000,0.9571,0.9571,0.9491,0.9512,16661.0,59271.0,EC1 Curncy,Future,CME,USD,0.0,6.25,125000.0,118900,0.9512,0.957,0.007946670162192556,337
19/04/2000,0.9512,0.9522,0.9395,0.9432,7226.0,59891.0,EC1 Curncy,Future,CME,USD,0.0,6.25,125000.0,117900,0.9432,0.9489,0.00907064863538891,338
20/04/2000,0.944,0.9456,0.9388,0.9432,9827.0,60991.0,EC1 Curncy,Future,CME,USD,0.0,6.25,125000.0,117900,0.9432,0.9489,0.009742788786243439,339
21/04/2000,0.944,0.9456,0.9388,0.94,9827.0,60991.0,EC1 Curncy,Future,CME,USD,0.0,6.25,125000.0,117500,0.94,0.9457,0.010378142094486517,340
24/04/2000,0.9405,0.9483,0.9403,0.9429,5777.0,60168.0,EC1 Curncy,Future,CME,USD,0.0,6.25,125000.0,117863,0.9429,0.9486,0.01048167766470083,341
25/04/2000,0.942,0.9438,0.9195,0.9232,21085.0,63496.0,EC1 Curncy,Future,CME,USD,0.0,6.25,125000.0,115400,0.9232,0.9287,0.01274112370763887,342
26/04/2000,0.9244,0.928,0.9206,0.9268,11841.0,62910.0,EC1 Curncy,Future,CME,USD,0.0,6.25,125000.0,115850,0.9268,0.9323,0.01419772634379742,343
27/04/2000,0.9266,0.9313,0.909,0.9137,28055.0,67696.0,EC1 Curncy,Future,CME,USD,0.0,6.25,125000.0,114213,0.9137,0.9192,0.016079581254913405,344
28/04/2000,0.9128,0.9165,0.906,0.9122,13536.0,67554.0,EC1 Curncy,Future,CME,USD,0.0,6.25,125000.0,114025,0.9122,0.9178,0.017319057903555243,345
01/05/2000,0.9146,0.9201,0.9101,0.9196,10772.0,69493.0,EC1 Curncy,Future,CME,USD,0.0,6.25,125000.0,114950,0.9196,0.9252,0.01804624337639376,346
02/05/2000,0.92,0.9202,0.9062,0.9104,16026.0,68271.0,EC1 Curncy,Future,CME,USD,0.0,6.25,125000.0,113800,0.9104,0.9161,0.019367125926856195,347
03/05/2000,0.9104,0.9136,0.8913,0.8987,23807.0,70851.0,EC1 Curncy,Future,CME,USD,0.0,6.25,125000.0,112338,0.8987,0.9043,0.021640091651069972,348
04/05/2000,0.8982,0.8995,0.887,0.8927,15118.0,68322.0,EC1 Curncy,Future,CME,USD,0.0,6.25,125000.0,111588,0.8927,0.8982,0.023642505507384618,349
05/05/2000,0.893,0.9036,0.8916,0.901,11469.0,67107.0,EC1 Curncy,Future,CME,USD,0.0,6.25,125000.0,112625,0.901,0.9065,0.024746708198601183,350
08/05/2000,0.8997,0.9067,0.894,0.8995,8226.0,66945.0,EC1 Curncy,Future,CME,USD,0.0,6.25,125000.0,112438,0.8995,0.905,0.025574923916473043,351
09/05/2000,0.8996,0.9104,0.897,0.9091,9830.0,66101.0,EC1 Curncy,Future,CME,USD,0.0,6.25,125000.0,113638,0.9091,0.9146,0.02536232902028888,352
10/05/2000,0.9092,0.9152,0.9075,0.9114,13090.0,63860.0,EC1 Curncy,Future,CME,USD,0.0,6.25,125000.0,113925,0.9114,0.917,0.02487671736115365,353
11/05/2000,0.9108,0.9132,0.9015,0.9018,13070.0,64021.0,EC1 Curncy,Future,CME,USD,0.0,6.25,125000.0,112725,0.9018,0.9074,0.02473534043967713,354
12/05/2000,0.9052,0.9221,0.8998,0.9207,15609.0,63239.0,EC1 Curncy,Future,CME,USD,0.0,6.25,125000.0,115088,0.9207,0.9263,0.024077009781118215,355
15/05/2000,0.9203,0.9207,0.9144,0.9147,10239.0,62244.0,EC1 Curncy,Future,CME,USD,0.0,6.25,125000.0,114338,0.9147,0.9203,0.022981351135215374,356
16/05/2000,0.9145,0.9145,0.9046,0.9055,10047.0,62951.0,EC1 Curncy,Future,CME,USD,0.0,6.25,125000.0,113188,0.9055,0.9111,0.02208686110187234,357
17/05/2000,0.9046,0.9091,0.8909,0.8971,17026.0,64596.0,EC1 Curncy,Future,CME,USD,0.0,6.25,125000.0,112138,0.8971,0.9025,0.021456428718065006,358
18/05/2000,0.8966,0.8989,0.8921,0.8951,6315.0,63697.0,EC1 Curncy,Future,CME,USD,0.0,6.25,125000.0,111888,0.8951,0.9005,0.020747110642209306,359
19/05/2000,0.8951,0.9018,0.8861,0.9007,14489.0,65246.0,EC1 Curncy,Future,CME,USD,0.0,6.25,125000.0,112588,0.9007,0.906,0.019044230972486434,360
22/05/2000,0.8993,0.909,0.8978,0.9064,14852.0,66595.0,EC1 Curncy,Future,CME,USD,0.0,6.25,125000.0,113300,0.9064,0.9117,0.017200114340707572,361
23/05/2000,0.9046,0.9172,0.9033,0.9075,14047.0,65712.0,EC1 Curncy,Future,CME,USD,0.0,6.25,125000.0,113438,0.9075,0.9128,0.015532162330684985,362
24/05/2000,0.9076,0.9142,0.905,0.9085,14108.0,65492.0,EC1 Curncy,Future,CME,USD,0.0,6.25,125000.0,113563,0.9085,0.9139,0.014264743250408843,363
25/05/2000,0.9085,0.9138,0.9004,0.9137,22324.0,65748.0,EC1 Curncy,Future,CME,USD,0.0,6.25,125000.0,114213,0.9137,0.9192,0.012721198842879783,364
26/05/2000,0.9137,0.9344,0.9129,0.9137,24639.0,64607.0,EC1 Curncy,Future,CME,USD,0.0,6.25,125000.0,114213,0.9137,0.9192,0.011214012068245427,365
29/05/2000,0.9328,0.9342,0.9253,0.9327,882.0,64607.0,EC1 Curncy,Future,CME,USD,0.0,6.25,125000.0,116588,0.9327,0.9383,0.010091336218100891,366
30/05/2000,0.9287,0.9425,0.9253,0.9331,20678.0,62697.0,EC1 Curncy,Future,CME,USD,0.0,6.25,125000.0,116638,0.9331,0.9388,0.010821010427254673,367
31/05/2000,0.9327,0.9378,0.9276,0.937,12399.0,62117.0,EC1 Curncy,Future,CME,USD,0.0,6.25,125000.0,117125,0.937,0.9427,0.011647388834702573,368
01/06/2000,0.938,0.9392,0.9293,0.9337,7745.0,62408.0,EC1 Curncy,Future,CME,USD,0.0,6.25,125000.0,116713,0.9337,0.9393,0.012545716400432722,369
02/06/2000,0.9331,0.9513,0.9307,0.943,16768.0,63367.0,EC1 Curncy,Future,CME,USD,0.0,6.25,125000.0,117875,0.943,0.9486,0.014080717311276617,370
05/06/2000,0.9462,0.9498,0.9421,0.9493,10994.0,61204.0,EC1 Curncy,Future,CME,USD,0.0,6.25,125000.0,118663,0.9493,0.9549,0.015863086080586074,371
06/06/2000,0.9493,0.9608,0.9452,0.9556,21065.0,59132.0,EC1 Curncy,Future,CME,USD,0.0,6.25,125000.0,119450,0.9556,0.9613,0.017937607607112712,372
07/06/2000,0.9555,0.9635,0.9541,0.9619,13509.0,55523.0,EC1 Curncy,Future,CME,USD,0.0,6.25,125000.0,120238,0.9619,0.9677,0.019853561393364107,373
08/06/2000,0.9625,0.9696,0.9518,0.9572,28402.0,48584.0,EC1 Curncy,Future,CME,USD,0.0,6.25,125000.0,119650,0.9572,0.9627,0.0206294789076233,374
09/06/2000,0.9567,0.9572,0.9465,0.9542,13045.0,44317.0,EC1 Curncy,Future,CME,USD,0.0,6.25,125000.0,119275,0.9542,0.9597,0.0212790053025685,375
12/06/2000,0.9543,0.9562,0.9495,0.9538,8197.0,40242.0,EC1 Curncy,Future,CME,USD,0.0,6.25,125000.0,119225,0.9538,0.9593,0.02159981635724562,376
13/06/2000,0.9586,0.9684,0.9579,0.9664,17864.0,35093.0,EC1 Curncy,Future,CME,USD,0.0,6.25,125000.0,120800,0.9609,0.9664,0.022878215985227796,377
14/06/2000,0.9662,0.9708,0.9632,0.9662,21720.0,46673.0,EC1 Curncy,Future,CME,USD,0.0,6.25,125000.0,120775,0.9607,0.9662,0.02392382006843242,378
15/06/2000,0.9653,0.9658,0.9558,0.9591,12551.0,49369.0,EC1 Curncy,Future,CME,USD,0.0,6.25,125000.0,119888,0.9536,0.9591,0.02393619156563398,379
16/06/2000,0.9592,0.9713,0.9555,0.971,15562.0,54021.0,EC1 Curncy,Future,CME,USD,0.0,6.25,125000.0,121375,0.9655,0.971,0.025079717568852158,380
19/06/2000,0.9698,0.9744,0.9631,0.9646,12688.0,52683.0,EC1 Curncy,Future,CME,USD,0.0,6.25,125000.0,120575,0.9612,0.9646,0.02550455841609605,381
20/06/2000,0.9642,0.9672,0.9583,0.9633,8398.0,53664.0,EC1 Curncy,Future,CME,USD,0.0,6.25,125000.0,120413,0.9633,0.9686,0.02529253710748264,382
21/06/2000,0.963,0.9635,0.9483,0.9502,15635.0,52470.0,EC1 Curncy,Future,CME,USD,0.0,6.25,125000.0,118775,0.9502,0.9555,0.023925608316893086,383
22/06/2000,0.9506,0.9524,0.9395,0.9429,16291.0,54863.0,EC1 Curncy,Future,CME,USD,0.0,6.25,125000.0,117863,0.9429,0.9481,0.022029781357669316,384
23/06/2000,0.9427,0.948,0.9389,0.9411,9433.0,54954.0,EC1 Curncy,Future,CME,USD,0.0,6.25,125000.0,117638,0.9411,0.9463,0.020301068937374833,385
26/06/2000,0.9408,0.9444,0.9343,0.943,12230.0,52825.0,EC1 Curncy,Future,CME,USD,0.0,6.25,125000.0,117875,0.943,0.9482,0.018781150124527596,386
27/06/2000,0.9417,0.9516,0.9414,0.9514,10707.0,51408.0,EC1 Curncy,Future,CME,USD,0.0,6.25,125000.0,118925,0.9514,0.9566,0.01711633917246053,387
28/06/2000,0.9512,0.9514,0.9447,0.9479,8615.0,51700.0,EC1 Curncy,Future,CME,USD,0.0,6.25,125000.0,118488,0.9479,0.9531,0.015157781280034725,388
29/06/2000,0.9464,0.9583,0.9446,0.9567,12451.0,52613.0,EC1 Curncy,Future,CME,USD,0.0,6.25,125000.0,119588,0.9567,0.9619,0.013414544345598738,389
30/06/2000,0.9564,0.9647,0.9551,0.9581,5433.0,52096.0,EC1 Curncy,Future,CME,USD,0.0,6.25,125000.0,119763,0.9581,0.9633,0.011164336075200907,390
03/07/2000,0.9573,0.959,0.9523,0.9581,5935.0,52156.0,EC1 Curncy,Future,CME,USD,0.0,6.25,125000.0,119763,0.9581,0.9633,0.010495519679051825,391
04/07/2000,0.954,0.9555,0.951,0.9552,661.0,52156.0,EC1 Curncy,Future,CME,USD,0.0,6.25,125000.0,119400,0.9552,0.9604,0.009669534632030106,392
05/07/2000,0.9553,0.9616,0.951,0.9579,15127.0,53876.0,EC1 Curncy,Future,CME,USD,0.0,6.25,125000.0,119738,0.9579,0.9629,0.009055271024843029,393
06/07/2000,0.9576,0.9639,0.9537,0.9548,12504.0,53652.0,EC1 Curncy,Future,CME,USD,0.0,6.25,125000.0,119350,0.9548,0.9598,0.007955013094480757,394
07/07/2000,0.9545,0.9568,0.95,0.951,12156.0,53971.0,EC1 Curncy,Future,CME,USD,0.0,6.25,125000.0,118875,0.951,0.956,0.007591545736323602,395
10/07/2000,0.9527,0.9589,0.9517,0.9585,9416.0,54182.0,EC1 Curncy,Future,CME,USD,0.0,6.25,125000.0,119813,0.9585,0.9635,0.007493968685996256,396
11/07/2000,0.9587,0.9606,0.9532,0.9559,10059.0,54470.0,EC1 Curncy,Future,CME,USD,0.0,6.25,125000.0,119488,0.9559,0.9608,0.007493534991357045,397
12/07/2000,0.9564,0.9569,0.9431,0.9458,17178.0,54480.0,EC1 Curncy,Future,CME,USD,0.0,6.25,125000.0,118225,0.9458,0.9506,0.00765683354919166,398
13/07/2000,0.946,0.9469,0.9364,0.94,12507.0,54769.0,EC1 Curncy,Future,CME,USD,0.0,6.25,125000.0,117500,0.94,0.9447,0.008236538512427106,399
14/07/2000,0.9409,0.9426,0.9353,0.9413,8061.0,55273.0,EC1 Curncy,Future,CME,USD,0.0,6.25,125000.0,117663,0.9413,0.946,0.008661250871940834,400
17/07/2000,0.9419,0.9437,0.9375,0.9391,6568.0,55545.0,EC1 Curncy,Future,CME,USD,0.0,6.25,125000.0,117388,0.9391,0.9438,0.009171241282765212,401
18/07/2000,0.9394,0.9404,0.9265,0.9299,13734.0,57473.0,EC1 Curncy,Future,CME,USD,0.0,6.25,125000.0,116238,0.9299,0.9346,0.00992005544339511,402
19/07/2000,0.9305,0.9305,0.9226,0.9265,12850.0,57336.0,EC1 Curncy,Future,CME,USD,0.0,6.25,125000.0,115813,0.9265,0.9311,0.010717731414189408,403
20/07/2000,0.9272,0.9365,0.9233,0.936,20027.0,59519.0,EC1 Curncy,Future,CME,USD,0.0,6.25,125000.0,117000,0.936,0.9406,0.010941698527500387,404
21/07/2000,0.9364,0.9411,0.935,0.9401,6414.0,58813.0,EC1 Curncy,Future,CME,USD,0.0,6.25,125000.0,117513,0.9401,0.9446,0.010140451995187717,405
24/07/2000,0.9397,0.9405,0.9341,0.9357,6262.0,59232.0,EC1 Curncy,Future,CME,USD,0.0,6.25,125000.0,116963,0.9357,0.9402,0.009856710066415449,406
25/07/2000,0.9359,0.9462,0.9352,0.941,14860.0,61431.0,EC1 Curncy,Future,CME,USD,0.0,6.25,125000.0,117625,0.941,0.9455,0.009335785987266644,407
26/07/2000,0.9416,0.9478,0.941,0.9446,7700.0,61139.0,EC1 Curncy,Future,CME,USD,0.0,6.25,125000.0,118075,0.9446,0.9491,0.009306046421550062,408
27/07/2000,0.9447,0.947,0.9344,0.9351,16824.0,60509.0,EC1 Curncy,Future,CME,USD,0.0,6.25,125000.0,116888,0.9351,0.9396,0.009545475367945033,409
28/07/2000,0.9357,0.9365,0.9252,0.9261,14751.0,60015.0,EC1 Curncy,Future,CME,USD,0.0,6.25,125000.0,115763,0.9261,0.9306,0.010294469388950876,410
31/07/2000,0.9268,0.9321,0.925,0.9296,11317.0,60506.0,EC1 Curncy,Future,CME,USD,0.0,6.25,125000.0,116200,0.9296,0.9341,0.010751826201474543,411
01/08/2000,0.9295,0.9317,0.9215,0.923,12977.0,61157.0,EC1 Curncy,Future,CME,USD,0.0,6.25,125000.0,115375,0.923,0.9275,0.011484506955026416,412
02/08/2000,0.9192,0.9218,0.9139,0.9146,15336.0,61429.0,EC1 Curncy,Future,CME,USD,0.0,6.25,125000.0,114325,0.9146,0.919,0.012809523800674754,413
03/08/2000,0.9164,0.9197,0.9024,0.9093,24050.0,67578.0,EC1 Curncy,Future,CME,USD,0.0,6.25,125000.0,113663,0.9093,0.9137,0.014021986307226841,414
04/08/2000,0.909,0.9123,0.9038,0.9102,12793.0,65985.0,EC1 Curncy,Future,CME,USD,0.0,6.25,125000.0,113775,0.9102,0.9145,0.014740859314619159,415
07/08/2000,0.9096,0.9134,0.9075,0.9106,6998.0,65961.0,EC1 Curncy,Future,CME,USD,0.0,6.25,125000.0,113825,0.9106,0.9149,0.015147703896412764,416
08/08/2000,0.9107,0.9109,0.9009,0.904,14410.0,67491.0,EC1 Curncy,Future,CME,USD,0.0,6.25,125000.0,113000,0.904,0.9083,0.01595005956101949,417
09/08/2000,0.9041,0.9052,0.8985,0.9007,10802.0,67837.0,EC1 Curncy,Future,CME,USD,0.0,6.25,125000.0,112588,0.9007,0.9049,0.016534077940224177,418
10/08/2000,0.9014,0.9117,0.9012,0.9097,11179.0,67886.0,EC1 Curncy,Future,CME,USD,0.0,6.25,125000.0,113713,0.9097,0.9139,0.016418199251645876,419
11/08/2000,0.9103,0.9165,0.9042,0.9052,13898.0,67632.0,EC1 Curncy,Future,CME,USD,0.0,6.25,125000.0,113150,0.9052,0.9093,0.016570455636465843,420
14/08/2000,0.9055,0.9086,0.9019,0.907,9680.0,68079.0,EC1 Curncy,Future,CME,USD,0.0,6.25,125000.0,113375,0.907,0.9111,0.015871987903223944,421
15/08/2000,0.9073,0.9157,0.9069,0.9149,11756.0,66772.0,EC1 Curncy,Future,CME,USD,0.0,6.25,125000.0,114363,0.9149,0.919,0.01478191462565289,422
16/08/2000,0.9153,0.9194,0.9079,0.9173,17767.0,67655.0,EC1 Curncy,Future,CME,USD,0.0,6.25,125000.0,114663,0.9173,0.9212,0.014181678320991962,423
17/08/2000,0.9166,0.9191,0.913,0.9188,10117.0,67819.0,EC1 Curncy,Future,CME,USD,0.0,6.25,125000.0,114850,0.9188,0.9227,0.01379239887281259,424
18/08/2000,0.9188,0.9198,0.9076,0.9082,18004.0,68003.0,EC1 Curncy,Future,CME,USD,0.0,6.25,125000.0,113525,0.9082,0.9121,0.013529915003432145,425
21/08/2000,0.9083,0.9092,0.9023,0.9032,8934.0,68796.0,EC1 Curncy,Future,CME,USD,0.0,6.25,125000.0,112900,0.9032,0.9071,0.013487837731332924,426
22/08/2000,0.9028,0.9047,0.8962,0.8987,11249.0,68666.0,EC1 Curncy,Future,CME,USD,0.0,6.25,125000.0,112338,0.8987,0.9026,0.013973352019711333,427
23/08/2000,0.8989,0.9016,0.892,0.9014,14049.0,71043.0,EC1 Curncy,Future,CME,USD,0.0,6.25,125000.0,112675,0.9014,0.9053,0.014295366382157065,428
24/08/2000,0.9008,0.9062,0.8996,0.9034,10750.0,69648.0,EC1 Curncy,Future,CME,USD,0.0,6.25,125000.0,112925,0.9034,0.9073,0.014050785268687863,429
25/08/2000,0.9032,0.9082,0.8988,0.9037,13150.0,70009.0,EC1 Curncy,Future,CME,USD,0.0,6.25,125000.0,112963,0.9037,0.9075,0.013372515345542856,430
28/08/2000,0.9036,0.9057,0.8995,0.901,6091.0,69770.0,EC1 Curncy,Future,CME,USD,0.0,6.25,125000.0,112625,0.901,0.9048,0.012932359929009435,431
29/08/2000,0.901,0.9034,0.8923,0.8933,14768.0,69975.0,EC1 Curncy,Future,CME,USD,0.0,6.25,125000.0,111663,0.8933,0.8972,0.012229032395633478,432
30/08/2000,0.8935,0.895,0.8878,0.8935,12734.0,69463.0,EC1 Curncy,Future,CME,USD,0.0,6.25,125000.0,111688,0.8935,0.8974,0.010681097009832717,433
31/08/2000,0.8935,0.8978,0.885,0.8885,15743.0,70171.0,EC1 Curncy,Future,CME,USD,0.0,6.25,125000.0,111063,0.8885,0.8924,0.010114918025708092,434
01/09/2000,0.8888,0.9025,0.8883,0.8885,15712.0,69812.0,EC1 Curncy,Future,CME,USD,0.0,6.25,125000.0,111063,0.8885,0.8924,0.010081406978532183,435
04/09/2000,0.9001,0.9047,0.8992,0.9004,797.0,69812.0,EC1 Curncy,Future,CME,USD,0.0,6.25,125000.0,112550,0.9004,0.9044,0.008895030447772493,436
05/09/2000,0.8982,0.9047,0.8856,0.8894,18679.0,71963.0,EC1 Curncy,Future,CME,USD,0.0,6.25,125000.0,111175,0.8894,0.8934,0.008622016392167343,437
06/09/2000,0.8903,0.8914,0.8694,0.8709,25407.0,71625.0,EC1 Curncy,Future,CME,USD,0.0,6.25,125000.0,108863,0.8709,0.8747,0.010557916461127132,438
07/09/2000,0.8717,0.877,0.864,0.874,19731.0,68916.0,EC1 Curncy,Future,CME,USD,0.0,6.25,125000.0,109250,0.874,0.8779,0.011834307471646814,439
08/09/2000,0.8742,0.875,0.8644,0.8699,19354.0,64658.0,EC1 Curncy,Future,CME,USD,0.0,6.25,125000.0,108738,0.8699,0.8737,0.013152031528759316,440
11/09/2000,0.869,0.874,0.8608,0.8627,18900.0,58733.0,EC1 Curncy,Future,CME,USD,0.0,6.25,125000.0,107838,0.8589,0.8627,0.014786500600214707,441
12/09/2000,0.8627,0.8732,0.8592,0.8668,24977.0,48610.0,EC1 Curncy,Future,CME,USD,0.0,6.25,125000.0,108350,0.8629,0.8668,0.01589664744529969,442
13/09/2000,0.8665,0.8742,0.864,0.8654,24567.0,48278.0,EC1 Curncy,Future,CME,USD,0.0,6.25,125000.0,108175,0.8615,0.8654,0.01696095319648899,443
14/09/2000,0.8643,0.8765,0.8602,0.8687,25246.0,59332.0,EC1 Curncy,Future,CME,USD,0.0,6.25,125000.0,108588,0.8647,0.8687,0.01738001534330433,444
15/09/2000,0.8688,0.8742,0.8594,0.8596,25315.0,69412.0,EC1 Curncy,Future,CME,USD,0.0,6.25,125000.0,107450,0.8556,0.8596,0.01836651663581035,445
18/09/2000,0.857,0.8614,0.8551,0.8578,14707.0,71824.0,EC1 Curncy,Future,CME,USD,0.0,6.25,125000.0,107225,0.856,0.8578,0.01917298446600068,446
19/09/2000,0.8587,0.8604,0.8515,0.8553,11495.0,72625.0,EC1 Curncy,Future,CME,USD,0.0,6.25,125000.0,106913,0.8553,0.8588,0.019495120757089705,447
20/09/2000,0.8557,0.8562,0.8478,0.8516,17300.0,73817.0,EC1 Curncy,Future,CME,USD,0.0,6.25,125000.0,106450,0.8516,0.8551,0.01958646045955004,448
21/09/2000,0.8509,0.8631,0.8497,0.8619,15695.0,75522.0,EC1 Curncy,Future,CME,USD,0.0,6.25,125000.0,107738,0.8619,0.8654,0.018631119129032217,449
22/09/2000,0.8619,0.9208,0.8601,0.8826,30930.0,69695.0,EC1 Curncy,Future,CME,USD,0.0,6.25,125000.0,110325,0.8826,0.8862,0.017787596802271887,450
25/09/2000,0.8836,0.8863,0.8748,0.8763,10546.0,67796.0,EC1 Curncy,Future,CME,USD,0.0,6.25,125000.0,109538,0.8763,0.8799,0.017158970443090775,451
26/09/2000,0.8775,0.8868,0.8764,0.8857,17834.0,65452.0,EC1 Curncy,Future,CME,USD,0.0,6.25,125000.0,110713,0.8857,0.8893,0.01674201103014602,452
27/09/2000,0.8861,0.8917,0.8817,0.8869,16381.0,66308.0,EC1 Curncy,Future,CME,USD,0.0,6.25,125000.0,110863,0.8869,0.8905,0.016171201769406812,453
28/09/2000,0.8865,0.8898,0.884,0.8851,10002.0,66839.0,EC1 Curncy,Future,CME,USD,0.0,6.25,125000.0,110638,0.8851,0.8887,0.01538324304777338,454
29/09/2000,0.8829,0.8883,0.8778,0.8854,16905.0,67639.0,EC1 Curncy,Future,CME,USD,0.0,6.25,125000.0,110675,0.8854,0.889,0.014498509118763563,455
02/10/2000,0.8871,0.8894,0.8813,0.8817,10107.0,67040.0,EC1 Curncy,Future,CME,USD,0.0,6.25,125000.0,110213,0.8817,0.8853,0.013647780039266671,456
03/10/2000,0.8823,0.8826,0.8762,0.8773,8698.0,66602.0,EC1 Curncy,Future,CME,USD,0.0,6.25,125000.0,109663,0.8773,0.8809,0.013173327850883935,457
04/10/2000,0.878,0.8811,0.8748,0.8778,8898.0,66686.0,EC1 Curncy,Future,CME,USD,0.0,6.25,125000.0,109725,0.8778,0.8814,0.012639716505267946,458
05/10/2000,0.8777,0.8816,0.8709,0.8721,19385.0,67532.0,EC1 Curncy,Future,CME,USD,0.0,6.25,125000.0,109013,0.8721,0.8757,0.012321056502327428,459
06/10/2000,0.8723,0.877,0.8695,0.8709,11444.0,68088.0,EC1 Curncy,Future,CME,USD,0.0,6.25,125000.0,108863,0.8709,0.8744,0.011964744042402824,460
09/10/2000,0.8723,0.8736,0.8712,0.8709,1627.0,68278.0,EC1 Curncy,Future,CME,USD,0.0,6.25,125000.0,108863,0.8709,0.8744,0.01056920526814658,461
10/10/2000,0.8715,0.8773,0.8691,0.8743,13594.0,70726.0,EC1 Curncy,Future,CME,USD,0.0,6.25,125000.0,109288,0.8743,0.8778,0.009963469944429627,462
11/10/2000,0.8743,0.8793,0.8706,0.8716,13639.0,70811.0,EC1 Curncy,Future,CME,USD,0.0,6.25,125000.0,108950,0.8716,0.8751,0.009962216955421406,463
12/10/2000,0.8722,0.8725,0.8639,0.8655,11900.0,70587.0,EC1 Curncy,Future,CME,USD,0.0,6.25,125000.0,108188,0.8655,0.869,0.01002501537822029,464
13/10/2000,0.8657,0.8685,0.8555,0.8564,15607.0,71010.0,EC1 Curncy,Future,CME,USD,0.0,6.25,125000.0,107050,0.8564,0.8598,0.010460613430079268,465
16/10/2000,0.8573,0.8584,0.8484,0.8521,11450.0,71089.0,EC1 Curncy,Future,CME,USD,0.0,6.25,125000.0,106513,0.8521,0.8554,0.011003837209517234,466
17/10/2000,0.853,0.8581,0.85,0.8579,10311.0,72115.0,EC1 Curncy,Future,CME,USD,0.0,6.25,125000.0,107238,0.8579,0.8612,0.011265608431574259,467
18/10/2000,0.8579,0.8599,0.8351,0.8406,23089.0,76054.0,EC1 Curncy,Future,CME,USD,0.0,6.25,125000.0,105075,0.8406,0.8438,0.012692057884108465,468
19/10/2000,0.8408,0.8469,0.8403,0.8457,11103.0,74519.0,EC1 Curncy,Future,CME,USD,0.0,6.25,125000.0,105713,0.8457,0.8489,0.013524052647051817,469
20/10/2000,0.8459,0.8505,0.8371,0.8441,14829.0,75845.0,EC1 Curncy,Future,CME,USD,0.0,6.25,125000.0,105513,0.8441,0.8473,0.014265868357735231,470
23/10/2000,0.8426,0.8432,0.837,0.8376,7294.0,75851.0,EC1 Curncy,Future,CME,USD,0.0,6.25,125000.0,104700,0.8376,0.8407,0.015367658680930133,471
24/10/2000,0.8375,0.8417,0.8367,0.8391,7336.0,75503.0,EC1 Curncy,Future,CME,USD,0.0,6.25,125000.0,104888,0.8391,0.8422,0.016187703151885675,472
25/10/2000,0.8397,0.8404,0.8268,0.8296,15779.0,76595.0,EC1 Curncy,Future,CME,USD,0.0,6.25,125000.0,103700,0.8296,0.8326,0.017546578013967255,473
26/10/2000,0.83,0.834,0.8245,0.8309,21725.0,77448.0,EC1 Curncy,Future,CME,USD,0.0,6.25,125000.0,103863,0.8309,0.8339,0.018834925006493742,474
27/10/2000,0.8312,0.8462,0.8308,0.8417,17360.0,77097.0,EC1 Curncy,Future,CME,USD,0.0,6.25,125000.0,105213,0.8417,0.8447,0.018921225295073126,475
30/10/2000,0.8427,0.8545,0.8411,0.8443,15796.0,74358.0,EC1 Curncy,Future,CME,USD,0.0,6.25,125000.0,105538,0.8443,0.8473,0.019015978369087028,476
31/10/2000,0.8433,0.8518,0.8398,0.8508,14506.0,74285.0,EC1 Curncy,Future,CME,USD,0.0,6.25,125000.0,106350,0.8508,0.8539,0.018398784380141083,477
01/11/2000,0.8509,0.8632,0.8489,0.8627,21439.0,72467.0,EC1 Curncy,Future,CME,USD,0.0,6.25,125000.0,107838,0.8627,0.8658,0.017518848896743378,478
02/11/2000,0.863,0.8684,0.8573,0.8621,19190.0,73416.0,EC1 Curncy,Future,CME,USD,0.0,6.25,125000.0,107763,0.8621,0.8652,0.01665421067879221,479
03/11/2000,0.8609,0.882,0.8591,0.8669,19390.0,73208.0,EC1 Curncy,Future,CME,USD,0.0,6.25,125000.0,108363,0.8669,0.87,0.015760252747558726,480
06/11/2000,0.8681,0.8743,0.8575,0.8622,12419.0,73830.0,EC1 Curncy,Future,CME,USD,0.0,6.25,125000.0,107775,0.8622,0.8654,0.014947644184517328,481
07/11/2000,0.8675,0.868,0.8592,0.863,9056.0,72534.0,EC1 Curncy,Future,CME,USD,0.0,6.25,125000.0,107875,0.863,0.8662,0.01436914286472706,482
08/11/2000,0.8613,0.8707,0.8532,0.8565,12737.0,73696.0,EC1 Curncy,Future,CME,USD,0.0,6.25,125000.0,107063,0.8565,0.8597,0.013611453510442562,483
09/11/2000,0.8574,0.8688,0.8534,0.8672,17374.0,76296.0,EC1 Curncy,Future,CME,USD,0.0,6.25,125000.0,108400,0.8672,0.8704,0.013385056344057964,484
10/11/2000,0.868,0.8718,0.8612,0.8628,11752.0,76653.0,EC1 Curncy,Future,CME,USD,0.0,6.25,125000.0,107850,0.8628,0.866,0.013067931486413881,485
13/11/2000,0.8632,0.868,0.8593,0.8619,8003.0,76982.0,EC1 Curncy,Future,CME,USD,0.0,6.25,125000.0,107738,0.8619,0.8651,0.012709478090527884,486
14/11/2000,0.8619,0.863,0.8563,0.8583,9445.0,76661.0,EC1 Curncy,Future,CME,USD,0.0,6.25,125000.0,107288,0.8583,0.8615,0.012023761197462719,487
15/11/2000,0.8589,0.8648,0.8567,0.8591,6568.0,76951.0,EC1 Curncy,Future,CME,USD,0.0,6.25,125000.0,107388,0.8591,0.8624,0.011476788168601215,488
16/11/2000,0.859,0.8613,0.8527,0.8533,9642.0,78779.0,EC1 Curncy,Future,CME,USD,0.0,6.25,125000.0,106663,0.8533,0.8566,0.011167718358447836,489
17/11/2000,0.8533,0.8588,0.8486,0.8487,10831.0,78227.0,EC1 Curncy,Future,CME,USD,0.0,6.25,125000.0,106088,0.8487,0.852,0.011155300683245332,490
20/11/2000,0.8499,0.852,0.8474,0.8504,6821.0,79048.0,EC1 Curncy,Future,CME,USD,0.0,6.25,125000.0,106300,0.8504,0.8537,0.01115961767566198,491
21/11/2000,0.8514,0.8544,0.8426,0.8443,13445.0,80184.0,EC1 Curncy,Future,CME,USD,0.0,6.25,125000.0,105538,0.8443,0.8476,0.011186193871626565,492
22/11/2000,0.8445,0.8494,0.8421,0.8443,8979.0,80419.0,EC1 Curncy,Future,CME,USD,0.0,6.25,125000.0,105538,0.8443,0.8476,0.011061796116979161,493
23/11/2000,0.8446,0.8464,0.8392,0.8456,859.0,80419.0,EC1 Curncy,Future,CME,USD,0.0,6.25,125000.0,105700,0.8456,0.8489,0.01106399867439203,494
24/11/2000,0.8403,0.8464,0.8384,0.841,14042.0,82984.0,EC1 Curncy,Future,CME,USD,0.0,6.25,125000.0,105125,0.841,0.8443,0.011167233318968595,495
27/11/2000,0.8403,0.8533,0.8393,0.8527,16605.0,83583.0,EC1 Curncy,Future,CME,USD,0.0,6.25,125000.0,106588,0.8527,0.8561,0.010793411570657987,496
28/11/2000,0.8521,0.8588,0.8513,0.8573,17929.0,83987.0,EC1 Curncy,Future,CME,USD,0.0,6.25,125000.0,107163,0.8573,0.8607,0.010498511005547948,497
29/11/2000,0.8576,0.8666,0.8565,0.8589,16554.0,82307.0,EC1 Curncy,Future,CME,USD,0.0,6.25,125000.0,107363,0.8589,0.8623,0.009388613671194543,498
30/11/2000,0.8592,0.8744,0.8577,0.8727,29937.0,85536.0,EC1 Curncy,Future,CME,USD,0.0,6.25,125000.0,109088,0.8727,0.8762,0.00883190806113091,499
01/12/2000,0.872,0.8796,0.8707,0.8789,20558.0,85826.0,EC1 Curncy,Future,CME,USD,0.0,6.25,125000.0,109863,0.8789,0.8824,0.009509332258379898,500
04/12/2000,0.8797,0.8938,0.8761,0.888,31713.0,84795.0,EC1 Curncy,Future,CME,USD,0.0,6.25,125000.0,111000,0.888,0.8916,0.0109742759822046,501
05/12/2000,0.8888,0.8911,0.8792,0.8811,19888.0,80728.0,EC1 Curncy,Future,CME,USD,0.0,6.25,125000.0,110138,0.8811,0.8846,0.011704645801287158,502
06/12/2000,0.8813,0.892,0.8776,0.8913,16543.0,80007.0,EC1 Curncy,Future,CME,USD,0.0,6.25,125000.0,111413,0.8913,0.8949,0.013272590804621346,503
07/12/2000,0.8922,0.898,0.886,0.8892,18927.0,78072.0,EC1 Curncy,Future,CME,USD,0.0,6.25,125000.0,111150,0.8892,0.8927,0.014412011194379362,504
08/12/2000,0.8894,0.8918,0.882,0.8834,15670.0,71929.0,EC1 Curncy,Future,CME,USD,0.0,6.25,125000.0,110425,0.8834,0.8869,0.015000852198022422,505
11/12/2000,0.8864,0.8898,0.8793,0.881,17156.0,63300.0,EC1 Curncy,Future,CME,USD,0.0,6.25,125000.0,110125,0.8775,0.881,0.015430216027875695,506
12/12/2000,0.8797,0.8874,0.879,0.884,21068.0,53591.0,EC1 Curncy,Future,CME,USD,0.0,6.25,125000.0,110500,0.8805,0.884,0.01595677181220906,507
13/12/2000,0.8836,0.8859,0.8751,0.8795,25617.0,56801.0,EC1 Curncy,Future,CME,USD,0.0,6.25,125000.0,109938,0.876,0.8795,0.016139740807509073,508
14/12/2000,0.8797,0.8937,0.8791,0.8927,26011.0,68433.0,EC1 Curncy,Future,CME,USD,0.0,6.25,125000.0,111588,0.8892,0.8927,0.017039211640612097,509
15/12/2000,0.8928,0.9037,0.8928,0.8994,23906.0,74646.0,EC1 Curncy,Future,CME,USD,0.0,6.25,125000.0,112425,0.8958,0.8994,0.01824522768653673,510
18/12/2000,0.8982,0.9052,0.8959,0.8972,14004.0,75560.0,EC1 Curncy,Future,CME,USD,0.0,6.25,125000.0,112150,0.895,0.8972,0.01910865685146121,511
19/12/2000,0.8972,0.9005,0.8911,0.8968,9898.0,75948.0,EC1 Curncy,Future,CME,USD,0.0,6.25,125000.0,112100,0.8968,0.8997,0.019727259481917173,512
20/12/2000,0.8976,0.9118,0.8976,0.9114,21736.0,80230.0,EC1 Curncy,Future,CME,USD,0.0,6.25,125000.0,113925,0.9114,0.9143,0.021152881600392377,513
21/12/2000,0.9124,0.9203,0.9092,0.9173,9822.0,80813.0,EC1 Curncy,Future,CME,USD,0.0,6.25,125000.0,114663,0.9173,0.9202,0.02250828884359888,514
22/12/2000,0.9177,0.9291,0.9177,0.9173,18537.0,83113.0,EC1 Curncy,Future,CME,USD,0.0,6.25,125000.0,114663,0.9173,0.9202,0.023275443425783967,515
25/12/2000,0.9177,0.9291,0.9177,0.9268,18537.0,83113.0,EC1 Curncy,Future,CME,USD,0.0,6.25,125000.0,115850,0.9268,0.9297,0.0244551235258966,516
26/12/2000,0.9292,0.9333,0.9292,0.9331,5405.0,82641.0,EC1 Curncy,Future,CME,USD,0.0,6.25,125000.0,116638,0.9331,0.9359,0.02529405200174245,517
27/12/2000,0.9343,0.9373,0.9307,0.9336,8158.0,82884.0,EC1 Curncy,Future,CME,USD,0.0,6.25,125000.0,116700,0.9336,0.9364,0.025634220617503492,518
28/12/2000,0.9334,0.9349,0.9277,0.9316,9651.0,82502.0,EC1 Curncy,Future,CME,USD,0.0,6.25,125000.0,116450,0.9316,0.9344,0.025419728558742798,519
29/12/2000,0.9324,0.943,0.9312,0.9316,12608.0,83036.0,EC1 Curncy,Future,CME,USD,0.0,6.25,125000.0,116450,0.9316,0.9344,0.024302152168072553,520
01/01/2001,0.9324,0.943,0.9312,0.9428,12608.0,83036.0,EC1 Curncy,Future,CME,USD,0.0,6.25,125000.0,117850,0.9428,0.9456,0.024375573155657478,521
02/01/2001,0.9437,0.9534,0.942,0.9518,19970.0,82633.0,EC1 Curncy,Future,CME,USD,0.0,6.25,125000.0,118975,0.9518,0.9546,0.024947796829916623,522
03/01/2001,0.9538,0.9601,0.9298,0.9319,34228.0,83089.0,EC1 Curncy,Future,CME,USD,0.0,6.25,125000.0,116488,0.9319,0.9346,0.023835972114994365,523
04/01/2001,0.931,0.9543,0.9287,0.9524,25147.0,86400.0,EC1 Curncy,Future,CME,USD,0.0,6.25,125000.0,119050,0.9524,0.9547,0.024547044628633257,524
05/01/2001,0.9518,0.9615,0.9485,0.9593,24384.0,87740.0,EC1 Curncy,Future,CME,USD,0.0,6.25,125000.0,119913,0.9593,0.9613,0.025684528416930367,525
08/01/2001,0.96,0.9611,0.9485,0.9523,18227.0,90471.0,EC1 Curncy,Future,CME,USD,0.0,6.25,125000.0,119038,0.9523,0.9541,0.026372525476337984,526
09/01/2001,0.9511,0.9511,0.9403,0.9457,21688.0,90566.0,EC1 Curncy,Future,CME,USD,0.0,6.25,125000.0,118213,0.9457,0.9475,0.02610127519234941,527
10/01/2001,0.946,0.9484,0.9395,0.9408,16431.0,90536.0,EC1 Curncy,Future,CME,USD,0.0,6.25,125000.0,117600,0.9408,0.9426,0.025920803742684146,528
11/01/2001,0.9405,0.957,0.9378,0.9532,16933.0,90702.0,EC1 Curncy,Future,CME,USD,0.0,6.25,125000.0,119150,0.9532,0.955,0.02598286743221529,529
12/01/2001,0.954,0.9596,0.9483,0.9532,16531.0,91228.0,EC1 Curncy,Future,CME,USD,0.0,6.25,125000.0,119150,0.9532,0.955,0.025420246523851785,530
15/01/2001,0.9537,0.9537,0.9428,0.9519,2474.0,91228.0,EC1 Curncy,Future,CME,USD,0.0,6.25,125000.0,118988,0.9519,0.9537,0.024274600580305946,531
16/01/2001,0.9448,0.9537,0.9386,0.9429,17424.0,91545.0,EC1 Curncy,Future,CME,USD,0.0,6.25,125000.0,117863,0.9429,0.9447,0.022682427118808274,532
17/01/2001,0.9427,0.9465,0.9305,0.936,30055.0,90695.0,EC1 Curncy,Future,CME,USD,0.0,6.25,125000.0,117000,0.936,0.9378,0.020126371588872524,533
18/01/2001,0.9361,0.9479,0.9361,0.9458,24108.0,89908.0,EC1 Curncy,Future,CME,USD,0.0,6.25,125000.0,118225,0.9458,0.9475,0.01853164140958292,534
19/01/2001,0.9467,0.9516,0.935,0.9355,24386.0,87337.0,EC1 Curncy,Future,CME,USD,0.0,6.25,125000.0,116938,0.9355,0.9371,0.017050740941868103,535
22/01/2001,0.9365,0.9409,0.9283,0.9393,19269.0,84539.0,EC1 Curncy,Future,CME,USD,0.0,6.25,125000.0,117413,0.9393,0.9409,0.015053087169526337,536
23/01/2001,0.94,0.9462,0.9382,0.9401,11739.0,83658.0,EC1 Curncy,Future,CME,USD,0.0,6.25,125000.0,117513,0.9401,0.9417,0.012457677686204323,537
24/01/2001,0.9391,0.94,0.9228,0.9246,28710.0,85498.0,EC1 Curncy,Future,CME,USD,0.0,6.25,125000.0,115575,0.9246,0.9262,0.011475579869154822,538
25/01/2001,0.9238,0.9255,0.9126,0.9225,24553.0,83405.0,EC1 Curncy,Future,CME,USD,0.0,6.25,125000.0,115313,0.9225,0.9241,0.011094743500115306,539
26/01/2001,0.9247,0.9327,0.9209,0.925,13928.0,82886.0,EC1 Curncy,Future,CME,USD,0.0,6.25,125000.0,115625,0.925,0.9265,0.010535737594809542,540
29/01/2001,0.9239,0.9274,0.9186,0.9194,9815.0,82719.0,EC1 Curncy,Future,CME,USD,0.0,6.25,125000.0,114925,0.9194,0.9208,0.011019230160648728,541
30/01/2001,0.9192,0.9289,0.9153,0.9279,20179.0,82471.0,EC1 Curncy,Future,CME,USD,0.0,6.25,125000.0,115988,0.9279,0.9293,0.011199593742632718,542
31/01/2001,0.9279,0.9358,0.9266,0.9343,22976.0,85569.0,EC1 Curncy,Future,CME,USD,0.0,6.25,125000.0,116788,0.9343,0.9357,0.011184718741808,543
01/02/2001,0.9364,0.9454,0.9364,0.9428,21381.0,88529.0,EC1 Curncy,Future,CME,USD,0.0,6.25,125000.0,117850,0.9428,0.9441,0.011071660519844496,544
02/02/2001,0.9426,0.9429,0.9326,0.9357,20854.0,89546.0,EC1 Curncy,Future,CME,USD,0.0,6.25,125000.0,116963,0.9357,0.937,0.0109700987537343,545
05/02/2001,0.9368,0.9449,0.9364,0.9397,18038.0,89251.0,EC1 Curncy,Future,CME,USD,0.0,6.25,125000.0,117463,0.9397,0.941,0.01095798795400034,546
06/02/2001,0.9393,0.94,0.9292,0.9308,20018.0,87892.0,EC1 Curncy,Future,CME,USD,0.0,6.25,125000.0,116350,0.9308,0.9321,0.01083270510999072,547
07/02/2001,0.9309,0.9358,0.9267,0.9316,13816.0,87230.0,EC1 Curncy,Future,CME,USD,0.0,6.25,125000.0,116450,0.9316,0.9329,0.010841429795004857,548
08/02/2001,0.9303,0.931,0.9157,0.9185,24009.0,88004.0,EC1 Curncy,Future,CME,USD,0.0,6.25,125000.0,114813,0.9185,0.9197,0.011248115397702091,549
09/02/2001,0.9187,0.928,0.914,0.927,17218.0,86061.0,EC1 Curncy,Future,CME,USD,0.0,6.25,125000.0,115875,0.927,0.9282,0.010525682875710547,550
12/02/2001,0.9262,0.9337,0.9255,0.932,12426.0,86204.0,EC1 Curncy,Future,CME,USD,0.0,6.25,125000.0,116500,0.932,0.9332,0.01004071378604936,551
13/02/2001,0.932,0.9338,0.9177,0.9211,22739.0,87413.0,EC1 Curncy,Future,CME,USD,0.0,6.25,125000.0,115138,0.9211,0.9223,0.010238443892182257,552
14/02/2001,0.9208,0.9227,0.9171,0.9196,11969.0,86259.0,EC1 Curncy,Future,CME,USD,0.0,6.25,125000.0,114950,0.9196,0.9208,0.010597943196678927,553
15/02/2001,0.919,0.92,0.9033,0.9039,19785.0,90111.0,EC1 Curncy,Future,CME,USD,0.0,6.25,125000.0,112988,0.9039,0.9051,0.011433360544186982,554
16/02/2001,0.9047,0.9182,0.904,0.9039,18794.0,86627.0,EC1 Curncy,Future,CME,USD,0.0,6.25,125000.0,112988,0.9039,0.9051,0.011875412975276974,555
19/02/2001,0.9135,0.924,0.9126,0.9167,3299.0,86627.0,EC1 Curncy,Future,CME,USD,0.0,6.25,125000.0,114588,0.9167,0.9179,0.011249810368774246,556
20/02/2001,0.9219,0.9248,0.9056,0.9102,25140.0,86701.0,EC1 Curncy,Future,CME,USD,0.0,6.25,125000.0,113775,0.9102,0.9114,0.011425267319996674,557
21/02/2001,0.912,0.9186,0.9061,0.9087,17823.0,86786.0,EC1 Curncy,Future,CME,USD,0.0,6.25,125000.0,113588,0.9087,0.9098,0.011860996304416716,558
22/02/2001,0.9088,0.9134,0.902,0.9055,21195.0,87569.0,EC1 Curncy,Future,CME,USD,0.0,6.25,125000.0,113188,0.9055,0.9064,0.011833783559512628,559
23/02/2001,0.9051,0.9212,0.9031,0.9193,15599.0,88558.0,EC1 Curncy,Future,CME,USD,0.0,6.25,125000.0,114913,0.9193,0.9201,0.01165723952457841,560
26/02/2001,0.9179,0.9188,0.9082,0.9118,15146.0,88256.0,EC1 Curncy,Future,CME,USD,0.0,6.25,125000.0,113975,0.9118,0.9124,0.011449362427666554,561
27/02/2001,0.9124,0.9208,0.9087,0.9172,20678.0,89503.0,EC1 Curncy,Future,CME,USD,0.0,6.25,125000.0,114650,0.9172,0.9177,0.010920100732139105,562
28/02/2001,0.9174,0.926,0.9167,0.9233,18828.0,86694.0,EC1 Curncy,Future,CME,USD,0.0,6.25,125000.0,115413,0.9233,0.9238,0.010910235255639472,563
01/03/2001,0.9243,0.9324,0.9228,0.9322,27493.0,89633.0,EC1 Curncy,Future,CME,USD,0.0,6.25,125000.0,116525,0.9322,0.9328,0.011101924758049725,564
02/03/2001,0.9309,0.9384,0.9286,0.9345,20647.0,87198.0,EC1 Curncy,Future,CME,USD,0.0,6.25,125000.0,116813,0.9345,0.9352,0.01135699050512046,565
05/03/2001,0.936,0.936,0.9285,0.9302,11260.0,85998.0,EC1 Curncy,Future,CME,USD,0.0,6.25,125000.0,116275,0.9302,0.9309,0.011431239361215172,566
06/03/2001,0.9298,0.9341,0.9254,0.9337,14471.0,84763.0,EC1 Curncy,Future,CME,USD,0.0,6.25,125000.0,116713,0.9337,0.9344,0.011589712392177575,567
07/03/2001,0.9343,0.9372,0.9265,0.9289,15406.0,82946.0,EC1 Curncy,Future,CME,USD,0.0,6.25,125000.0,116113,0.9289,0.9295,0.011426654511859322,568
08/03/2001,0.9302,0.9342,0.9272,0.9318,15356.0,81137.0,EC1 Curncy,Future,CME,USD,0.0,6.25,125000.0,116475,0.9318,0.9323,0.010835024996128505,569
09/03/2001,0.9316,0.9375,0.9295,0.9325,17619.0,74373.0,EC1 Curncy,Future,CME,USD,0.0,6.25,125000.0,116563,0.9325,0.9331,0.010693170717802238,570
12/03/2001,0.9324,0.935,0.9266,0.9286,41809.0,53556.0,EC1 Curncy,Future,CME,USD,0.0,6.25,125000.0,116075,0.928,0.9286,0.010170545708076064,571
13/03/2001,0.9288,0.9307,0.9138,0.9148,42663.0,55839.0,EC1 Curncy,Future,CME,USD,0.0,6.25,125000.0,114350,0.9143,0.9148,0.010106103766209785,572
14/03/2001,0.9156,0.9216,0.9087,0.9102,29457.0,59061.0,EC1 Curncy,Future,CME,USD,0.0,6.25,125000.0,113775,0.9098,0.9102,0.010121268036502897,573
15/03/2001,0.9121,0.913,0.896,0.901,31260.0,66668.0,EC1 Curncy,Future,CME,USD,0.0,6.25,125000.0,112625,0.9009,0.901,0.010854341681253802,574
16/03/2001,0.901,0.9012,0.8914,0.8963,26791.0,71643.0,EC1 Curncy,Future,CME,USD,0.0,6.25,125000.0,112038,0.8961,0.8963,0.011724535527406052,575
19/03/2001,0.8973,0.9021,0.8938,0.8987,14950.0,74085.0,EC1 Curncy,Future,CME,USD,0.0,6.25,125000.0,112338,0.8976,0.8987,0.012039818658659685,576
20/03/2001,0.899,0.9092,0.8987,0.9088,14292.0,71509.0,EC1 Curncy,Future,CME,USD,0.0,6.25,125000.0,113600,0.9088,0.9091,0.012132597963066732,577
21/03/2001,0.9084,0.9128,0.8937,0.896,17532.0,72738.0,EC1 Curncy,Future,CME,USD,0.0,6.25,125000.0,112000,0.896,0.8962,0.012812205118560967,578
22/03/2001,0.8958,0.897,0.8837,0.8884,19903.0,72581.0,EC1 Curncy,Future,CME,USD,0.0,6.25,125000.0,111050,0.8884,0.8886,0.013759527608173228,579
23/03/2001,0.8883,0.8975,0.8853,0.8896,13107.0,71138.0,EC1 Curncy,Future,CME,USD,0.0,6.25,125000.0,111200,0.8896,0.8899,0.014530057352493462,580
26/03/2001,0.8943,0.8975,0.8933,0.8967,9542.0,71268.0,EC1 Curncy,Future,CME,USD,0.0,6.25,125000.0,112088,0.8967,0.897,0.01496270586046357,581
27/03/2001,0.8956,0.8999,0.8903,0.8937,13401.0,71449.0,EC1 Curncy,Future,CME,USD,0.0,6.25,125000.0,111713,0.8937,0.8941,0.015489902087061498,582
28/03/2001,0.8886,0.8953,0.8853,0.887,2553.0,72197.0,EC1 Curncy,Future,CME,USD,0.0,6.25,125000.0,110875,0.887,0.8874,0.016342697655734623,583
29/03/2001,0.8868,0.8892,0.8805,0.8832,13606.0,72347.0,EC1 Curncy,Future,CME,USD,0.0,6.25,125000.0,110400,0.8832,0.8836,0.017316174519797646,584
30/03/2001,0.8828,0.8872,0.8761,0.8796,22286.0,76695.0,EC1 Curncy,Future,CME,USD,0.0,6.25,125000.0,109950,0.8796,0.88,0.018363213226450664,585
02/04/2001,0.876,0.8841,0.8744,0.8804,18334.0,76772.0,EC1 Curncy,Future,CME,USD,0.0,6.25,125000.0,110050,0.8804,0.8808,0.019282114337733528,586
03/04/2001,0.8804,0.8985,0.8798,0.8965,20216.0,76404.0,EC1 Curncy,Future,CME,USD,0.0,6.25,125000.0,112063,0.8965,0.8968,0.019345884144526218,587
04/04/2001,0.897,0.9056,0.8939,0.9028,20262.0,75965.0,EC1 Curncy,Future,CME,USD,0.0,6.25,125000.0,112850,0.9028,0.9031,0.019097209220200206,588
05/04/2001,0.9025,0.9094,0.8946,0.897,19516.0,76641.0,EC1 Curncy,Future,CME,USD,0.0,6.25,125000.0,112125,0.897,0.8972,0.01845193937413544,589
06/04/2001,0.8959,0.9054,0.8929,0.9031,20498.0,72671.0,EC1 Curncy,Future,CME,USD,0.0,6.25,125000.0,112888,0.9031,0.9032,0.01744663291297511,590
09/04/2001,0.9042,0.9053,0.8963,0.8985,7878.0,72777.0,EC1 Curncy,Future,CME,USD,0.0,6.25,125000.0,112313,0.8985,0.8986,0.016624462898595444,591
10/04/2001,0.8982,0.8997,0.8865,0.8885,20235.0,73739.0,EC1 Curncy,Future,CME,USD,0.0,6.25,125000.0,111063,0.8885,0.8886,0.015584593888413685,592
11/04/2001,0.8883,0.8919,0.8812,0.8872,12048.0,75159.0,EC1 Curncy,Future,CME,USD,0.0,6.25,125000.0,110900,0.8872,0.8872,0.014715266449058458,593
12/04/2001,0.8882,0.8944,0.8835,0.8872,12930.0,74849.0,EC1 Curncy,Future,CME,USD,0.0,6.25,125000.0,110900,0.8872,0.8872,0.0132876860288059,594
13/04/2001,0.8882,0.8944,0.8835,0.8918,12930.0,74849.0,EC1 Curncy,Future,CME,USD,0.0,6.25,125000.0,111475,0.8918,0.8917,0.011194093680752406,595
16/04/2001,0.8897,0.8902,0.883,0.8862,6548.0,74838.0,EC1 Curncy,Future,CME,USD,0.0,6.25,125000.0,110775,0.8862,0.8861,0.009100710594973636,596
17/04/2001,0.889,0.8911,0.8778,0.882,17111.0,76149.0,EC1 Curncy,Future,CME,USD,0.0,6.25,125000.0,110250,0.882,0.8819,0.008393235371424746,597
18/04/2001,0.8835,0.8895,0.87,0.8844,33169.0,79601.0,EC1 Curncy,Future,CME,USD,0.0,6.25,125000.0,110550,0.8844,0.8841,0.00778179927781089,598
19/04/2001,0.8835,0.898,0.8805,0.8935,22699.0,80073.0,EC1 Curncy,Future,CME,USD,0.0,6.25,125000.0,111688,0.8935,0.8928,0.007569438552504327,599
20/04/2001,0.897,0.9043,0.895,0.9035,15788.0,78873.0,EC1 Curncy,Future,CME,USD,0.0,6.25,125000.0,112938,0.9035,0.9028,0.007875252376917077,600
23/04/2001,0.9007,0.9075,0.894,0.8967,15968.0,80544.0,EC1 Curncy,Future,CME,USD,0.0,6.25,125000.0,112088,0.8967,0.8958,0.00781611156523103,601
24/04/2001,0.8959,0.9016,0.8925,0.8936,14193.0,79377.0,EC1 Curncy,Future,CME,USD,0.0,6.25,125000.0,111700,0.8936,0.8925,0.007012113328624477,602
25/04/2001,0.8934,0.8995,0.8904,0.8959,16073.0,79219.0,EC1 Curncy,Future,CME,USD,0.0,6.25,125000.0,111988,0.8959,0.8948,0.007009457896309794,603
26/04/2001,0.8972,0.9036,0.8942,0.903,26866.0,80139.0,EC1 Curncy,Future,CME,USD,0.0,6.25,125000.0,112875,0.903,0.9023,0.007342449636654299,604
27/04/2001,0.903,0.905,0.8884,0.8907,11006.0,81220.0,EC1 Curncy,Future,CME,USD,0.0,6.25,125000.0,111338,0.8907,0.8896,0.0073303546981123655,605
30/04/2001,0.8905,0.8922,0.8845,0.8883,12976.0,80449.0,EC1 Curncy,Future,CME,USD,0.0,6.25,125000.0,111038,0.8883,0.8866,0.007303567621384693,606
01/05/2001,0.8883,0.8935,0.885,0.893,11310.0,81045.0,EC1 Curncy,Future,CME,USD,0.0,6.25,125000.0,111625,0.893,0.8903,0.00729720722834923,607
02/05/2001,0.8928,0.8943,0.8882,0.8926,17762.0,80877.0,EC1 Curncy,Future,CME,USD,0.0,6.25,125000.0,111575,0.8926,0.8913,0.007231166342078225,608
03/05/2001,0.8931,0.8974,0.887,0.8894,23896.0,83260.0,EC1 Curncy,Future,CME,USD,0.0,6.25,125000.0,111175,0.8894,0.8881,0.007021198853007294,609
04/05/2001,0.8892,0.9001,0.8887,0.8941,5998.0,83197.0,EC1 Curncy,Future,CME,USD,0.0,6.25,125000.0,111763,0.8941,0.8927,0.006516356343857817,610
07/05/2001,0.892,0.8926,0.8894,0.8897,14948.0,83116.0,EC1 Curncy,Future,CME,USD,0.0,6.25,125000.0,111213,0.8897,0.8882,0.006026242610460926,611
08/05/2001,0.8896,0.8907,0.8818,0.8828,10163.0,85561.0,EC1 Curncy,Future,CME,USD,0.0,6.25,125000.0,110350,0.8828,0.8813,0.006326070396921222,612
09/05/2001,0.883,0.8855,0.8806,0.8842,19669.0,83670.0,EC1 Curncy,Future,CME,USD,0.0,6.25,125000.0,110525,0.8842,0.8827,0.006170783310634472,613
10/05/2001,0.8853,0.8918,0.8778,0.8812,15243.0,87616.0,EC1 Curncy,Future,CME,USD,0.0,6.25,125000.0,110150,0.8812,0.8798,0.0064278741950046375,614
11/05/2001,0.8809,0.8815,0.8734,0.8759,7109.0,87059.0,EC1 Curncy,Future,CME,USD,0.0,6.25,125000.0,109488,0.8759,0.8749,0.006636080670607386,615
14/05/2001,0.8738,0.876,0.8722,0.874,9681.0,86639.0,EC1 Curncy,Future,CME,USD,0.0,6.25,125000.0,109250,0.874,0.873,0.007142261546607243,616
15/05/2001,0.874,0.8796,0.8733,0.8778,14327.0,86361.0,EC1 Curncy,Future,CME,USD,0.0,6.25,125000.0,109725,0.8778,0.8768,0.007496283523641039,617
16/05/2001,0.8783,0.8864,0.8745,0.8839,9835.0,86694.0,EC1 Curncy,Future,CME,USD,0.0,6.25,125000.0,110488,0.8839,0.8828,0.007553513531252352,618
17/05/2001,0.8829,0.8878,0.8789,0.8825,4397.0,86803.0,EC1 Curncy,Future,CME,USD,0.0,6.25,125000.0,110313,0.8825,0.8814,0.007648121773796024,619
18/05/2001,0.8825,0.8826,0.8752,0.8793,6652.0,86967.0,EC1 Curncy,Future,CME,USD,0.0,6.25,125000.0,109913,0.8793,0.8782,0.007825041000966955,620
21/05/2001,0.8798,0.8817,0.8737,0.8766,16590.0,86431.0,EC1 Curncy,Future,CME,USD,0.0,6.25,125000.0,109575,0.8766,0.8755,0.008142485288093236,621
22/05/2001,0.8768,0.8773,0.8624,0.8649,19934.0,90039.0,EC1 Curncy,Future,CME,USD,0.0,6.25,125000.0,108113,0.8649,0.8638,0.009268045460981323,622
23/05/2001,0.865,0.866,0.8542,0.8559,11384.0,89201.0,EC1 Curncy,Future,CME,USD,0.0,6.25,125000.0,106988,0.8559,0.8548,0.011145813862918188,623
24/05/2001,0.856,0.8609,0.8502,0.8563,4220.0,90173.0,EC1 Curncy,Future,CME,USD,0.0,6.25,125000.0,107038,0.8563,0.8552,0.01246855110535395,624
25/05/2001,0.8568,0.8624,0.8536,0.8563,11140.0,90668.0,EC1 Curncy,Future,CME,USD,0.0,6.25,125000.0,107038,0.8563,0.8552,0.012991955203130958,625
28/05/2001,0.8597,0.8604,0.858,0.8579,357.0,90668.0,EC1 Curncy,Future,CME,USD,0.0,6.25,125000.0,107238,0.8579,0.8568,0.013512615093564688,626
29/05/2001,0.8597,0.8609,0.8527,0.8558,8288.0,89249.0,EC1 Curncy,Future,CME,USD,0.0,6.25,125000.0,106975,0.8558,0.8546,0.01412087697938184,627
30/05/2001,0.8553,0.8589,0.8535,0.8567,17485.0,88862.0,EC1 Curncy,Future,CME,USD,0.0,6.25,125000.0,107088,0.8567,0.8555,0.01437263951634632,628
31/05/2001,0.8566,0.8566,0.8443,0.8459,22934.0,93413.0,EC1 Curncy,Future,CME,USD,0.0,6.25,125000.0,105738,0.8459,0.8447,0.014719389706557536,629
01/06/2001,0.8452,0.8502,0.8429,0.8477,14152.0,91898.0,EC1 Curncy,Future,CME,USD,0.0,6.25,125000.0,105963,0.8477,0.8465,0.015358898615032578,630
04/06/2001,0.847,0.8536,0.8433,0.8458,19393.0,92092.0,EC1 Curncy,Future,CME,USD,0.0,6.25,125000.0,105725,0.8458,0.8446,0.016014548593914664,631
05/06/2001,0.8457,0.8545,0.8424,0.8523,21182.0,88772.0,EC1 Curncy,Future,CME,USD,0.0,6.25,125000.0,106538,0.8523,0.8512,0.015859618532618993,632
06/06/2001,0.854,0.8568,0.8445,0.8478,19893.0,86203.0,EC1 Curncy,Future,CME,USD,0.0,6.25,125000.0,105975,0.8478,0.8467,0.01577512070741552,633
07/06/2001,0.8478,0.8515,0.8457,0.8504,20472.0,85087.0,EC1 Curncy,Future,CME,USD,0.0,6.25,125000.0,106300,0.8504,0.8492,0.015558130778905731,634
08/06/2001,0.8492,0.8505,0.8447,0.8499,19058.0,77743.0,EC1 Curncy,Future,CME,USD,0.0,6.25,125000.0,106238,0.8511,0.8499,0.01484876538078296,635
11/06/2001,0.849,0.8534,0.8395,0.8425,24732.0,75505.0,EC1 Curncy,Future,CME,USD,0.0,6.25,125000.0,105313,0.8437,0.8425,0.014610570374454132,636
12/06/2001,0.8417,0.8525,0.8402,0.8482,17836.0,63636.0,EC1 Curncy,Future,CME,USD,0.0,6.25,125000.0,106025,0.8495,0.8482,0.014329611532308908,637
13/06/2001,0.8522,0.8553,0.8497,0.8517,28452.0,57909.0,EC1 Curncy,Future,CME,USD,0.0,6.25,125000.0,106463,0.8531,0.8517,0.013690517399531843,638
14/06/2001,0.8539,0.862,0.8475,0.8615,27792.0,66878.0,EC1 Curncy,Future,CME,USD,0.0,6.25,125000.0,107688,0.8629,0.8615,0.013010764773840918,639
15/06/2001,0.861,0.8658,0.8585,0.8601,12208.0,69674.0,EC1 Curncy,Future,CME,USD,0.0,6.25,125000.0,107513,0.8616,0.8601,0.012577715743868397,640
18/06/2001,0.8616,0.8628,0.8559,0.8593,11703.0,71887.0,EC1 Curncy,Future,CME,USD,0.0,6.25,125000.0,107413,0.8582,0.8593,0.012198189756417004,641
19/06/2001,0.8593,0.8594,0.8512,0.8525,11749.0,71946.0,EC1 Curncy,Future,CME,USD,0.0,6.25,125000.0,106563,0.8525,0.8514,0.011579641617952883,642
20/06/2001,0.8514,0.854,0.8481,0.853,14588.0,71328.0,EC1 Curncy,Future,CME,USD,0.0,6.25,125000.0,106625,0.853,0.8519,0.010233919092910127,643
21/06/2001,0.8536,0.8565,0.8495,0.8537,10501.0,72026.0,EC1 Curncy,Future,CME,USD,0.0,6.25,125000.0,106713,0.8537,0.8526,0.008680293773843958,644
22/06/2001,0.8531,0.8562,0.8497,0.8543,9786.0,72865.0,EC1 Curncy,Future,CME,USD,0.0,6.25,125000.0,106788,0.8543,0.8532,0.00709266052575271,645
25/06/2001,0.8552,0.861,0.855,0.859,12146.0,75223.0,EC1 Curncy,Future,CME,USD,0.0,6.25,125000.0,107375,0.859,0.8579,0.0054735941878780855,646
26/06/2001,0.8576,0.8638,0.8575,0.8618,14977.0,74281.0,EC1 Curncy,Future,CME,USD,0.0,6.25,125000.0,107725,0.8618,0.8607,0.005236340961674139,647
27/06/2001,0.8622,0.8648,0.8573,0.8593,23198.0,73180.0,EC1 Curncy,Future,CME,USD,0.0,6.25,125000.0,107413,0.8593,0.8582,0.005345583847149531,648
28/06/2001,0.8588,0.8602,0.8423,0.8432,9632.0,77555.0,EC1 Curncy,Future,CME,USD,0.0,6.25,125000.0,105400,0.8432,0.8423,0.005699040854995493,649
29/06/2001,0.8434,0.8487,0.8427,0.8482,8892.0,76144.0,EC1 Curncy,Future,CME,USD,0.0,6.25,125000.0,106025,0.8482,0.8473,0.005737522694239113,650
02/07/2001,0.8486,0.8494,0.8431,0.8452,3562.0,76994.0,EC1 Curncy,Future,CME,USD,0.0,6.25,125000.0,105650,0.8452,0.8443,0.0058232093099003885,651
03/07/2001,0.8465,0.8491,0.8445,0.8452,15227.0,75652.0,EC1 Curncy,Future,CME,USD,0.0,6.25,125000.0,105650,0.8452,0.8443,0.0059373759636373565,652
04/07/2001,0.8467,0.847,0.8423,0.8468,1521.0,75652.0,EC1 Curncy,Future,CME,USD,0.0,6.25,125000.0,105850,0.8468,0.8459,0.005927641464661969,653
05/07/2001,0.8448,0.847,0.8343,0.8354,21155.0,80524.0,EC1 Curncy,Future,CME,USD,0.0,6.25,125000.0,104425,0.8354,0.8345,0.006661075989176304,654
06/07/2001,0.8351,0.8467,0.8342,0.8461,12255.0,81606.0,EC1 Curncy,Future,CME,USD,0.0,6.25,125000.0,105763,0.8461,0.8451,0.006701586876771399,655
09/07/2001,0.8462,0.8503,0.8433,0.8466,18686.0,80477.0,EC1 Curncy,Future,CME,USD,0.0,6.25,125000.0,105825,0.8466,0.8455,0.006677948786884177,656
10/07/2001,0.8485,0.8561,0.8478,0.8536,20413.0,81379.0,EC1 Curncy,Future,CME,USD,0.0,6.25,125000.0,106700,0.8536,0.8524,0.006693860371035115,657
11/07/2001,0.8538,0.8629,0.8521,0.8583,15541.0,80995.0,EC1 Curncy,Future,CME,USD,0.0,6.25,125000.0,107288,0.8583,0.8571,0.006812287917206157,658
12/07/2001,0.8577,0.8577,0.8496,0.8524,11680.0,80926.0,EC1 Curncy,Future,CME,USD,0.0,6.25,125000.0,106550,0.8524,0.8512,0.00681140709889761,659
13/07/2001,0.8525,0.855,0.8497,0.8528,8902.0,80843.0,EC1 Curncy,Future,CME,USD,0.0,6.25,125000.0,106600,0.8528,0.8516,0.0068075032133848995,660
16/07/2001,0.8534,0.8583,0.8515,0.854,21326.0,80702.0,EC1 Curncy,Future,CME,USD,0.0,6.25,125000.0,106750,0.854,0.8528,0.006548620719936194,661
17/07/2001,0.8516,0.8597,0.8486,0.8577,27451.0,81829.0,EC1 Curncy,Future,CME,USD,0.0,6.25,125000.0,107213,0.8577,0.8565,0.006589114760996078,662
18/07/2001,0.8584,0.873,0.856,0.8712,19457.0,84981.0,EC1 Curncy,Future,CME,USD,0.0,6.25,125000.0,108900,0.8712,0.8699,0.00757485533416803,663
19/07/2001,0.8726,0.8768,0.8669,0.8704,18098.0,84053.0,EC1 Curncy,Future,CME,USD,0.0,6.25,125000.0,108800,0.8704,0.869,0.008164990304152603,664
20/07/2001,0.8699,0.8775,0.8694,0.8704,14532.0,84517.0,EC1 Curncy,Future,CME,USD,0.0,6.25,125000.0,108800,0.8704,0.8689,0.008745650347472055,665
23/07/2001,0.8696,0.8705,0.8644,0.8676,14342.0,84286.0,EC1 Curncy,Future,CME,USD,0.0,6.25,125000.0,108450,0.8676,0.8661,0.009104766151137754,666
24/07/2001,0.8683,0.876,0.8677,0.8741,15537.0,84558.0,EC1 Curncy,Future,CME,USD,0.0,6.25,125000.0,109263,0.8741,0.8726,0.009911244456015657,667
25/07/2001,0.8732,0.8802,0.8707,0.8793,13754.0,84452.0,EC1 Curncy,Future,CME,USD,0.0,6.25,125000.0,109913,0.8793,0.8778,0.011002381560381864,668
26/07/2001,0.8799,0.8814,0.8737,0.8772,17945.0,83664.0,EC1 Curncy,Future,CME,USD,0.0,6.25,125000.0,109650,0.8772,0.8757,0.011752499025039788,669
27/07/2001,0.8767,0.8797,0.8713,0.8754,8235.0,85387.0,EC1 Curncy,Future,CME,USD,0.0,6.25,125000.0,109425,0.8754,0.8739,0.012281019230241375,670
30/07/2001,0.8756,0.8766,0.8714,0.874,13266.0,85200.0,EC1 Curncy,Future,CME,USD,0.0,6.25,125000.0,109250,0.874,0.8725,0.012689106876906536,671
31/07/2001,0.8735,0.8772,0.8716,0.8742,13630.0,87073.0,EC1 Curncy,Future,CME,USD,0.0,6.25,125000.0,109275,0.8742,0.8727,0.01305453561028587,672
01/08/2001,0.8753,0.8822,0.8753,0.8802,13418.0,89034.0,EC1 Curncy,Future,CME,USD,0.0,6.25,125000.0,110025,0.8802,0.8787,0.01371732481208414,673
02/08/2001,0.8802,0.8833,0.8775,0.8821,22523.0,90496.0,EC1 Curncy,Future,CME,USD,0.0,6.25,125000.0,110263,0.8821,0.8806,0.013939090118567553,674
03/08/2001,0.8829,0.8864,0.8764,0.8833,10141.0,93143.0,EC1 Curncy,Future,CME,USD,0.0,6.25,125000.0,110413,0.8833,0.8818,0.014302826061081183,675
06/08/2001,0.8824,0.8825,0.8778,0.881,10166.0,92667.0,EC1 Curncy,Future,CME,USD,0.0,6.25,125000.0,110125,0.881,0.8795,0.014244721829513037,676
07/08/2001,0.8803,0.8806,0.8745,0.8763,11732.0,91386.0,EC1 Curncy,Future,CME,USD,0.0,6.25,125000.0,109538,0.8763,0.8748,0.013853269168931497,677
08/08/2001,0.8765,0.88,0.8733,0.8798,20867.0,91447.0,EC1 Curncy,Future,CME,USD,0.0,6.25,125000.0,109975,0.8798,0.8783,0.013554669552108739,678
09/08/2001,0.8799,0.8932,0.8778,0.8917,13324.0,95687.0,EC1 Curncy,Future,CME,USD,0.0,6.25,125000.0,111463,0.8917,0.8901,0.012749912418007292,679
10/08/2001,0.8916,0.895,0.8905,0.8925,12054.0,96639.0,EC1 Curncy,Future,CME,USD,0.0,6.25,125000.0,111563,0.8925,0.8909,0.012625571934247203,680
13/08/2001,0.893,0.9,0.8917,0.8969,18152.0,97033.0,EC1 Curncy,Future,CME,USD,0.0,6.25,125000.0,112113,0.8969,0.8953,0.012575673606882639,681
14/08/2001,0.8959,0.903,0.8934,0.9021,22144.0,96094.0,EC1 Curncy,Future,CME,USD,0.0,6.25,125000.0,112763,0.9021,0.9005,0.013175845323931663,682
15/08/2001,0.9025,0.9143,0.9015,0.9118,18832.0,107739.0,EC1 Curncy,Future,CME,USD,0.0,6.25,125000.0,113975,0.9118,0.9102,0.014616995815379836,683
16/08/2001,0.9133,0.9196,0.9084,0.9135,15222.0,107647.0,EC1 Curncy,Future,CME,USD,0.0,6.25,125000.0,114188,0.9135,0.9119,0.015396022213551035,684
17/08/2001,0.911,0.9178,0.9096,0.9167,11866.0,109563.0,EC1 Curncy,Future,CME,USD,0.0,6.25,125000.0,114588,0.9167,0.9151,0.016054980535651495,685
20/08/2001,0.9165,0.92,0.9104,0.9131,13563.0,105584.0,EC1 Curncy,Future,CME,USD,0.0,6.25,125000.0,114138,0.9131,0.9115,0.016090525162347574,686
21/08/2001,0.9138,0.9177,0.9073,0.9124,20792.0,105486.0,EC1 Curncy,Future,CME,USD,0.0,6.25,125000.0,114050,0.9124,0.9108,0.016013284068759896,687
22/08/2001,0.9175,0.9233,0.9131,0.9137,14427.0,106192.0,EC1 Curncy,Future,CME,USD,0.0,6.25,125000.0,114213,0.9137,0.912,0.01654756578272043,688
23/08/2001,0.914,0.9162,0.9094,0.9149,18887.0,103347.0,EC1 Curncy,Future,CME,USD,0.0,6.25,125000.0,114363,0.9149,0.9132,0.016921182976773627,689
24/08/2001,0.9144,0.9162,0.9072,0.9125,9878.0,103868.0,EC1 Curncy,Future,CME,USD,0.0,6.25,125000.0,114063,0.9125,0.9108,0.016966735101371568,690
27/08/2001,0.9133,0.9142,0.9081,0.9112,20013.0,104219.0,EC1 Curncy,Future,CME,USD,0.0,6.25,125000.0,113900,0.9112,0.9095,0.016607013578609126,691
28/08/2001,0.9111,0.9125,0.9024,0.9107,16018.0,108239.0,EC1 Curncy,Future,CME,USD,0.0,6.25,125000.0,113838,0.9107,0.909,0.016429013969197985,692
29/08/2001,0.9127,0.9144,0.9082,0.91,31090.0,106412.0,EC1 Curncy,Future,CME,USD,0.0,6.25,125000.0,113750,0.91,0.9083,0.016349090698468974,693
30/08/2001,0.9088,0.9181,0.9057,0.9172,7163.0,109056.0,EC1 Curncy,Future,CME,USD,0.0,6.25,125000.0,114650,0.9172,0.9155,0.016360504270959753,694
31/08/2001,0.9162,0.9199,0.9065,0.9172,31976.0,106023.0,EC1 Curncy,Future,CME,USD,0.0,6.25,125000.0,114650,0.9172,0.9155,0.016100388194080488,695
03/09/2001,0.9092,0.91,0.9055,0.9097,1703.0,106023.0,EC1 Curncy,Future,CME,USD,0.0,6.25,125000.0,113713,0.9097,0.9079,0.015302323353010197,696
04/09/2001,0.9074,0.91,0.8844,0.8858,19934.0,97105.0,EC1 Curncy,Future,CME,USD,0.0,6.25,125000.0,110725,0.8858,0.8841,0.014616717597785519,697
05/09/2001,0.8882,0.8909,0.8843,0.8863,30976.0,93370.0,EC1 Curncy,Future,CME,USD,0.0,6.25,125000.0,110788,0.8863,0.8846,0.01429453508629826,698
06/09/2001,0.8859,0.8967,0.8824,0.8947,41417.0,88355.0,EC1 Curncy,Future,CME,USD,0.0,6.25,125000.0,111838,0.8947,0.893,0.013787977855124742,699
07/09/2001,0.896,0.9054,0.8913,0.9032,35113.0,73819.0,EC1 Curncy,Future,CME,USD,0.0,6.25,125000.0,112900,0.9051,0.9032,0.013213865192796825,700
10/09/2001,0.9043,0.9055,0.895,0.9032,34712.0,98859.0,EC1 Curncy,Future,CME,USD,0.0,6.25,125000.0,112900,0.9051,0.9032,0.012394645349238693,701
11/09/2001,0.8958,0.9075,0.8933,0.9032,2351.0,98859.0,EC1 Curncy,Future,CME,USD,0.0,6.25,125000.0,112900,0.9051,0.9032,0.010988061703506545,702
12/09/2001,0.8958,0.9075,0.8933,0.898,2351.0,98859.0,EC1 Curncy,Future,CME,USD,0.0,6.25,125000.0,112250,0.9,0.898,0.009789165779918695,703
13/09/2001,0.9035,0.9121,0.9038,0.9099,1291.0,98859.0,EC1 Curncy,Future,CME,USD,0.0,6.25,125000.0,113738,0.9121,0.9099,0.009373485655474975,704
14/09/2001,0.909,0.9227,0.9063,0.9193,4632.0,98859.0,EC1 Curncy,Future,CME,USD,0.0,6.25,125000.0,114913,0.9215,0.9193,0.009247311320958332,705
17/09/2001,0.9208,0.931,0.9145,0.9239,21302.0,99932.0,EC1 Curncy,Future,CME,USD,0.0,6.25,125000.0,115488,0.927,0.9239,0.009531514395242757,706
18/09/2001,0.9229,0.9263,0.9168,0.9249,23088.0,99080.0,EC1 Curncy,Future,CME,USD,0.0,6.25,125000.0,115613,0.9249,0.923,0.009967656026705395,707
19/09/2001,0.925,0.9302,0.921,0.9278,19257.0,105856.0,EC1 Curncy,Future,CME,USD,0.0,6.25,125000.0,115975,0.9278,0.9257,0.010615436872783298,708
20/09/2001,0.9252,0.9268,0.9203,0.9234,23055.0,104205.0,EC1 Curncy,Future,CME,USD,0.0,6.25,125000.0,115425,0.9234,0.9213,0.0109268659733725,709
21/09/2001,0.9247,0.9254,0.9069,0.9109,12359.0,103348.0,EC1 Curncy,Future,CME,USD,0.0,6.25,125000.0,113863,0.9109,0.9088,0.010851408510728609,710
24/09/2001,0.9116,0.9174,0.9084,0.9141,18978.0,103562.0,EC1 Curncy,Future,CME,USD,0.0,6.25,125000.0,114263,0.9141,0.912,0.010864056946342827,711
25/09/2001,0.9143,0.9228,0.9125,0.9207,14115.0,107385.0,EC1 Curncy,Future,CME,USD,0.0,6.25,125000.0,115088,0.9207,0.9186,0.011055280789440793,712
26/09/2001,0.921,0.9222,0.9175,0.9213,16574.0,106601.0,EC1 Curncy,Future,CME,USD,0.0,6.25,125000.0,115163,0.9213,0.9192,0.01124533236503236,713
27/09/2001,0.921,0.9212,0.9139,0.9153,23272.0,106788.0,EC1 Curncy,Future,CME,USD,0.0,6.25,125000.0,114413,0.9153,0.9132,0.011251454720762891,714
28/09/2001,0.916,0.9163,0.9059,0.9084,17728.0,106999.0,EC1 Curncy,Future,CME,USD,0.0,6.25,125000.0,113550,0.9084,0.9062,0.011258194052927765,715
01/10/2001,0.9088,0.9156,0.9044,0.9149,15293.0,108663.0,EC1 Curncy,Future,CME,USD,0.0,6.25,125000.0,114363,0.9149,0.9127,0.01128778838686795,716
02/10/2001,0.915,0.9176,0.9116,0.9167,21569.0,108627.0,EC1 Curncy,Future,CME,USD,0.0,6.25,125000.0,114588,0.9167,0.9145,0.011345667308127364,717
03/10/2001,0.9165,0.9212,0.9106,0.9109,15156.0,111360.0,EC1 Curncy,Future,CME,USD,0.0,6.25,125000.0,113863,0.9109,0.9087,0.011343128610163506,718
04/10/2001,0.9124,0.9167,0.9093,0.9136,12190.0,111346.0,EC1 Curncy,Future,CME,USD,0.0,6.25,125000.0,114200,0.9136,0.9114,0.011286973317356183,719
05/10/2001,0.9156,0.9188,0.9137,0.9151,13058.0,112295.0,EC1 Curncy,Future,CME,USD,0.0,6.25,125000.0,114388,0.9151,0.9128,0.011247367099313099,720
08/10/2001,0.9171,0.9221,0.9148,0.9151,15081.0,113303.0,EC1 Curncy,Future,CME,USD,0.0,6.25,125000.0,114388,0.9151,0.9128,0.011273023847518016,721
09/10/2001,0.9185,0.9204,0.9102,0.9114,13722.0,112039.0,EC1 Curncy,Future,CME,USD,0.0,6.25,125000.0,113925,0.9114,0.909,0.00995276845907907,722
10/10/2001,0.9114,0.9138,0.9079,0.9085,23561.0,112577.0,EC1 Curncy,Future,CME,USD,0.0,6.25,125000.0,113563,0.9085,0.906,0.008412336179684897,723
11/10/2001,0.9084,0.9103,0.897,0.9012,22107.0,107145.0,EC1 Curncy,Future,CME,USD,0.0,6.25,125000.0,112650,0.9012,0.8987,0.007903874577279668,724
12/10/2001,0.9005,0.9106,0.8994,0.907,11749.0,106429.0,EC1 Curncy,Future,CME,USD,0.0,6.25,125000.0,113375,0.907,0.9045,0.007734345479743835,725
15/10/2001,0.9093,0.9118,0.9044,0.9063,13439.0,106208.0,EC1 Curncy,Future,CME,USD,0.0,6.25,125000.0,113288,0.9063,0.9038,0.007584936826810098,726
16/10/2001,0.907,0.9092,0.9018,0.9066,22010.0,105485.0,EC1 Curncy,Future,CME,USD,0.0,6.25,125000.0,113325,0.9066,0.9041,0.0074179916419495106,727
17/10/2001,0.906,0.9072,0.899,0.901,13216.0,104894.0,EC1 Curncy,Future,CME,USD,0.0,6.25,125000.0,112625,0.901,0.8985,0.00717179196575251,728
18/10/2001,0.9016,0.9037,0.8975,0.9023,18041.0,103678.0,EC1 Curncy,Future,CME,USD,0.0,6.25,125000.0,112788,0.9023,0.8998,0.007503070482589116,729
19/10/2001,0.9018,0.9018,0.8947,0.8975,23532.0,103735.0,EC1 Curncy,Future,CME,USD,0.0,6.25,125000.0,112188,0.8975,0.895,0.008061902174220623,730
22/10/2001,0.897,0.8984,0.8878,0.8907,14078.0,105391.0,EC1 Curncy,Future,CME,USD,0.0,6.25,125000.0,111338,0.8907,0.8882,0.008845398050212757,731
23/10/2001,0.8899,0.892,0.8853,0.8888,10391.0,103144.0,EC1 Curncy,Future,CME,USD,0.0,6.25,125000.0,111100,0.8888,0.8863,0.00947782499662832,732
24/10/2001,0.8886,0.8926,0.8882,0.8917,21275.0,100583.0,EC1 Curncy,Future,CME,USD,0.0,6.25,125000.0,111463,0.8917,0.8892,0.00939941842172789,733
25/10/2001,0.8924,0.8961,0.8861,0.8921,9356.0,104550.0,EC1 Curncy,Future,CME,USD,0.0,6.25,125000.0,111513,0.8921,0.8894,0.009421592222127599,734
26/10/2001,0.8909,0.8934,0.8888,0.8902,14080.0,99644.0,EC1 Curncy,Future,CME,USD,0.0,6.25,125000.0,111275,0.8902,0.8875,0.009983406232346654,735
29/10/2001,0.8913,0.9034,0.891,0.9018,18182.0,105973.0,EC1 Curncy,Future,CME,USD,0.0,6.25,125000.0,112725,0.9018,0.8991,0.009893679800764712,736
30/10/2001,0.9039,0.909,0.902,0.9032,22916.0,106363.0,EC1 Curncy,Future,CME,USD,0.0,6.25,125000.0,112900,0.9032,0.9005,0.009415142059473249,737
31/10/2001,0.9029,0.9057,0.8972,0.8984,24968.0,105018.0,EC1 Curncy,Future,CME,USD,0.0,6.25,125000.0,112300,0.8984,0.8957,0.008889278185923317,738
01/11/2001,0.8988,0.9105,0.8978,0.9022,18759.0,104603.0,EC1 Curncy,Future,CME,USD,0.0,6.25,125000.0,112775,0.9022,0.8995,0.008598123826358902,739
02/11/2001,0.9011,0.9061,0.899,0.9009,10426.0,101933.0,EC1 Curncy,Future,CME,USD,0.0,6.25,125000.0,112613,0.9009,0.8982,0.0085625774935706,740
05/11/2001,0.8999,0.9001,0.8931,0.8959,10059.0,100794.0,EC1 Curncy,Future,CME,USD,0.0,6.25,125000.0,111988,0.8959,0.8932,0.00835139110169105,741
06/11/2001,0.8963,0.898,0.8927,0.8959,17968.0,101390.0,EC1 Curncy,Future,CME,USD,0.0,6.25,125000.0,111988,0.8959,0.8932,0.007930674624524327,742
07/11/2001,0.8934,0.9033,0.8925,0.894,22416.0,103406.0,EC1 Curncy,Future,CME,USD,0.0,6.25,125000.0,111750,0.894,0.8912,0.007854302430308062,743
08/11/2001,0.8967,0.8985,0.8894,0.8918,11820.0,98758.0,EC1 Curncy,Future,CME,USD,0.0,6.25,125000.0,111475,0.8918,0.889,0.007633788923818428,744
09/11/2001,0.8914,0.8934,0.888,0.8923,12125.0,97747.0,EC1 Curncy,Future,CME,USD,0.0,6.25,125000.0,111538,0.8923,0.8895,0.00714898127941431,745
12/11/2001,0.8934,0.9009,0.8902,0.8923,25224.0,98554.0,EC1 Curncy,Future,CME,USD,0.0,6.25,125000.0,111538,0.8923,0.8895,0.006496794081192635,746
13/11/2001,0.8929,0.8929,0.878,0.8802,21232.0,107028.0,EC1 Curncy,Future,CME,USD,0.0,6.25,125000.0,110025,0.8802,0.8774,0.006911000892303829,747
14/11/2001,0.8796,0.883,0.876,0.8822,14680.0,111093.0,EC1 Curncy,Future,CME,USD,0.0,6.25,125000.0,110275,0.8822,0.8794,0.007135065988956352,748
15/11/2001,0.8817,0.8844,0.8796,0.8805,10041.0,110046.0,EC1 Curncy,Future,CME,USD,0.0,6.25,125000.0,110063,0.8805,0.8777,0.007715391543322021,749
16/11/2001,0.8807,0.8856,0.8803,0.8837,11812.0,109454.0,EC1 Curncy,Future,CME,USD,0.0,6.25,125000.0,110463,0.8837,0.881,0.007666920285666771,750
19/11/2001,0.8834,0.8843,0.8756,0.8788,10054.0,112066.0,EC1 Curncy,Future,CME,USD,0.0,6.25,125000.0,109850,0.8788,0.8761,0.007873372847776642,751
20/11/2001,0.878,0.8834,0.8773,0.8821,8658.0,111855.0,EC1 Curncy,Future,CME,USD,0.0,6.25,125000.0,110263,0.8821,0.8794,0.007684399781382443,752
21/11/2001,0.8827,0.8828,0.8745,0.8821,10791.0,110690.0,EC1 Curncy,Future,CME,USD,0.0,6.25,125000.0,110263,0.8821,0.8794,0.0077346557777391535,753
22/11/2001,0.8777,0.8786,0.8757,0.8773,2230.0,110690.0,EC1 Curncy,Future,CME,USD,0.0,6.25,125000.0,109663,0.8773,0.8747,0.0079162217418908,754
23/11/2001,0.8775,0.8806,0.873,0.8777,10241.0,111215.0,EC1 Curncy,Future,CME,USD,0.0,6.25,125000.0,109713,0.8777,0.8751,0.008189552287322419,755
26/11/2001,0.8772,0.8823,0.8772,0.8797,13815.0,108588.0,EC1 Curncy,Future,CME,USD,0.0,6.25,125000.0,109963,0.8797,0.8771,0.008435032108225176,756
27/11/2001,0.8797,0.8832,0.8763,0.8816,15956.0,108970.0,EC1 Curncy,Future,CME,USD,0.0,6.25,125000.0,110200,0.8816,0.8789,0.008579193823826973,757
28/11/2001,0.8828,0.888,0.8815,0.8871,18166.0,110239.0,EC1 Curncy,Future,CME,USD,0.0,6.25,125000.0,110888,0.8871,0.8843,0.008571415674600763,758
29/11/2001,0.887,0.8915,0.8853,0.8883,28093.0,106135.0,EC1 Curncy,Future,CME,USD,0.0,6.25,125000.0,111038,0.8883,0.8854,0.008547071623278875,759
30/11/2001,0.8871,0.8975,0.8843,0.8954,14103.0,107753.0,EC1 Curncy,Future,CME,USD,0.0,6.25,125000.0,111925,0.8954,0.8924,0.008645069885978832,760
03/12/2001,0.8954,0.8964,0.8885,0.8914,12410.0,105007.0,EC1 Curncy,Future,CME,USD,0.0,6.25,125000.0,111425,0.8914,0.8884,0.00824525115850288,761
04/12/2001,0.8907,0.8918,0.8883,0.8897,18201.0,102163.0,EC1 Curncy,Future,CME,USD,0.0,6.25,125000.0,111213,0.8897,0.8867,0.007671321050953043,762
05/12/2001,0.89,0.8935,0.8844,0.8865,18154.0,99035.0,EC1 Curncy,Future,CME,USD,0.0,6.25,125000.0,110813,0.8865,0.8835,0.007366120643423098,763
06/12/2001,0.8883,0.8951,0.8864,0.8948,18704.0,99126.0,EC1 Curncy,Future,CME,USD,0.0,6.25,125000.0,111850,0.8948,0.8918,0.006887447519470848,764
07/12/2001,0.8944,0.8949,0.8878,0.8894,13123.0,93948.0,EC1 Curncy,Future,CME,USD,0.0,6.25,125000.0,111175,0.8894,0.8863,0.0062993729846813765,765
10/12/2001,0.8862,0.8882,0.8808,0.8862,31747.0,87591.0,EC1 Curncy,Future,CME,USD,0.0,6.25,125000.0,110775,0.8894,0.8862,0.006009367687214274,766
11/12/2001,0.8873,0.8897,0.8849,0.8881,23785.0,65153.0,EC1 Curncy,Future,CME,USD,0.0,6.25,125000.0,111013,0.8913,0.8881,0.005691845043580881,767
12/12/2001,0.8891,0.8955,0.8889,0.8948,21923.0,69353.0,EC1 Curncy,Future,CME,USD,0.0,6.25,125000.0,111850,0.898,0.8948,0.005739991289203853,768
13/12/2001,0.895,0.896,0.8888,0.8902,22790.0,76728.0,EC1 Curncy,Future,CME,USD,0.0,6.25,125000.0,111275,0.8934,0.8902,0.005683124140834541,769
14/12/2001,0.8902,0.9021,0.8891,0.901,9614.0,90725.0,EC1 Curncy,Future,CME,USD,0.0,6.25,125000.0,112625,0.9041,0.901,0.006310578420409252,770
17/12/2001,0.9006,0.9051,0.8982,0.8995,9875.0,90517.0,EC1 Curncy,Future,CME,USD,0.0,6.25,125000.0,112438,0.9052,0.8995,0.00673873875440603,771
18/12/2001,0.8991,0.9009,0.8963,0.8996,10396.0,89477.0,EC1 Curncy,Future,CME,USD,0.0,6.25,125000.0,112450,0.8996,0.8972,0.007064342385067689,772
19/12/2001,0.9004,0.9004,0.8922,0.8969,9691.0,89312.0,EC1 Curncy,Future,CME,USD,0.0,6.25,125000.0,112113,0.8969,0.8945,0.007214307543587361,773
20/12/2001,0.8974,0.8983,0.8933,0.897,27352.0,92564.0,EC1 Curncy,Future,CME,USD,0.0,6.25,125000.0,112125,0.897,0.8946,0.00724511789644992,774
21/12/2001,0.8967,0.8985,0.8828,0.8841,8595.0,92903.0,EC1 Curncy,Future,CME,USD,0.0,6.25,125000.0,110513,0.8841,0.8817,0.007233920099097412,775
24/12/2001,0.8858,0.8878,0.8713,0.8841,7225.0,91640.0,EC1 Curncy,Future,CME,USD,0.0,6.25,125000.0,110513,0.8841,0.8817,0.007003491986154104,776
25/12/2001,0.8858,0.8878,0.8713,0.8735,7225.0,91640.0,EC1 Curncy,Future,CME,USD,0.0,6.25,125000.0,109188,0.8735,0.8711,0.0075459150096896434,777
26/12/2001,0.8768,0.8785,0.8741,0.8757,12644.0,90179.0,EC1 Curncy,Future,CME,USD,0.0,6.25,125000.0,109463,0.8757,0.8733,0.007878276038160919,778
27/12/2001,0.878,0.8843,0.8746,0.8802,10369.0,92453.0,EC1 Curncy,Future,CME,USD,0.0,6.25,125000.0,110025,0.8802,0.8778,0.007728195132120221,779
28/12/2001,0.8808,0.8825,0.8766,0.8813,3808.0,88099.0,EC1 Curncy,Future,CME,USD,0.0,6.25,125000.0,110163,0.8813,0.8789,0.007550059602422095,780
31/12/2001,0.8818,0.8894,0.88,0.8813,19346.0,90060.0,EC1 Curncy,Future,CME,USD,0.0,6.25,125000.0,110163,0.8813,0.8789,0.007477517413339307,781
01/01/2002,0.8818,0.8894,0.88,0.8878,19346.0,90060.0,EC1 Curncy,Future,CME,USD,0.0,6.25,125000.0,110975,0.8878,0.8854,0.007333375757461557,782
02/01/2002,0.898,0.904,0.898,0.9013,17506.0,97038.0,EC1 Curncy,Future,CME,USD,0.0,6.25,125000.0,112663,0.9013,0.8988,0.007723194503148021,783
03/01/2002,0.9011,0.903,0.8952,0.8974,12801.0,95560.0,EC1 Curncy,Future,CME,USD,0.0,6.25,125000.0,112175,0.8974,0.8949,0.00787603538167867,784
04/01/2002,0.8964,0.8974,0.8914,0.8927,10804.0,93775.0,EC1 Curncy,Future,CME,USD,0.0,6.25,125000.0,111588,0.8927,0.8901,0.00781558272513667,785
07/01/2002,0.8926,0.897,0.8857,0.8907,10191.0,92912.0,EC1 Curncy,Future,CME,USD,0.0,6.25,125000.0,111338,0.8907,0.8881,0.0078107895460993474,786
08/01/2002,0.8907,0.8909,0.8855,0.8899,14840.0,95128.0,EC1 Curncy,Future,CME,USD,0.0,6.25,125000.0,111238,0.8899,0.8871,0.007810836489569356,787
09/01/2002,0.8907,0.8926,0.8837,0.8881,11376.0,94518.0,EC1 Curncy,Future,CME,USD,0.0,6.25,125000.0,111013,0.8881,0.8852,0.007789537855362229,788
10/01/2002,0.8887,0.8915,0.8877,0.8892,9150.0,94301.0,EC1 Curncy,Future,CME,USD,0.0,6.25,125000.0,111150,0.8892,0.8862,0.0077206972914879175,789
11/01/2002,0.8893,0.8903,0.8873,0.8897,7780.0,95780.0,EC1 Curncy,Future,CME,USD,0.0,6.25,125000.0,111213,0.8897,0.8866,0.007720606625569574,790
14/01/2002,0.8913,0.8929,0.889,0.8917,11259.0,97884.0,EC1 Curncy,Future,CME,USD,0.0,6.25,125000.0,111463,0.8917,0.8884,0.007697657652393647,791
15/01/2002,0.8919,0.8919,0.8796,0.8818,10016.0,98677.0,EC1 Curncy,Future,CME,USD,0.0,6.25,125000.0,110225,0.8818,0.8784,0.00785816984630999,792
16/01/2002,0.881,0.882,0.878,0.8801,8048.0,98888.0,EC1 Curncy,Future,CME,USD,0.0,6.25,125000.0,110013,0.8801,0.8767,0.007999995833340056,793
17/01/2002,0.88,0.8827,0.877,0.8792,2995.0,99113.0,EC1 Curncy,Future,CME,USD,0.0,6.25,125000.0,109900,0.8792,0.8758,0.008229981773985103,794
18/01/2002,0.8792,0.8828,0.8775,0.8792,2995.0,100885.0,EC1 Curncy,Future,CME,USD,0.0,6.25,125000.0,109900,0.8792,0.8758,0.00800801681650734,795
21/01/2002,0.8818,0.8843,0.8806,0.8825,2211.0,100885.0,EC1 Curncy,Future,CME,USD,0.0,6.25,125000.0,110313,0.8825,0.8791,0.007677456175939241,796
22/01/2002,0.8811,0.8843,0.879,0.884,15397.0,102167.0,EC1 Curncy,Future,CME,USD,0.0,6.25,125000.0,110500,0.884,0.8803,0.0072317171773701545,797
23/01/2002,0.8849,0.8868,0.8748,0.8756,10906.0,103058.0,EC1 Curncy,Future,CME,USD,0.0,6.25,125000.0,109450,0.8756,0.8722,0.007194805996931018,798
24/01/2002,0.8761,0.8773,0.8734,0.8747,20172.0,100194.0,EC1 Curncy,Future,CME,USD,0.0,6.25,125000.0,109338,0.8747,0.8714,0.007094406247188377,799
25/01/2002,0.8763,0.8765,0.8614,0.863,13571.0,101047.0,EC1 Curncy,Future,CME,USD,0.0,6.25,125000.0,107875,0.863,0.8598,0.00831110301545366,800
28/01/2002,0.8624,0.8644,0.8554,0.8595,13430.0,107786.0,EC1 Curncy,Future,CME,USD,0.0,6.25,125000.0,107438,0.8595,0.8563,0.009625031601687739,801
29/01/2002,0.8599,0.864,0.8576,0.863,16387.0,106364.0,EC1 Curncy,Future,CME,USD,0.0,6.25,125000.0,107875,0.863,0.8598,0.010256326502870792,802
30/01/2002,0.8642,0.8656,0.8583,0.8599,18199.0,104987.0,EC1 Curncy,Future,CME,USD,0.0,6.25,125000.0,107488,0.8599,0.8567,0.011134560311637494,803
31/01/2002,0.8599,0.8629,0.8561,0.8568,13921.0,104832.0,EC1 Curncy,Future,CME,USD,0.0,6.25,125000.0,107100,0.8568,0.8537,0.012202755153386355,804
01/02/2002,0.8577,0.8629,0.8549,0.8601,14739.0,103910.0,EC1 Curncy,Future,CME,USD,0.0,6.25,125000.0,107513,0.8601,0.8572,0.01288525384564986,805
04/02/2002,0.8604,0.8694,0.8593,0.8686,18260.0,104001.0,EC1 Curncy,Future,CME,USD,0.0,6.25,125000.0,108575,0.8686,0.8657,0.013079436787065291,806
05/02/2002,0.8684,0.8715,0.8638,0.8659,15624.0,103470.0,EC1 Curncy,Future,CME,USD,0.0,6.25,125000.0,108238,0.8659,0.8629,0.013230100780675894,807
06/02/2002,0.8663,0.8692,0.8619,0.8673,14662.0,103276.0,EC1 Curncy,Future,CME,USD,0.0,6.25,125000.0,108413,0.8673,0.8643,0.012526514545828269,808
07/02/2002,0.8663,0.8703,0.8633,0.8697,9997.0,103956.0,EC1 Curncy,Future,CME,USD,0.0,6.25,125000.0,108713,0.8697,0.8666,0.01187569927766441,809
08/02/2002,0.869,0.874,0.8684,0.872,12614.0,103931.0,EC1 Curncy,Future,CME,USD,0.0,6.25,125000.0,109000,0.872,0.8689,0.011382637362822502,810
11/02/2002,0.8697,0.8788,0.8694,0.8753,7443.0,104716.0,EC1 Curncy,Future,CME,USD,0.0,6.25,125000.0,109413,0.8753,0.8722,0.010921176676539591,811
12/02/2002,0.8755,0.8788,0.8729,0.8752,9268.0,102221.0,EC1 Curncy,Future,CME,USD,0.0,6.25,125000.0,109400,0.8752,0.8721,0.01045281780192284,812
13/02/2002,0.8754,0.8757,0.8697,0.8703,10160.0,102328.0,EC1 Curncy,Future,CME,USD,0.0,6.25,125000.0,108788,0.8703,0.8672,0.010057067166932835,813
14/02/2002,0.8703,0.8736,0.867,0.8728,4187.0,101172.0,EC1 Curncy,Future,CME,USD,0.0,6.25,125000.0,109100,0.8728,0.8697,0.009501126249040244,814
15/02/2002,0.8728,0.8732,0.8684,0.8728,18334.0,100963.0,EC1 Curncy,Future,CME,USD,0.0,6.25,125000.0,109100,0.8728,0.8697,0.008819108042589757,815
18/02/2002,0.8722,0.873,0.8691,0.8717,2664.0,100963.0,EC1 Curncy,Future,CME,USD,0.0,6.25,125000.0,108963,0.8717,0.8686,0.00781088983408474,816
19/02/2002,0.8698,0.8772,0.8655,0.875,9589.0,106767.0,EC1 Curncy,Future,CME,USD,0.0,6.25,125000.0,109375,0.875,0.8719,0.007541591344020809,817
20/02/2002,0.8755,0.8774,0.8678,0.8694,8000.0,102376.0,EC1 Curncy,Future,CME,USD,0.0,6.25,125000.0,108675,0.8694,0.8663,0.00730154093326961,818
21/02/2002,0.8688,0.8711,0.8672,0.8678,9930.0,99780.0,EC1 Curncy,Future,CME,USD,0.0,6.25,125000.0,108475,0.8678,0.8647,0.007091114157889002,819
22/02/2002,0.8695,0.8768,0.8673,0.8749,7337.0,105750.0,EC1 Curncy,Future,CME,USD,0.0,6.25,125000.0,109363,0.8749,0.8718,0.006910639140741473,820
25/02/2002,0.8746,0.8748,0.8681,0.8682,12008.0,101572.0,EC1 Curncy,Future,CME,USD,0.0,6.25,125000.0,108525,0.8682,0.8651,0.006398111700615328,821
26/02/2002,0.8685,0.8717,0.861,0.8631,10381.0,102249.0,EC1 Curncy,Future,CME,USD,0.0,6.25,125000.0,107888,0.8631,0.86,0.00573370735216067,822
27/02/2002,0.8632,0.8661,0.862,0.8649,11023.0,101158.0,EC1 Curncy,Future,CME,USD,0.0,6.25,125000.0,108113,0.8649,0.8617,0.005579223362938308,823
28/02/2002,0.865,0.8695,0.8623,0.8682,9649.0,109865.0,EC1 Curncy,Future,CME,USD,0.0,6.25,125000.0,108525,0.8682,0.865,0.0054064529345549525,824
01/03/2002,0.8688,0.8688,0.8628,0.8646,11589.0,108797.0,EC1 Curncy,Future,CME,USD,0.0,6.25,125000.0,108075,0.8646,0.8615,0.005356304696357761,825
04/03/2002,0.865,0.8712,0.8627,0.8688,9534.0,111473.0,EC1 Curncy,Future,CME,USD,0.0,6.25,125000.0,108600,0.8688,0.8657,0.005065086376383184,826
05/03/2002,0.8693,0.8723,0.8645,0.8712,13644.0,106571.0,EC1 Curncy,Future,CME,USD,0.0,6.25,125000.0,108900,0.8712,0.8681,0.004975523423073638,827
06/03/2002,0.8714,0.8771,0.8693,0.8758,21380.0,106396.0,EC1 Curncy,Future,CME,USD,0.0,6.25,125000.0,109475,0.8758,0.8727,0.004833966625200431,828
07/03/2002,0.8757,0.8838,0.8738,0.8832,23281.0,100196.0,EC1 Curncy,Future,CME,USD,0.0,6.25,125000.0,110400,0.8832,0.8801,0.004891874214812467,829
08/03/2002,0.8783,0.88,0.869,0.8702,14880.0,87578.0,EC1 Curncy,Future,CME,USD,0.0,6.25,125000.0,108775,0.8732,0.8702,0.004410147389851277,830
11/03/2002,0.8703,0.8738,0.8701,0.8723,22198.0,75078.0,EC1 Curncy,Future,CME,USD,0.0,6.25,125000.0,109038,0.8753,0.8723,0.004399647713193797,831
12/03/2002,0.8719,0.873,0.8673,0.8729,18041.0,58256.0,EC1 Curncy,Future,CME,USD,0.0,6.25,125000.0,109113,0.8759,0.8729,0.00429471380500225,832
13/03/2002,0.8723,0.8751,0.8694,0.8734,19173.0,63238.0,EC1 Curncy,Future,CME,USD,0.0,6.25,125000.0,109175,0.8765,0.8734,0.004242554262101532,833
14/03/2002,0.8726,0.8812,0.8723,0.8793,19971.0,77560.0,EC1 Curncy,Future,CME,USD,0.0,6.25,125000.0,109913,0.8824,0.8793,0.004513010820602394,834
15/03/2002,0.8798,0.8838,0.8777,0.8791,9367.0,92373.0,EC1 Curncy,Future,CME,USD,0.0,6.25,125000.0,109888,0.8822,0.8791,0.0047478661874088,835
18/03/2002,0.8785,0.8798,0.8752,0.879,9854.0,94550.0,EC1 Curncy,Future,CME,USD,0.0,6.25,125000.0,109875,0.8798,0.879,0.004909419517642164,836
19/03/2002,0.8798,0.8812,0.8766,0.8797,10589.0,94840.0,EC1 Curncy,Future,CME,USD,0.0,6.25,125000.0,109963,0.8797,0.8773,0.005104008228853584,837
20/03/2002,0.8792,0.883,0.8756,0.8812,10290.0,99263.0,EC1 Curncy,Future,CME,USD,0.0,6.25,125000.0,110150,0.8812,0.8788,0.005380210652648263,838
21/03/2002,0.8824,0.883,0.8777,0.8788,14151.0,97386.0,EC1 Curncy,Future,CME,USD,0.0,6.25,125000.0,109850,0.8788,0.8764,0.005513317210796854,839
22/03/2002,0.8797,0.8797,0.872,0.8738,5071.0,98808.0,EC1 Curncy,Future,CME,USD,0.0,6.25,125000.0,109225,0.8738,0.8715,0.005515281800011247,840
25/03/2002,0.8739,0.8752,0.8725,0.8743,10482.0,102243.0,EC1 Curncy,Future,CME,USD,0.0,6.25,125000.0,109288,0.8743,0.872,0.005513081413045538,841
26/03/2002,0.8738,0.877,0.8704,0.8739,7691.0,103549.0,EC1 Curncy,Future,CME,USD,0.0,6.25,125000.0,109238,0.8739,0.8716,0.005502196531101773,842
27/03/2002,0.8738,0.8742,0.8692,0.87,3371.0,100730.0,EC1 Curncy,Future,CME,USD,0.0,6.25,125000.0,108750,0.87,0.8677,0.005486580598776279,843
28/03/2002,0.8696,0.8713,0.8674,0.87,12305.0,101125.0,EC1 Curncy,Future,CME,USD,0.0,6.25,125000.0,108750,0.87,0.8677,0.005414465193676525,844
29/03/2002,0.8696,0.8713,0.8674,0.8682,12305.0,101125.0,EC1 Curncy,Future,CME,USD,0.0,6.25,125000.0,108525,0.8682,0.8659,0.005493699421476906,845
01/04/2002,0.8688,0.8793,0.8686,0.878,9101.0,110249.0,EC1 Curncy,Future,CME,USD,0.0,6.25,125000.0,109750,0.878,0.8756,0.005489237955630458,846
02/04/2002,0.8775,0.8789,0.8746,0.8763,7744.0,108433.0,EC1 Curncy,Future,CME,USD,0.0,6.25,125000.0,109538,0.8763,0.8739,0.005081312166510909,847
03/04/2002,0.8767,0.8805,0.8748,0.8783,13547.0,109565.0,EC1 Curncy,Future,CME,USD,0.0,6.25,125000.0,109788,0.8783,0.8758,0.0047927027865491785,848
04/04/2002,0.8784,0.8831,0.8741,0.8751,8922.0,102966.0,EC1 Curncy,Future,CME,USD,0.0,6.25,125000.0,109388,0.8751,0.8726,0.0046149647886192064,849
05/04/2002,0.8755,0.8789,0.8748,0.8767,10737.0,100116.0,EC1 Curncy,Future,CME,USD,0.0,6.25,125000.0,109588,0.8767,0.8741,0.004119971682774033,850
08/04/2002,0.8767,0.8769,0.8711,0.8716,10455.0,97665.0,EC1 Curncy,Future,CME,USD,0.0,6.25,125000.0,108950,0.8716,0.8689,0.003974808171496175,851
09/04/2002,0.8721,0.8785,0.8712,0.8781,7799.0,103639.0,EC1 Curncy,Future,CME,USD,0.0,6.25,125000.0,109763,0.8781,0.8754,0.003917984175592295,852
10/04/2002,0.8785,0.88,0.8764,0.878,14004.0,103189.0,EC1 Curncy,Future,CME,USD,0.0,6.25,125000.0,109750,0.878,0.8753,0.00394800371498364,853
11/04/2002,0.878,0.8823,0.8768,0.8807,7328.0,111291.0,EC1 Curncy,Future,CME,USD,0.0,6.25,125000.0,110088,0.8807,0.878,0.003776912319191219,854
12/04/2002,0.8801,0.8801,0.8751,0.8769,5167.0,107413.0,EC1 Curncy,Future,CME,USD,0.0,6.25,125000.0,109613,0.8769,0.8742,0.003615277767132706,855
15/04/2002,0.877,0.88,0.8766,0.8779,9045.0,106710.0,EC1 Curncy,Future,CME,USD,0.0,6.25,125000.0,109738,0.8779,0.8752,0.0035609128043508514,856
16/04/2002,0.8769,0.8818,0.8769,0.8797,12443.0,113528.0,EC1 Curncy,Future,CME,USD,0.0,6.25,125000.0,109963,0.8797,0.8769,0.0035701307165875787,857
17/04/2002,0.8801,0.8887,0.8796,0.8872,16638.0,122052.0,EC1 Curncy,Future,CME,USD,0.0,6.25,125000.0,110900,0.8872,0.8843,0.004123764461450233,858
18/04/2002,0.8882,0.89,0.8837,0.8881,6335.0,111833.0,EC1 Curncy,Future,CME,USD,0.0,6.25,125000.0,111013,0.8881,0.8851,0.004677987459031062,859
19/04/2002,0.8889,0.8902,0.8858,0.8894,7214.0,109728.0,EC1 Curncy,Future,CME,USD,0.0,6.25,125000.0,111175,0.8894,0.8866,0.005266630801583076,860
22/04/2002,0.888,0.8886,0.8848,0.8876,8557.0,109288.0,EC1 Curncy,Future,CME,USD,0.0,6.25,125000.0,110950,0.8876,0.8846,0.00562790665643235,861
23/04/2002,0.8877,0.8881,0.8842,0.8866,10416.0,112458.0,EC1 Curncy,Future,CME,USD,0.0,6.25,125000.0,110825,0.8866,0.8836,0.005879348036433503,862
24/04/2002,0.8868,0.8911,0.8856,0.8902,12333.0,115599.0,EC1 Curncy,Future,CME,USD,0.0,6.25,125000.0,111275,0.8902,0.8872,0.0063257199853860935,863
25/04/2002,0.8906,0.8973,0.8897,0.8961,15962.0,116838.0,EC1 Curncy,Future,CME,USD,0.0,6.25,125000.0,112013,0.8961,0.893,0.007228526820879687,864
26/04/2002,0.8958,0.9006,0.8943,0.8996,7130.0,116369.0,EC1 Curncy,Future,CME,USD,0.0,6.25,125000.0,112450,0.8996,0.8965,0.008187490458020264,865
29/04/2002,0.8994,0.9027,0.8991,0.9017,9280.0,123956.0,EC1 Curncy,Future,CME,USD,0.0,6.25,125000.0,112713,0.9017,0.8985,0.009125462545363665,866
30/04/2002,0.9013,0.9021,0.8973,0.899,14205.0,122251.0,EC1 Curncy,Future,CME,USD,0.0,6.25,125000.0,112375,0.899,0.8958,0.009628689768957728,867
01/05/2002,0.8986,0.9068,0.8979,0.9041,9870.0,129499.0,EC1 Curncy,Future,CME,USD,0.0,6.25,125000.0,113013,0.9041,0.9009,0.010191846414339874,868
02/05/2002,0.9046,0.9058,0.8995,0.901,17902.0,129004.0,EC1 Curncy,Future,CME,USD,0.0,6.25,125000.0,112625,0.901,0.8977,0.010327313300183848,869
03/05/2002,0.9012,0.9158,0.901,0.915,8209.0,128704.0,EC1 Curncy,Future,CME,USD,0.0,6.25,125000.0,114375,0.915,0.9115,0.01133893293040164,870
06/05/2002,0.9151,0.917,0.912,0.915,9888.0,131527.0,EC1 Curncy,Future,CME,USD,0.0,6.25,125000.0,114375,0.915,0.9115,0.012483605248490551,871
07/05/2002,0.9162,0.9174,0.9098,0.9135,12530.0,131063.0,EC1 Curncy,Future,CME,USD,0.0,6.25,125000.0,114188,0.9135,0.91,0.013179393005754656,872
08/05/2002,0.9132,0.9132,0.902,0.9037,11517.0,128784.0,EC1 Curncy,Future,CME,USD,0.0,6.25,125000.0,112963,0.9037,0.9002,0.013228126599540238,873
09/05/2002,0.9026,0.9098,0.9026,0.9075,7047.0,127337.0,EC1 Curncy,Future,CME,USD,0.0,6.25,125000.0,113438,0.9075,0.904,0.013202792633888438,874
10/05/2002,0.9081,0.9134,0.9073,0.9122,8700.0,127372.0,EC1 Curncy,Future,CME,USD,0.0,6.25,125000.0,114025,0.9122,0.9086,0.013374655135745369,875
13/05/2002,0.9116,0.9153,0.9084,0.9105,10647.0,125909.0,EC1 Curncy,Future,CME,USD,0.0,6.25,125000.0,113813,0.9105,0.9069,0.012963073195302904,876
14/05/2002,0.9105,0.9108,0.8998,0.901,11451.0,126855.0,EC1 Curncy,Future,CME,USD,0.0,6.25,125000.0,112625,0.901,0.8974,0.012507541724899839,877
15/05/2002,0.9013,0.9113,0.8987,0.9101,8385.0,130175.0,EC1 Curncy,Future,CME,USD,0.0,6.25,125000.0,113763,0.9101,0.9064,0.012217593871139496,878
16/05/2002,0.91,0.913,0.9075,0.9106,14418.0,130650.0,EC1 Curncy,Future,CME,USD,0.0,6.25,125000.0,113825,0.9106,0.9069,0.011978686628067114,879
17/05/2002,0.9102,0.9207,0.9101,0.9203,8542.0,133858.0,EC1 Curncy,Future,CME,USD,0.0,6.25,125000.0,115038,0.9203,0.9165,0.011851809988355944,880
20/05/2002,0.92,0.9218,0.917,0.9212,10212.0,129130.0,EC1 Curncy,Future,CME,USD,0.0,6.25,125000.0,115150,0.9212,0.9174,0.011602581609283647,881
21/05/2002,0.92,0.921,0.9151,0.919,8524.0,129938.0,EC1 Curncy,Future,CME,USD,0.0,6.25,125000.0,114875,0.919,0.9153,0.011101761121555498,882
22/05/2002,0.9186,0.9268,0.9172,0.9252,26384.0,132133.0,EC1 Curncy,Future,CME,USD,0.0,6.25,125000.0,115650,0.9252,0.9215,0.011360036678347861,883
23/05/2002,0.9247,0.926,0.9172,0.9206,8781.0,131594.0,EC1 Curncy,Future,CME,USD,0.0,6.25,125000.0,115075,0.9206,0.9169,0.01118851792389876,884
24/05/2002,0.9205,0.9221,0.9156,0.9206,17529.0,133619.0,EC1 Curncy,Future,CME,USD,0.0,6.25,125000.0,115075,0.9206,0.9169,0.01094749895334086,885
27/05/2002,0.92,0.9213,0.9175,0.9202,2535.0,133619.0,EC1 Curncy,Future,CME,USD,0.0,6.25,125000.0,115025,0.9202,0.9165,0.010383560725174885,886
28/05/2002,0.9199,0.9299,0.9175,0.9284,27672.0,135276.0,EC1 Curncy,Future,CME,USD,0.0,6.25,125000.0,116050,0.9284,0.9247,0.00998753890272214,887
29/05/2002,0.9279,0.9362,0.9264,0.9358,35287.0,133614.0,EC1 Curncy,Future,CME,USD,0.0,6.25,125000.0,116975,0.9358,0.9321,0.010257082106202582,888
30/05/2002,0.9348,0.9407,0.934,0.9381,30062.0,130836.0,EC1 Curncy,Future,CME,USD,0.0,6.25,125000.0,117263,0.9381,0.9344,0.010883553341320783,889
31/05/2002,0.9366,0.9394,0.9278,0.9317,38898.0,137033.0,EC1 Curncy,Future,CME,USD,0.0,6.25,125000.0,116463,0.9317,0.928,0.010987758339778398,890
03/06/2002,0.9323,0.9407,0.9299,0.9372,28304.0,135905.0,EC1 Curncy,Future,CME,USD,0.0,6.25,125000.0,117150,0.9372,0.9335,0.011423367862997516,891
04/06/2002,0.9405,0.9447,0.9386,0.9408,29325.0,132435.0,EC1 Curncy,Future,CME,USD,0.0,6.25,125000.0,117600,0.9408,0.9371,0.011754599099927857,892
05/06/2002,0.9406,0.941,0.9347,0.9389,27459.0,129576.0,EC1 Curncy,Future,CME,USD,0.0,6.25,125000.0,117363,0.9389,0.9352,0.01203160005984322,893
06/06/2002,0.9386,0.9476,0.9333,0.9453,38963.0,126398.0,EC1 Curncy,Future,CME,USD,0.0,6.25,125000.0,118163,0.9453,0.9416,0.012385390587301343,894
07/06/2002,0.947,0.9487,0.9425,0.9438,29250.0,111395.0,EC1 Curncy,Future,CME,USD,0.0,6.25,125000.0,117975,0.9438,0.9401,0.013057760144833735,895
10/06/2002,0.9389,0.9444,0.935,0.9395,34991.0,103863.0,EC1 Curncy,Future,CME,USD,0.0,6.25,125000.0,117438,0.9432,0.9395,0.013360093562546811,896
11/06/2002,0.9402,0.9455,0.9365,0.9433,51736.0,80172.0,EC1 Curncy,Future,CME,USD,0.0,6.25,125000.0,117913,0.947,0.9433,0.013724643286196322,897
12/06/2002,0.9444,0.9465,0.9389,0.9407,47345.0,88605.0,EC1 Curncy,Future,CME,USD,0.0,6.25,125000.0,117588,0.9444,0.9407,0.013318752444079053,898
13/06/2002,0.9399,0.9436,0.9355,0.9381,33265.0,96804.0,EC1 Curncy,Future,CME,USD,0.0,6.25,125000.0,117263,0.9418,0.9381,0.012899363033369417,899
14/06/2002,0.9392,0.9489,0.9377,0.9416,47872.0,106859.0,EC1 Curncy,Future,CME,USD,0.0,6.25,125000.0,117700,0.9454,0.9416,0.012764566842108409,900
17/06/2002,0.9408,0.943,0.9374,0.9404,18744.0,106924.0,EC1 Curncy,Future,CME,USD,0.0,6.25,125000.0,117550,0.9429,0.9404,0.012363167069969686,901
18/06/2002,0.9406,0.9483,0.9398,0.9474,28193.0,108015.0,EC1 Curncy,Future,CME,USD,0.0,6.25,125000.0,118425,0.9474,0.9437,0.01124552207176899,902
19/06/2002,0.948,0.9542,0.948,0.9527,27078.0,109525.0,EC1 Curncy,Future,CME,USD,0.0,6.25,125000.0,119088,0.9527,0.9489,0.01102168619888255,903
20/06/2002,0.954,0.963,0.9521,0.9601,31593.0,109876.0,EC1 Curncy,Future,CME,USD,0.0,6.25,125000.0,120013,0.9601,0.9563,0.011152648414911672,904
21/06/2002,0.9611,0.9682,0.9594,0.9665,31085.0,110881.0,EC1 Curncy,Future,CME,USD,0.0,6.25,125000.0,120813,0.9665,0.9627,0.012276626843992056,905
24/06/2002,0.9669,0.978,0.9652,0.967,68119.0,114497.0,EC1 Curncy,Future,CME,USD,0.0,6.25,125000.0,120875,0.967,0.9632,0.013132804980910247,906
25/06/2002,0.967,0.9766,0.9626,0.9738,34226.0,114665.0,EC1 Curncy,Future,CME,USD,0.0,6.25,125000.0,121725,0.9738,0.97,0.014135620491036633,907
26/06/2002,0.976,0.9917,0.9754,0.9825,54941.0,119008.0,EC1 Curncy,Future,CME,USD,0.0,6.25,125000.0,122813,0.9825,0.9786,0.015914668286414534,908
27/06/2002,0.979,0.987,0.9775,0.9848,30384.0,114376.0,EC1 Curncy,Future,CME,USD,0.0,6.25,125000.0,123100,0.9848,0.9809,0.017147077496372433,909
28/06/2002,0.9849,0.9956,0.9802,0.9885,43470.0,115564.0,EC1 Curncy,Future,CME,USD,0.0,6.25,125000.0,123563,0.9885,0.9847,0.01823827659986715,910
01/07/2002,0.9884,0.994,0.9828,0.9842,36265.0,108198.0,EC1 Curncy,Future,CME,USD,0.0,6.25,125000.0,123025,0.9842,0.9804,0.018504775960093516,911
02/07/2002,0.9885,0.9887,0.9767,0.9804,8407.0,111539.0,EC1 Curncy,Future,CME,USD,0.0,6.25,125000.0,122550,0.9804,0.9766,0.018704617968118186,912
03/07/2002,0.9833,0.9842,0.9732,0.9804,22088.0,108776.0,EC1 Curncy,Future,CME,USD,0.0,6.25,125000.0,122550,0.9804,0.9766,0.019047614023806544,913
04/07/2002,0.9775,0.9776,0.9718,0.9779,4364.0,108776.0,EC1 Curncy,Future,CME,USD,0.0,6.25,125000.0,122238,0.9779,0.9741,0.019194704130738108,914
05/07/2002,0.975,0.9776,0.9686,0.9703,21279.0,107436.0,EC1 Curncy,Future,CME,USD,0.0,6.25,125000.0,121288,0.9703,0.9665,0.018609990148660407,915
08/07/2002,0.9715,0.9872,0.9712,0.9847,29527.0,108787.0,EC1 Curncy,Future,CME,USD,0.0,6.25,125000.0,123088,0.9847,0.9809,0.01875364586775683,916
09/07/2002,0.9876,0.9923,0.9841,0.9914,30774.0,109410.0,EC1 Curncy,Future,CME,USD,0.0,6.25,125000.0,123925,0.9914,0.9875,0.019257719664242723,917
10/07/2002,0.9869,0.9939,0.983,0.9855,34507.0,110722.0,EC1 Curncy,Future,CME,USD,0.0,6.25,125000.0,123188,0.9855,0.9816,0.019126197565988462,918
11/07/2002,0.9863,0.9913,0.9807,0.9882,29977.0,109043.0,EC1 Curncy,Future,CME,USD,0.0,6.25,125000.0,123525,0.9882,0.9843,0.019262163256841602,919
12/07/2002,0.9855,0.9897,0.9824,0.9878,20942.0,110427.0,EC1 Curncy,Future,CME,USD,0.0,6.25,125000.0,123475,0.9878,0.9839,0.019144927961905405,920
15/07/2002,0.9888,1.0062,0.9888,1.0029,41623.0,114996.0,EC1 Curncy,Future,CME,USD,0.0,6.25,125000.0,125363,1.0029,0.9989,0.019422196923448376,921
16/07/2002,1.0001,1.0121,0.9998,1.0052,37653.0,111384.0,EC1 Curncy,Future,CME,USD,0.0,6.25,125000.0,125650,1.0052,1.0012,0.01976027159057289,922
17/07/2002,1.0093,1.0134,1.0007,1.0068,30012.0,109253.0,EC1 Curncy,Future,CME,USD,0.0,6.25,125000.0,125850,1.0068,1.0028,0.019691577725850097,923
18/07/2002,1.0041,1.009,1.0017,1.0073,17747.0,109463.0,EC1 Curncy,Future,CME,USD,0.0,6.25,125000.0,125913,1.0073,1.0033,0.019059418494098652,924
19/07/2002,1.0088,1.0185,1.008,1.011,27201.0,109562.0,EC1 Curncy,Future,CME,USD,0.0,6.25,125000.0,126375,1.011,1.007,0.018533279076655133,925
22/07/2002,1.0071,1.0109,1.0031,1.0046,35954.0,111460.0,EC1 Curncy,Future,CME,USD,0.0,6.25,125000.0,125575,1.0046,1.0006,0.017045827446421514,926
23/07/2002,1.0062,1.0066,0.9821,0.9838,47273.0,107184.0,EC1 Curncy,Future,CME,USD,0.0,6.25,125000.0,122975,0.9838,0.9798,0.015281408093928184,927
24/07/2002,0.986,0.9956,0.9832,0.9937,38538.0,107699.0,EC1 Curncy,Future,CME,USD,0.0,6.25,125000.0,124213,0.9937,0.9897,0.013782311126942282,928
25/07/2002,0.9935,1.0026,0.99,0.9995,24754.0,103609.0,EC1 Curncy,Future,CME,USD,0.0,6.25,125000.0,124938,0.9995,0.9955,0.012824719620060593,929
26/07/2002,1.0025,1.0044,0.9839,0.985,13925.0,106854.0,EC1 Curncy,Future,CME,USD,0.0,6.25,125000.0,123125,0.985,0.981,0.012020029118094194,930
29/07/2002,0.9853,0.9867,0.975,0.9785,27352.0,104101.0,EC1 Curncy,Future,CME,USD,0.0,6.25,125000.0,122313,0.9785,0.9746,0.01134034537980059,931
30/07/2002,0.9788,0.9873,0.9758,0.9821,20748.0,105322.0,EC1 Curncy,Future,CME,USD,0.0,6.25,125000.0,122763,0.9821,0.9782,0.01097573080329949,932
31/07/2002,0.9811,0.9834,0.9738,0.9749,26897.0,103013.0,EC1 Curncy,Future,CME,USD,0.0,6.25,125000.0,121863,0.9749,0.971,0.011289422778268957,933
01/08/2002,0.9754,0.9838,0.9707,0.9817,33345.0,102862.0,EC1 Curncy,Future,CME,USD,0.0,6.25,125000.0,122713,0.9817,0.9778,0.011360865577344809,934
02/08/2002,0.9828,0.9899,0.9819,0.986,24136.0,101065.0,EC1 Curncy,Future,CME,USD,0.0,6.25,125000.0,123250,0.986,0.9809,0.01138057995006545,935
05/08/2002,0.9849,0.9857,0.9782,0.979,22633.0,101277.0,EC1 Curncy,Future,CME,USD,0.0,6.25,125000.0,122375,0.979,0.9751,0.011525265000561394,936
06/08/2002,0.979,0.9791,0.9606,0.9632,42049.0,100108.0,EC1 Curncy,Future,CME,USD,0.0,6.25,125000.0,120400,0.9632,0.9593,0.012537878608434272,937
07/08/2002,0.9636,0.9747,0.9625,0.9725,25914.0,96350.0,EC1 Curncy,Future,CME,USD,0.0,6.25,125000.0,121563,0.9725,0.9686,0.012845167703582842,938
08/08/2002,0.973,0.9758,0.9625,0.9641,19892.0,96435.0,EC1 Curncy,Future,CME,USD,0.0,6.25,125000.0,120513,0.9641,0.9602,0.013579099135552733,939
09/08/2002,0.9655,0.9725,0.964,0.969,22168.0,93138.0,EC1 Curncy,Future,CME,USD,0.0,6.25,125000.0,121125,0.969,0.9651,0.013650362632539688,940
12/08/2002,0.969,0.9785,0.9684,0.9774,21252.0,93457.0,EC1 Curncy,Future,CME,USD,0.0,6.25,125000.0,122175,0.9774,0.9735,0.013790911258258817,941
13/08/2002,0.9775,0.9822,0.9739,0.9801,18336.0,92805.0,EC1 Curncy,Future,CME,USD,0.0,6.25,125000.0,122513,0.9801,0.9762,0.013834134113362647,942
14/08/2002,0.9814,0.9881,0.9767,0.9807,22799.0,95123.0,EC1 Curncy,Future,CME,USD,0.0,6.25,125000.0,122588,0.9807,0.9767,0.01388602414899616,943
15/08/2002,0.977,0.9835,0.9734,0.9823,21626.0,95819.0,EC1 Curncy,Future,CME,USD,0.0,6.25,125000.0,122788,0.9823,0.9783,0.013907817945308256,944
16/08/2002,0.9803,0.9855,0.9773,0.9825,15073.0,94786.0,EC1 Curncy,Future,CME,USD,0.0,6.25,125000.0,122813,0.9825,0.9785,0.013925400054092001,945
19/08/2002,0.9832,0.986,0.9739,0.9756,24114.0,95661.0,EC1 Curncy,Future,CME,USD,0.0,6.25,125000.0,121950,0.9756,0.9716,0.013624487757949213,946
20/08/2002,0.975,0.9797,0.9717,0.9778,24008.0,94906.0,EC1 Curncy,Future,CME,USD,0.0,6.25,125000.0,122225,0.9778,0.9738,0.013025771890109885,947
21/08/2002,0.9779,0.9831,0.9742,0.9785,27053.0,98780.0,EC1 Curncy,Future,CME,USD,0.0,6.25,125000.0,122313,0.9785,0.9745,0.01215941747507583,948
22/08/2002,0.979,0.9798,0.9666,0.9693,26619.0,96364.0,EC1 Curncy,Future,CME,USD,0.0,6.25,125000.0,121163,0.9693,0.9654,0.011319427252877354,949
23/08/2002,0.9676,0.9724,0.9647,0.9711,21568.0,94925.0,EC1 Curncy,Future,CME,USD,0.0,6.25,125000.0,121388,0.9711,0.9672,0.00964869075746479,950
26/08/2002,0.9723,0.9732,0.9676,0.9714,11028.0,94072.0,EC1 Curncy,Future,CME,USD,0.0,6.25,125000.0,121425,0.9714,0.9675,0.008266867605076085,951
27/08/2002,0.972,0.9832,0.9697,0.9824,36579.0,98409.0,EC1 Curncy,Future,CME,USD,0.0,6.25,125000.0,122800,0.9824,0.9785,0.008233352901452516,952
28/08/2002,0.9823,0.9826,0.9784,0.9793,13317.0,97808.0,EC1 Curncy,Future,CME,USD,0.0,6.25,125000.0,122413,0.9793,0.9755,0.007592160430329293,953
29/08/2002,0.9781,0.9883,0.9772,0.9833,6400.0,97889.0,EC1 Curncy,Future,CME,USD,0.0,6.25,125000.0,122913,0.9833,0.9795,0.006227688174584476,954
30/08/2002,0.9835,0.9857,0.979,0.9833,14259.0,95206.0,EC1 Curncy,Future,CME,USD,0.0,6.25,125000.0,122913,0.9833,0.9795,0.006146679320293695,955
02/09/2002,0.9817,0.9845,0.9792,0.9802,3492.0,95206.0,EC1 Curncy,Future,CME,USD,0.0,6.25,125000.0,122525,0.9802,0.9764,0.006172851853062676,956
03/09/2002,0.9833,0.9969,0.9792,0.9959,40338.0,100596.0,EC1 Curncy,Future,CME,USD,0.0,6.25,125000.0,124488,0.9959,0.9921,0.007173736822595188,957
04/09/2002,0.9967,0.9967,0.9899,0.9907,21746.0,99874.0,EC1 Curncy,Future,CME,USD,0.0,6.25,125000.0,123838,0.9907,0.9869,0.007603558377487257,958
05/09/2002,0.9916,0.999,0.9883,0.9927,25535.0,97800.0,EC1 Curncy,Future,CME,USD,0.0,6.25,125000.0,124088,0.9927,0.9889,0.00811036990524203,959
06/09/2002,0.9916,0.995,0.9801,0.9806,37188.0,89382.0,EC1 Curncy,Future,CME,USD,0.0,6.25,125000.0,122575,0.9806,0.977,0.007979592721427339,960
09/09/2002,0.981,0.9824,0.9778,0.9784,35065.0,74239.0,EC1 Curncy,Future,CME,USD,0.0,6.25,125000.0,122300,0.9784,0.9747,0.00797897863136982,961
10/09/2002,0.9756,0.9798,0.9683,0.9711,35095.0,61366.0,EC1 Curncy,Future,CME,USD,0.0,6.25,125000.0,121388,0.9748,0.9711,0.007489543822324701,962
11/09/2002,0.972,0.9731,0.9662,0.9719,19124.0,57877.0,EC1 Curncy,Future,CME,USD,0.0,6.25,125000.0,121488,0.9755,0.9719,0.0075115289167067825,963
12/09/2002,0.9729,0.9785,0.9702,0.9779,23912.0,73282.0,EC1 Curncy,Future,CME,USD,0.0,6.25,125000.0,122238,0.9815,0.9779,0.0068668818736396554,964
13/09/2002,0.9779,0.9803,0.9666,0.9688,37755.0,77821.0,EC1 Curncy,Future,CME,USD,0.0,6.25,125000.0,121100,0.9724,0.9688,0.006879530022696864,965
16/09/2002,0.9681,0.9691,0.9629,0.9673,21387.0,77507.0,EC1 Curncy,Future,CME,USD,0.0,6.25,125000.0,120913,0.9709,0.9673,0.007282243244119334,966
17/09/2002,0.9656,0.971,0.9571,0.9675,37798.0,79647.0,EC1 Curncy,Future,CME,USD,0.0,6.25,125000.0,120938,0.9675,0.9642,0.007625396164562382,967
18/09/2002,0.9701,0.9759,0.9651,0.9726,22116.0,80809.0,EC1 Curncy,Future,CME,USD,0.0,6.25,125000.0,121575,0.9726,0.9693,0.007696237175823216,968
19/09/2002,0.9744,0.9837,0.973,0.981,23718.0,82650.0,EC1 Curncy,Future,CME,USD,0.0,6.25,125000.0,122625,0.981,0.9776,0.007670999500273097,969
20/09/2002,0.9836,0.9841,0.9749,0.977,21394.0,83063.0,EC1 Curncy,Future,CME,USD,0.0,6.25,125000.0,122125,0.977,0.9736,0.007616554339060231,970
23/09/2002,0.9771,0.9824,0.9716,0.9744,21682.0,80260.0,EC1 Curncy,Future,CME,USD,0.0,6.25,125000.0,121800,0.9744,0.971,0.007634913228050292,971
24/09/2002,0.975,0.9803,0.9725,0.9779,22027.0,81805.0,EC1 Curncy,Future,CME,USD,0.0,6.25,125000.0,122238,0.9779,0.9745,0.007634952521126593,972
25/09/2002,0.9788,0.982,0.972,0.9729,22667.0,81559.0,EC1 Curncy,Future,CME,USD,0.0,6.25,125000.0,121613,0.9729,0.9695,0.007694861922078773,973
26/09/2002,0.9738,0.9779,0.9685,0.9742,21470.0,80199.0,EC1 Curncy,Future,CME,USD,0.0,6.25,125000.0,121775,0.9742,0.9708,0.007536584106865486,974
27/09/2002,0.9742,0.9779,0.9717,0.9762,13859.0,79879.0,EC1 Curncy,Future,CME,USD,0.0,6.25,125000.0,122025,0.9762,0.9728,0.007417101859881458,975
30/09/2002,0.9776,0.9869,0.9775,0.9834,30009.0,86516.0,EC1 Curncy,Future,CME,USD,0.0,6.25,125000.0,122925,0.9834,0.9799,0.007363246566553101,976
01/10/2002,0.9837,0.9861,0.9793,0.9815,24342.0,84786.0,EC1 Curncy,Future,CME,USD,0.0,6.25,125000.0,122688,0.9815,0.978,0.007345236551660953,977
02/10/2002,0.9794,0.984,0.978,0.9815,18806.0,84392.0,EC1 Curncy,Future,CME,USD,0.0,6.25,125000.0,122688,0.9815,0.978,0.007369606502375546,978
03/10/2002,0.9836,0.9879,0.9827,0.9838,30297.0,83978.0,EC1 Curncy,Future,CME,USD,0.0,6.25,125000.0,122975,0.9838,0.9803,0.007383874321780937,979
04/10/2002,0.9849,0.986,0.9753,0.9769,35439.0,83194.0,EC1 Curncy,Future,CME,USD,0.0,6.25,125000.0,122113,0.9769,0.9734,0.0073214934724086965,980
07/10/2002,0.9769,0.981,0.9751,0.9793,19292.0,82152.0,EC1 Curncy,Future,CME,USD,0.0,6.25,125000.0,122413,0.9793,0.9759,0.007313724541334821,981
08/10/2002,0.9804,0.9817,0.9736,0.9744,28162.0,83596.0,EC1 Curncy,Future,CME,USD,0.0,6.25,125000.0,121800,0.9744,0.971,0.006347970804374578,982
09/10/2002,0.9764,0.9887,0.9754,0.9876,50412.0,89849.0,EC1 Curncy,Future,CME,USD,0.0,6.25,125000.0,123450,0.9876,0.9842,0.00610196143327638,983
10/10/2002,0.9875,0.9901,0.9821,0.9835,21686.0,88222.0,EC1 Curncy,Future,CME,USD,0.0,6.25,125000.0,122938,0.9835,0.9801,0.005362903442464098,984
11/10/2002,0.9837,0.9854,0.9808,0.9844,11841.0,87799.0,EC1 Curncy,Future,CME,USD,0.0,6.25,125000.0,123050,0.9844,0.9809,0.005524617633814997,985
14/10/2002,0.9846,0.9864,0.983,0.9835,3278.0,87971.0,EC1 Curncy,Future,CME,USD,0.0,6.25,125000.0,122938,0.9835,0.9801,0.005670097000921515,986
15/10/2002,0.9843,0.987,0.9766,0.978,22939.0,87220.0,EC1 Curncy,Future,CME,USD,0.0,6.25,125000.0,122250,0.978,0.9746,0.005525884544564656,987
16/10/2002,0.979,0.981,0.9776,0.9793,11387.0,85163.0,EC1 Curncy,Future,CME,USD,0.0,6.25,125000.0,122413,0.9793,0.9759,0.005410631509647577,988
17/10/2002,0.9795,0.9795,0.9672,0.9694,46123.0,86883.0,EC1 Curncy,Future,CME,USD,0.0,6.25,125000.0,121175,0.9694,0.9661,0.005664665332849938,989
18/10/2002,0.968,0.972,0.9675,0.9694,14513.0,84764.0,EC1 Curncy,Future,CME,USD,0.0,6.25,125000.0,121175,0.9694,0.9661,0.0056276312364254835,990
21/10/2002,0.9698,0.9742,0.9666,0.9718,16574.0,81765.0,EC1 Curncy,Future,CME,USD,0.0,6.25,125000.0,121475,0.9718,0.9686,0.005353898890826338,991
22/10/2002,0.9713,0.978,0.9699,0.9764,31088.0,83208.0,EC1 Curncy,Future,CME,USD,0.0,6.25,125000.0,122050,0.9764,0.9732,0.004929530065485353,992
23/10/2002,0.976,0.9775,0.9726,0.9744,15928.0,81904.0,EC1 Curncy,Future,CME,USD,0.0,6.25,125000.0,121800,0.9744,0.9712,0.004859842247082087,993
24/10/2002,0.9734,0.9763,0.9705,0.9752,15725.0,80777.0,EC1 Curncy,Future,CME,USD,0.0,6.25,125000.0,121900,0.9752,0.972,0.004853273809144136,994
25/10/2002,0.9763,0.9775,0.9737,0.9747,12318.0,80147.0,EC1 Curncy,Future,CME,USD,0.0,6.25,125000.0,121838,0.9747,0.9715,0.004891744746665004,995
28/10/2002,0.9745,0.9827,0.9708,0.9821,37077.0,83552.0,EC1 Curncy,Future,CME,USD,0.0,6.25,125000.0,122763,0.9821,0.9786,0.004913732457768119,996
29/10/2002,0.9823,0.9846,0.9787,0.9826,19746.0,82355.0,EC1 Curncy,Future,CME,USD,0.0,6.25,125000.0,122825,0.9826,0.979,0.004996255264347834,997
30/10/2002,0.981,0.9832,0.9796,0.9826,10185.0,81681.0,EC1 Curncy,Future,CME,USD,0.0,6.25,125000.0,122825,0.9826,0.979,0.004939304944340767,998
31/10/2002,0.9821,0.989,0.9815,0.9871,26416.0,87237.0,EC1 Curncy,Future,CME,USD,0.0,6.25,125000.0,123388,0.9871,0.9834,0.005125995838194553,999
01/11/2002,0.9886,0.9985,0.9872,0.9946,40728.0,98366.0,EC1 Curncy,Future,CME,USD,0.0,6.25,125000.0,124325,0.9946,0.9908,0.005939660484111827,1000
04/11/2002,0.9952,0.9961,0.9913,0.9953,20140.0,101290.0,EC1 Curncy,Future,CME,USD,0.0,6.25,125000.0,124413,0.9953,0.9915,0.006664740555079278,1001
05/11/2002,0.9963,1.0024,0.9954,0.9977,28069.0,100729.0,EC1 Curncy,Future,CME,USD,0.0,6.25,125000.0,124713,0.9977,0.9939,0.007512600526217071,1002
06/11/2002,0.998,1.0032,0.9923,1.0008,20633.0,102842.0,EC1 Curncy,Future,CME,USD,0.0,6.25,125000.0,125100,1.0008,0.997,0.00849180585426416,1003
07/11/2002,1.002,1.0079,0.9967,1.0073,29052.0,106028.0,EC1 Curncy,Future,CME,USD,0.0,6.25,125000.0,125913,1.0073,1.0032,0.00990621522075138,1004
08/11/2002,1.0075,1.0129,1.0057,1.0112,19677.0,102576.0,EC1 Curncy,Future,CME,USD,0.0,6.25,125000.0,126400,1.0112,1.0071,0.011336794079449581,1005
11/11/2002,1.0108,1.0153,1.0076,1.0112,10257.0,104538.0,EC1 Curncy,Future,CME,USD,0.0,6.25,125000.0,126400,1.0112,1.0071,0.012508263934955438,1006
12/11/2002,1.0086,1.0118,1.0048,1.0097,16039.0,103794.0,EC1 Curncy,Future,CME,USD,0.0,6.25,125000.0,126213,1.0097,1.0057,0.013190935018659736,1007
13/11/2002,1.0106,1.0111,1.0028,1.005,24560.0,105619.0,EC1 Curncy,Future,CME,USD,0.0,6.25,125000.0,125625,1.005,1.001,0.013685129398968135,1008
14/11/2002,1.0066,1.0085,1.0014,1.0041,18520.0,103239.0,EC1 Curncy,Future,CME,USD,0.0,6.25,125000.0,125513,1.0041,1.0001,0.01405030604648288,1009
15/11/2002,1.0028,1.0083,0.9997,1.0073,23335.0,103389.0,EC1 Curncy,Future,CME,USD,0.0,6.25,125000.0,125913,1.0073,1.0033,0.014523157370208156,1010
18/11/2002,1.008,1.0105,1.0047,1.0071,14628.0,103413.0,EC1 Curncy,Future,CME,USD,0.0,6.25,125000.0,125888,1.0071,1.0032,0.014897497552715449,1011
19/11/2002,1.0076,1.0128,0.9993,1.0016,36262.0,101210.0,EC1 Curncy,Future,CME,USD,0.0,6.25,125000.0,125200,1.0016,0.9977,0.014841683417540405,1012
20/11/2002,1.0015,1.0031,0.9978,1.0005,17768.0,101461.0,EC1 Curncy,Future,CME,USD,0.0,6.25,125000.0,125063,1.0005,0.9967,0.01474375234915312,1013
21/11/2002,1.0,1.0031,0.9967,0.9998,21198.0,101362.0,EC1 Curncy,Future,CME,USD,0.0,6.25,125000.0,124975,0.9998,0.996,0.014042168635927344,1014
22/11/2002,1.0011,1.0022,0.995,0.9959,18165.0,98969.0,EC1 Curncy,Future,CME,USD,0.0,6.25,125000.0,124488,0.9959,0.9921,0.013143756439205354,1015
25/11/2002,0.9955,0.996,0.9882,0.9899,22312.0,96192.0,EC1 Curncy,Future,CME,USD,0.0,6.25,125000.0,123738,0.9899,0.9861,0.012329466060343018,1016
26/11/2002,0.991,0.9928,0.9885,0.9914,9683.0,96297.0,EC1 Curncy,Future,CME,USD,0.0,6.25,125000.0,123925,0.9914,0.9876,0.011739281636162792,1017
27/11/2002,0.9925,0.993,0.9866,0.9914,23207.0,92856.0,EC1 Curncy,Future,CME,USD,0.0,6.25,125000.0,123925,0.9914,0.9876,0.010926499897030798,1018
28/11/2002,0.9898,0.9951,0.9885,0.99,7580.0,92856.0,EC1 Curncy,Future,CME,USD,0.0,6.25,125000.0,123750,0.99,0.9863,0.01010919053797809,1019
29/11/2002,0.9932,0.9951,0.9885,0.9935,20908.0,95117.0,EC1 Curncy,Future,CME,USD,0.0,6.25,125000.0,124188,0.9935,0.9898,0.009036238155328268,1020
02/12/2002,0.9935,0.9976,0.9854,0.9965,45689.0,91507.0,EC1 Curncy,Future,CME,USD,0.0,6.25,125000.0,124563,0.9965,0.9928,0.0084476268856886,1021
03/12/2002,0.9961,0.9996,0.9945,0.995,8558.0,92594.0,EC1 Curncy,Future,CME,USD,0.0,6.25,125000.0,124375,0.995,0.9913,0.007837729262982205,1022
04/12/2002,0.9966,1.0025,0.9959,0.9992,21971.0,93764.0,EC1 Curncy,Future,CME,USD,0.0,6.25,125000.0,124900,0.9992,0.9954,0.007087740589671187,1023
05/12/2002,1.0003,1.0022,0.9967,1.0,13872.0,92487.0,EC1 Curncy,Future,CME,USD,0.0,6.25,125000.0,125000,1.0,0.9963,0.006614504264604495,1024
06/12/2002,0.9999,1.0127,0.9999,1.0088,43836.0,86669.0,EC1 Curncy,Future,CME,USD,0.0,6.25,125000.0,126100,1.0088,1.0051,0.006754006218519706,1025
09/12/2002,1.0065,1.0076,1.0028,1.0057,38158.0,70092.0,EC1 Curncy,Future,CME,USD,0.0,6.25,125000.0,125713,1.0095,1.0057,0.006746559617054342,1026
10/12/2002,1.0068,1.01,1.0031,1.0051,30028.0,65690.0,EC1 Curncy,Future,CME,USD,0.0,6.25,125000.0,125638,1.0089,1.0051,0.006766091929600208,1027
11/12/2002,1.0045,1.0061,1.0021,1.0044,22656.0,77211.0,EC1 Curncy,Future,CME,USD,0.0,6.25,125000.0,125550,1.0083,1.0044,0.0067972347318450525,1028
12/12/2002,1.0048,1.0156,1.0036,1.0145,39755.0,92135.0,EC1 Curncy,Future,CME,USD,0.0,6.25,125000.0,126813,1.0184,1.0145,0.007203998889491848,1029
13/12/2002,1.0144,1.022,1.0134,1.0184,33355.0,98176.0,EC1 Curncy,Future,CME,USD,0.0,6.25,125000.0,127300,1.0223,1.0184,0.007730459236022075,1030
16/12/2002,1.0192,1.0209,1.0156,1.0183,16751.0,97453.0,EC1 Curncy,Future,CME,USD,0.0,6.25,125000.0,127288,1.0213,1.0183,0.008204535331132301,1031
17/12/2002,1.0185,1.0296,1.0179,1.0246,36497.0,99468.0,EC1 Curncy,Future,CME,USD,0.0,6.25,125000.0,128075,1.0246,1.0212,0.0092521168748813,1032
18/12/2002,1.0241,1.0247,1.0188,1.0222,17401.0,99301.0,EC1 Curncy,Future,CME,USD,0.0,6.25,125000.0,127775,1.0222,1.0188,0.010035101726761999,1033
19/12/2002,1.0238,1.0251,1.0168,1.023,24249.0,98347.0,EC1 Curncy,Future,CME,USD,0.0,6.25,125000.0,127875,1.023,1.0196,0.010774115586277127,1034
20/12/2002,1.0235,1.0238,1.0206,1.0231,8946.0,97511.0,EC1 Curncy,Future,CME,USD,0.0,6.25,125000.0,127888,1.0231,1.0197,0.011410356406928083,1035
23/12/2002,1.0231,1.0282,1.018,1.0222,4037.0,97848.0,EC1 Curncy,Future,CME,USD,0.0,6.25,125000.0,127775,1.0222,1.0188,0.011925428014671977,1036
24/12/2002,1.023,1.0291,1.0221,1.0222,11499.0,98703.0,EC1 Curncy,Future,CME,USD,0.0,6.25,125000.0,127775,1.0222,1.0188,0.01235584477078713,1037
25/12/2002,1.023,1.0291,1.0221,1.027,11499.0,98703.0,EC1 Curncy,Future,CME,USD,0.0,6.25,125000.0,128375,1.027,1.0235,0.012965970846789087,1038
26/12/2002,1.0306,1.0344,1.0296,1.0338,8449.0,100487.0,EC1 Curncy,Future,CME,USD,0.0,6.25,125000.0,129225,1.0338,1.0303,0.013897903918689105,1039
27/12/2002,1.0343,1.0408,1.0325,1.0406,15795.0,99259.0,EC1 Curncy,Future,CME,USD,0.0,6.25,125000.0,130075,1.0406,1.0371,0.015020117620481829,1040
30/12/2002,1.0391,1.046,1.0379,1.0447,5621.0,100305.0,EC1 Curncy,Future,CME,USD,0.0,6.25,125000.0,130588,1.0447,1.0412,0.015873334033312047,1041
31/12/2002,1.0448,1.0472,1.0422,1.0447,10906.0,97405.0,EC1 Curncy,Future,CME,USD,0.0,6.25,125000.0,130588,1.0447,1.0412,0.016472049052858085,1042
01/01/2003,1.0448,1.0472,1.0422,1.0471,10906.0,97405.0,EC1 Curncy,Future,CME,USD,0.0,6.25,125000.0,130888,1.0471,1.0436,0.016941582964206427,1043
02/01/2003,1.0444,1.0444,1.0305,1.033,35682.0,97752.0,EC1 Curncy,Future,CME,USD,0.0,6.25,125000.0,129125,1.033,1.0295,0.01625683138457237,1044
03/01/2003,1.0326,1.0404,1.031,1.0383,19388.0,96724.0,EC1 Curncy,Future,CME,USD,0.0,6.25,125000.0,129788,1.0383,1.0348,0.015826282991690692,1045
06/01/2003,1.0392,1.0465,1.0387,1.0442,16514.0,97383.0,EC1 Curncy,Future,CME,USD,0.0,6.25,125000.0,130525,1.0442,1.0407,0.01568753432930337,1046
07/01/2003,1.0427,1.0429,1.0367,1.0384,20276.0,96871.0,EC1 Curncy,Future,CME,USD,0.0,6.25,125000.0,129800,1.0384,1.0349,0.014910734388343592,1047
08/01/2003,1.0378,1.0505,1.0332,1.0461,37320.0,102865.0,EC1 Curncy,Future,CME,USD,0.0,6.25,125000.0,130763,1.0461,1.0426,0.014589056400822904,1048
09/01/2003,1.0468,1.0514,1.0434,1.0457,25914.0,101888.0,EC1 Curncy,Future,CME,USD,0.0,6.25,125000.0,130713,1.0457,1.0423,0.014046443203401527,1049
10/01/2003,1.046,1.0557,1.0447,1.0556,25636.0,101218.0,EC1 Curncy,Future,CME,USD,0.0,6.25,125000.0,131950,1.0556,1.0521,0.01451346156733045,1050
13/01/2003,1.0552,1.0555,1.0496,1.0521,20606.0,100908.0,EC1 Curncy,Future,CME,USD,0.0,6.25,125000.0,131513,1.0521,1.0486,0.014279254182193994,1051
14/01/2003,1.0512,1.0572,1.0509,1.0541,27602.0,108409.0,EC1 Curncy,Future,CME,USD,0.0,6.25,125000.0,131763,1.0541,1.0506,0.013850743662334453,1052
15/01/2003,1.0524,1.0568,1.0477,1.052,36494.0,108776.0,EC1 Curncy,Future,CME,USD,0.0,6.25,125000.0,131500,1.052,1.0485,0.012919619447427939,1053
16/01/2003,1.0531,1.0603,1.0521,1.0593,7532.0,109731.0,EC1 Curncy,Future,CME,USD,0.0,6.25,125000.0,132413,1.0593,1.0558,0.013001426844761518,1054
17/01/2003,1.0593,1.0654,1.058,1.0593,20687.0,107770.0,EC1 Curncy,Future,CME,USD,0.0,6.25,125000.0,132413,1.0593,1.0558,0.013106387755582389,1055
20/01/2003,1.0633,1.0649,1.0609,1.0629,3149.0,107770.0,EC1 Curncy,Future,CME,USD,0.0,6.25,125000.0,132863,1.0629,1.0593,0.013225515742924382,1056
21/01/2003,1.0658,1.0709,1.0607,1.0692,27818.0,110957.0,EC1 Curncy,Future,CME,USD,0.0,6.25,125000.0,133650,1.0692,1.0656,0.013958352338283629,1057
22/01/2003,1.0699,1.0715,1.0661,1.0693,22622.0,108726.0,EC1 Curncy,Future,CME,USD,0.0,6.25,125000.0,133663,1.0693,1.0657,0.01428850587009228,1058
23/01/2003,1.0705,1.0755,1.0686,1.0735,20266.0,108124.0,EC1 Curncy,Future,CME,USD,0.0,6.25,125000.0,134188,1.0735,1.0698,0.014712802814770588,1059
24/01/2003,1.0723,1.0828,1.0717,1.0815,37439.0,106798.0,EC1 Curncy,Future,CME,USD,0.0,6.25,125000.0,135188,1.0815,1.0778,0.01548570631258538,1060
27/01/2003,1.0812,1.0885,1.0759,1.0832,51754.0,104844.0,EC1 Curncy,Future,CME,USD,0.0,6.25,125000.0,135400,1.0832,1.0795,0.01593992158072424,1061
28/01/2003,1.0827,1.0827,1.0761,1.0798,20181.0,102730.0,EC1 Curncy,Future,CME,USD,0.0,6.25,125000.0,134975,1.0798,1.0761,0.015748457067269506,1062
29/01/2003,1.0804,1.0879,1.0786,1.081,32024.0,102536.0,EC1 Curncy,Future,CME,USD,0.0,6.25,125000.0,135125,1.081,1.0773,0.0156774328255497,1063
30/01/2003,1.0814,1.082,1.0711,1.0786,34981.0,102952.0,EC1 Curncy,Future,CME,USD,0.0,6.25,125000.0,134825,1.0786,1.0749,0.01564501304994504,1064
31/01/2003,1.0801,1.0816,1.0704,1.0736,42133.0,99986.0,EC1 Curncy,Future,CME,USD,0.0,6.25,125000.0,134200,1.0736,1.0699,0.015563239808373652,1065
03/02/2003,1.0767,1.0774,1.0674,1.0749,37456.0,101807.0,EC1 Curncy,Future,CME,USD,0.0,6.25,125000.0,134363,1.0749,1.0712,0.015604259033982005,1066
04/02/2003,1.0771,1.0889,1.0749,1.0859,47736.0,105563.0,EC1 Curncy,Future,CME,USD,0.0,6.25,125000.0,135738,1.0859,1.0822,0.016100234987920844,1067
05/02/2003,1.0864,1.0919,1.072,1.0786,55067.0,104743.0,EC1 Curncy,Future,CME,USD,0.0,6.25,125000.0,134825,1.0786,1.0749,0.016155248889022613,1068
06/02/2003,1.0767,1.0848,1.0749,1.0816,36952.0,104103.0,EC1 Curncy,Future,CME,USD,0.0,6.25,125000.0,135200,1.0816,1.0779,0.015322019014028798,1069
07/02/2003,1.0814,1.0822,1.0715,1.0815,46930.0,103439.0,EC1 Curncy,Future,CME,USD,0.0,6.25,125000.0,135188,1.0815,1.0779,0.014635609542012725,1070
10/02/2003,1.0811,1.0814,1.0711,1.0732,33455.0,101378.0,EC1 Curncy,Future,CME,USD,0.0,6.25,125000.0,134150,1.0732,1.0696,0.013928653919154679,1071
11/02/2003,1.0711,1.0746,1.065,1.0718,49464.0,103899.0,EC1 Curncy,Future,CME,USD,0.0,6.25,125000.0,133975,1.0718,1.0683,0.01254018606984142,1072
12/02/2003,1.0721,1.0755,1.0688,1.0705,32536.0,100976.0,EC1 Curncy,Future,CME,USD,0.0,6.25,125000.0,133813,1.0705,1.067,0.011600183906569812,1073
13/02/2003,1.0705,1.0845,1.0691,1.0825,7932.0,104368.0,EC1 Curncy,Future,CME,USD,0.0,6.25,125000.0,135313,1.0825,1.079,0.010694546897036037,1074
14/02/2003,1.0822,1.0839,1.075,1.0825,24846.0,102977.0,EC1 Curncy,Future,CME,USD,0.0,6.25,125000.0,135313,1.0825,1.079,0.010385305323688521,1075
17/02/2003,1.0761,1.0763,1.0663,1.0762,9825.0,102977.0,EC1 Curncy,Future,CME,USD,0.0,6.25,125000.0,134525,1.0762,1.0728,0.009493418773000785,1076
18/02/2003,1.0717,1.0763,1.0663,1.0674,38235.0,103961.0,EC1 Curncy,Future,CME,USD,0.0,6.25,125000.0,133425,1.0674,1.064,0.00870306076425007,1077
19/02/2003,1.0674,1.0754,1.0656,1.0747,28975.0,100898.0,EC1 Curncy,Future,CME,USD,0.0,6.25,125000.0,134338,1.0747,1.0713,0.007399549535809137,1078
20/02/2003,1.0737,1.0824,1.0733,1.0813,37617.0,105061.0,EC1 Curncy,Future,CME,USD,0.0,6.25,125000.0,135163,1.0813,1.0779,0.00674635704161073,1079
21/02/2003,1.0811,1.0837,1.074,1.0756,32426.0,102209.0,EC1 Curncy,Future,CME,USD,0.0,6.25,125000.0,134450,1.0756,1.0722,0.005809956970542508,1080
24/02/2003,1.0716,1.0796,1.0701,1.0782,45101.0,102437.0,EC1 Curncy,Future,CME,USD,0.0,6.25,125000.0,134775,1.0782,1.075,0.005085852927440364,1081
25/02/2003,1.079,1.0812,1.0733,1.0756,33520.0,100860.0,EC1 Curncy,Future,CME,USD,0.0,6.25,125000.0,134450,1.0756,1.0725,0.004829164869093453,1082
26/02/2003,1.0752,1.0803,1.0723,1.0783,31556.0,103590.0,EC1 Curncy,Future,CME,USD,0.0,6.25,125000.0,134788,1.0783,1.0752,0.004534405510415404,1083
27/02/2003,1.0781,1.083,1.0728,1.076,40292.0,103096.0,EC1 Curncy,Future,CME,USD,0.0,6.25,125000.0,134500,1.076,1.0729,0.004465889235775858,1084
28/02/2003,1.0736,1.0801,1.0729,1.0795,34888.0,100737.0,EC1 Curncy,Future,CME,USD,0.0,6.25,125000.0,134938,1.0795,1.0764,0.004413709701927112,1085
03/03/2003,1.0772,1.0894,1.0763,1.0879,47830.0,108494.0,EC1 Curncy,Future,CME,USD,0.0,6.25,125000.0,135988,1.0879,1.0849,0.004746201990316599,1086
04/03/2003,1.089,1.0931,1.0871,1.0873,40007.0,104307.0,EC1 Curncy,Future,CME,USD,0.0,6.25,125000.0,135913,1.0873,1.0843,0.005097443803798586,1087
05/03/2003,1.0919,1.0997,1.0915,1.0968,43072.0,99920.0,EC1 Curncy,Future,CME,USD,0.0,6.25,125000.0,137100,1.0968,1.0937,0.006300661340913627,1088
06/03/2003,1.096,1.1007,1.0922,1.0969,47298.0,91918.0,EC1 Curncy,Future,CME,USD,0.0,6.25,125000.0,137113,1.0969,1.0936,0.007265599309959377,1089
07/03/2003,1.0967,1.1064,1.0963,1.1008,52108.0,81631.0,EC1 Curncy,Future,CME,USD,0.0,6.25,125000.0,137600,1.1008,1.0974,0.008302810769023549,1090
10/03/2003,1.1011,1.1064,1.1,1.1042,31889.0,72415.0,EC1 Curncy,Future,CME,USD,0.0,6.25,125000.0,138025,1.1042,1.1006,0.009450393289851899,1091
11/03/2003,1.1017,1.1043,1.0965,1.0991,39421.0,76648.0,EC1 Curncy,Future,CME,USD,0.0,6.25,125000.0,137388,1.1027,1.0991,0.0100398373160563,1092
12/03/2003,1.1004,1.1017,1.0945,1.0964,33639.0,88245.0,EC1 Curncy,Future,CME,USD,0.0,6.25,125000.0,137050,1.1,1.0964,0.010390088225461561,1093
13/03/2003,1.0955,1.0957,1.074,1.0771,65647.0,92009.0,EC1 Curncy,Future,CME,USD,0.0,6.25,125000.0,134638,1.0807,1.0771,0.010454708668005793,1094
14/03/2003,1.075,1.0784,1.0651,1.0707,46991.0,84844.0,EC1 Curncy,Future,CME,USD,0.0,6.25,125000.0,133838,1.0743,1.0707,0.010732349851401445,1095
17/03/2003,1.0752,1.0809,1.0553,1.0602,53890.0,84206.0,EC1 Curncy,Future,CME,USD,0.0,6.25,125000.0,132525,1.078,1.0602,0.01148615108146376,1096
18/03/2003,1.0595,1.0617,1.0507,1.0596,38653.0,76353.0,EC1 Curncy,Future,CME,USD,0.0,6.25,125000.0,132450,1.0596,1.0563,0.012171836344592605,1097
19/03/2003,1.0621,1.0621,1.0519,1.0531,27100.0,74692.0,EC1 Curncy,Future,CME,USD,0.0,6.25,125000.0,131638,1.0531,1.0499,0.013269755084384462,1098
20/03/2003,1.0522,1.0642,1.048,1.0584,27124.0,74676.0,EC1 Curncy,Future,CME,USD,0.0,6.25,125000.0,132300,1.0584,1.0552,0.013990565868930495,1099
21/03/2003,1.0586,1.0587,1.047,1.05,25323.0,70029.0,EC1 Curncy,Future,CME,USD,0.0,6.25,125000.0,131250,1.05,1.0469,0.015183656783953123,1100
24/03/2003,1.0555,1.0645,1.0536,1.0614,27090.0,68954.0,EC1 Curncy,Future,CME,USD,0.0,6.25,125000.0,132675,1.0614,1.0583,0.015559000610564738,1101
25/03/2003,1.0613,1.0691,1.0602,1.0621,24841.0,70498.0,EC1 Curncy,Future,CME,USD,0.0,6.25,125000.0,132763,1.0621,1.059,0.015742488155716928,1102
26/03/2003,1.0628,1.0673,1.0593,1.0652,24593.0,71526.0,EC1 Curncy,Future,CME,USD,0.0,6.25,125000.0,133150,1.0652,1.0621,0.015930152750875372,1103
27/03/2003,1.0665,1.0715,1.0644,1.0655,25986.0,74650.0,EC1 Curncy,Future,CME,USD,0.0,6.25,125000.0,133188,1.0655,1.0624,0.016076273407298843,1104
28/03/2003,1.0658,1.0772,1.0641,1.0751,39846.0,74818.0,EC1 Curncy,Future,CME,USD,0.0,6.25,125000.0,134388,1.0751,1.072,0.016077926897858773,1105
31/03/2003,1.0757,1.0903,1.0753,1.0868,41398.0,74755.0,EC1 Curncy,Future,CME,USD,0.0,6.25,125000.0,135850,1.0868,1.0837,0.016204731819221493,1106
01/04/2003,1.0886,1.0894,1.0836,1.086,29028.0,74015.0,EC1 Curncy,Future,CME,USD,0.0,6.25,125000.0,135750,1.086,1.0828,0.016301566386891217,1107
02/04/2003,1.0893,1.0931,1.0722,1.0729,50825.0,75086.0,EC1 Curncy,Future,CME,USD,0.0,6.25,125000.0,134113,1.0729,1.0697,0.016324572480350668,1108
03/04/2003,1.0741,1.0766,1.0658,1.0704,40579.0,72471.0,EC1 Curncy,Future,CME,USD,0.0,6.25,125000.0,133800,1.0704,1.0672,0.016379481066247384,1109
04/04/2003,1.0736,1.0741,1.0656,1.0702,31777.0,69216.0,EC1 Curncy,Future,CME,USD,0.0,6.25,125000.0,133775,1.0702,1.067,0.016424369089848106,1110
07/04/2003,1.0645,1.0676,1.0534,1.0628,43480.0,72163.0,EC1 Curncy,Future,CME,USD,0.0,6.25,125000.0,132850,1.0628,1.0597,0.016469643792937003,1111
08/04/2003,1.0668,1.0697,1.0618,1.0684,31901.0,69459.0,EC1 Curncy,Future,CME,USD,0.0,6.25,125000.0,133550,1.0684,1.0653,0.016341574791501317,1112
09/04/2003,1.068,1.0758,1.065,1.0736,54371.0,72833.0,EC1 Curncy,Future,CME,USD,0.0,6.25,125000.0,134200,1.0736,1.0705,0.015686015002741614,1113
10/04/2003,1.0748,1.0806,1.0736,1.0769,33854.0,75413.0,EC1 Curncy,Future,CME,USD,0.0,6.25,125000.0,134613,1.0769,1.0738,0.014955859498300477,1114
11/04/2003,1.0759,1.0766,1.067,1.0727,34352.0,74175.0,EC1 Curncy,Future,CME,USD,0.0,6.25,125000.0,134088,1.0727,1.0696,0.013796440362145666,1115
14/04/2003,1.0712,1.0787,1.0693,1.0754,27428.0,77374.0,EC1 Curncy,Future,CME,USD,0.0,6.25,125000.0,134425,1.0754,1.0723,0.012088182934843685,1116
15/04/2003,1.075,1.0797,1.0713,1.079,27634.0,75606.0,EC1 Curncy,Future,CME,USD,0.0,6.25,125000.0,134875,1.079,1.0758,0.010718305214270078,1117
16/04/2003,1.0779,1.0899,1.0763,1.0887,9240.0,85172.0,EC1 Curncy,Future,CME,USD,0.0,6.25,125000.0,136088,1.0887,1.0855,0.010015542920859731,1118
17/04/2003,1.0888,1.0938,1.0846,1.0887,33307.0,84496.0,EC1 Curncy,Future,CME,USD,0.0,6.25,125000.0,136088,1.0887,1.0855,0.010623484990007521,1119
18/04/2003,1.0888,1.0938,1.0846,1.0859,33307.0,84496.0,EC1 Curncy,Future,CME,USD,0.0,6.25,125000.0,135738,1.0859,1.0827,0.01108125293756289,1120
21/04/2003,1.0882,1.0885,1.0801,1.0843,21004.0,84697.0,EC1 Curncy,Future,CME,USD,0.0,6.25,125000.0,135538,1.0843,1.0811,0.01117222299572661,1121
22/04/2003,1.0846,1.0983,1.0829,1.0948,44275.0,93759.0,EC1 Curncy,Future,CME,USD,0.0,6.25,125000.0,136850,1.0948,1.0916,0.011782038589858036,1122
23/04/2003,1.0953,1.0962,1.09,1.0942,23161.0,93780.0,EC1 Curncy,Future,CME,USD,0.0,6.25,125000.0,136775,1.0942,1.091,0.01173776952120367,1123
24/04/2003,1.0946,1.1028,1.0926,1.1005,38162.0,98315.0,EC1 Curncy,Future,CME,USD,0.0,6.25,125000.0,137563,1.1005,1.0973,0.012297120259077941,1124
25/04/2003,1.1014,1.1032,1.0942,1.1005,40329.0,99761.0,EC1 Curncy,Future,CME,USD,0.0,6.25,125000.0,137563,1.1005,1.0973,0.011911199211927327,1125
28/04/2003,1.1014,1.1059,1.0957,1.0962,36044.0,99421.0,EC1 Curncy,Future,CME,USD,0.0,6.25,125000.0,137025,1.0962,1.093,0.011865338877006991,1126
29/04/2003,1.0967,1.1067,1.0915,1.1049,54674.0,101476.0,EC1 Curncy,Future,CME,USD,0.0,6.25,125000.0,138113,1.1049,1.1017,0.012274895790441902,1127
30/04/2003,1.1063,1.1172,1.1046,1.1159,43295.0,104479.0,EC1 Curncy,Future,CME,USD,0.0,6.25,125000.0,139488,1.1159,1.1127,0.013574618472215028,1128
01/05/2003,1.1164,1.1252,1.1138,1.121,39300.0,109035.0,EC1 Curncy,Future,CME,USD,0.0,6.25,125000.0,140125,1.121,1.1178,0.014957013962225022,1129
02/05/2003,1.1216,1.1256,1.117,1.1211,11517.0,108026.0,EC1 Curncy,Future,CME,USD,0.0,6.25,125000.0,140138,1.1211,1.1179,0.016346648993994305,1130
05/05/2003,1.1204,1.1288,1.119,1.1264,32301.0,111583.0,EC1 Curncy,Future,CME,USD,0.0,6.25,125000.0,140800,1.1264,1.1232,0.018084848170024835,1131
06/05/2003,1.1275,1.144,1.1262,1.1404,42609.0,112105.0,EC1 Curncy,Future,CME,USD,0.0,6.25,125000.0,142550,1.1404,1.1372,0.020752725122246275,1132
07/05/2003,1.1416,1.1428,1.1313,1.1358,50085.0,110539.0,EC1 Curncy,Future,CME,USD,0.0,6.25,125000.0,141975,1.1358,1.1326,0.022176416151687767,1133
08/05/2003,1.1342,1.1492,1.1293,1.1482,59598.0,102999.0,EC1 Curncy,Future,CME,USD,0.0,6.25,125000.0,143525,1.1482,1.145,0.024108867663154503,1134
09/05/2003,1.1476,1.1522,1.1424,1.1475,37150.0,95610.0,EC1 Curncy,Future,CME,USD,0.0,6.25,125000.0,143438,1.1475,1.1443,0.025440635474233378,1135
12/05/2003,1.1539,1.161,1.1512,1.1544,35770.0,102766.0,EC1 Curncy,Future,CME,USD,0.0,6.25,125000.0,144300,1.1544,1.1512,0.026414542711660643,1136
13/05/2003,1.1546,1.1554,1.1448,1.1502,37004.0,97640.0,EC1 Curncy,Future,CME,USD,0.0,6.25,125000.0,143775,1.1502,1.1471,0.026906478773698124,1137
14/05/2003,1.1517,1.1526,1.1456,1.1492,37132.0,99524.0,EC1 Curncy,Future,CME,USD,0.0,6.25,125000.0,143650,1.1492,1.1461,0.02723230801822459,1138
15/05/2003,1.147,1.1476,1.1365,1.1388,39550.0,98829.0,EC1 Curncy,Future,CME,USD,0.0,6.25,125000.0,142350,1.1388,1.1358,0.02689878126110523,1139
16/05/2003,1.1377,1.1582,1.1352,1.1565,43483.0,99839.0,EC1 Curncy,Future,CME,USD,0.0,6.25,125000.0,144563,1.1565,1.1535,0.02694236131694432,1140
19/05/2003,1.164,1.1728,1.161,1.164,49702.0,103453.0,EC1 Curncy,Future,CME,USD,0.0,6.25,125000.0,145500,1.164,1.161,0.027213395598481172,1141
20/05/2003,1.1642,1.1706,1.1593,1.17,38229.0,104672.0,EC1 Curncy,Future,CME,USD,0.0,6.25,125000.0,146250,1.17,1.167,0.0276551122458897,1142
21/05/2003,1.1705,1.1735,1.1627,1.166,35661.0,103877.0,EC1 Curncy,Future,CME,USD,0.0,6.25,125000.0,145750,1.166,1.1629,0.027965494810559283,1143
22/05/2003,1.1626,1.1721,1.1612,1.1688,6324.0,103217.0,EC1 Curncy,Future,CME,USD,0.0,6.25,125000.0,146100,1.1688,1.1657,0.028076502631193434,1144
23/05/2003,1.1685,1.1827,1.1656,1.1688,30067.0,105659.0,EC1 Curncy,Future,CME,USD,0.0,6.25,125000.0,146100,1.1688,1.1657,0.027614049564175455,1145
26/05/2003,1.1814,1.1862,1.1794,1.1793,4779.0,105659.0,EC1 Curncy,Future,CME,USD,0.0,6.25,125000.0,147413,1.1793,1.1763,0.027204486149642004,1146
27/05/2003,1.1851,1.1928,1.1794,1.185,52361.0,104853.0,EC1 Curncy,Future,CME,USD,0.0,6.25,125000.0,148125,1.185,1.1821,0.027419155104890743,1147
28/05/2003,1.1812,1.1839,1.17,1.1754,55467.0,106753.0,EC1 Curncy,Future,CME,USD,0.0,6.25,125000.0,146925,1.1754,1.1725,0.026545431496449945,1148
29/05/2003,1.1753,1.1905,1.1685,1.1863,63380.0,111121.0,EC1 Curncy,Future,CME,USD,0.0,6.25,125000.0,148288,1.1863,1.1834,0.026314401633567706,1149
30/05/2003,1.1901,1.191,1.1737,1.1783,44306.0,105645.0,EC1 Curncy,Future,CME,USD,0.0,6.25,125000.0,147288,1.1783,1.1754,0.025183871823041284,1150
02/06/2003,1.1723,1.1766,1.1646,1.1754,49666.0,109036.0,EC1 Curncy,Future,CME,USD,0.0,6.25,125000.0,146925,1.1754,1.1727,0.023032051580338383,1151
03/06/2003,1.176,1.1776,1.1682,1.1743,42127.0,104044.0,EC1 Curncy,Future,CME,USD,0.0,6.25,125000.0,146788,1.1743,1.1716,0.02107961100208832,1152
04/06/2003,1.1727,1.1747,1.163,1.1683,36772.0,101910.0,EC1 Curncy,Future,CME,USD,0.0,6.25,125000.0,146038,1.1683,1.1655,0.019483353578530184,1153
05/06/2003,1.1638,1.1888,1.1629,1.1842,64199.0,107780.0,EC1 Curncy,Future,CME,USD,0.0,6.25,125000.0,148025,1.1842,1.1813,0.018564223657329522,1154
06/06/2003,1.1842,1.188,1.1681,1.1698,56006.0,99954.0,EC1 Curncy,Future,CME,USD,0.0,6.25,125000.0,146225,1.1698,1.1669,0.01672074858768837,1155
09/06/2003,1.1699,1.1787,1.1657,1.1738,43736.0,80634.0,EC1 Curncy,Future,CME,USD,0.0,6.25,125000.0,146725,1.1738,1.1709,0.015068126404191029,1156
10/06/2003,1.1687,1.1709,1.1638,1.1647,45990.0,67959.0,EC1 Curncy,Future,CME,USD,0.0,6.25,125000.0,145588,1.1677,1.1647,0.014218766941358766,1157
11/06/2003,1.1643,1.1751,1.1628,1.1726,42349.0,84590.0,EC1 Curncy,Future,CME,USD,0.0,6.25,125000.0,146575,1.1757,1.1726,0.012876914744327294,1158
12/06/2003,1.1715,1.1775,1.1674,1.1731,48366.0,92010.0,EC1 Curncy,Future,CME,USD,0.0,6.25,125000.0,146638,1.1763,1.1731,0.012330325759389815,1159
13/06/2003,1.1734,1.1844,1.1704,1.1835,52154.0,103884.0,EC1 Curncy,Future,CME,USD,0.0,6.25,125000.0,147938,1.1869,1.1835,0.011958801500680126,1160
16/06/2003,1.1843,1.1896,1.1785,1.1806,36808.0,102733.0,EC1 Curncy,Future,CME,USD,0.0,6.25,125000.0,147575,1.1864,1.1806,0.011751428281957943,1161
17/06/2003,1.1795,1.1834,1.1735,1.1767,35916.0,101752.0,EC1 Curncy,Future,CME,USD,0.0,6.25,125000.0,147088,1.1767,1.1738,0.011038639710852016,1162
18/06/2003,1.1757,1.1769,1.1632,1.1657,45352.0,101111.0,EC1 Curncy,Future,CME,USD,0.0,6.25,125000.0,145713,1.1657,1.1628,0.010114571996184414,1163
19/06/2003,1.1657,1.171,1.1552,1.1678,60702.0,98627.0,EC1 Curncy,Future,CME,USD,0.0,6.25,125000.0,145975,1.1678,1.1648,0.007464643327000242,1164
20/06/2003,1.1687,1.1701,1.152,1.155,47144.0,94314.0,EC1 Curncy,Future,CME,USD,0.0,6.25,125000.0,144375,1.155,1.152,0.0076087383973513925,1165
23/06/2003,1.1545,1.1577,1.1475,1.1521,37989.0,91390.0,EC1 Curncy,Future,CME,USD,0.0,6.25,125000.0,144013,1.1521,1.1491,0.008519242924070804,1166
24/06/2003,1.1527,1.1553,1.1446,1.1477,32746.0,93410.0,EC1 Curncy,Future,CME,USD,0.0,6.25,125000.0,143463,1.1477,1.1447,0.009865998851239814,1167
25/06/2003,1.1482,1.1593,1.1463,1.1507,32839.0,91750.0,EC1 Curncy,Future,CME,USD,0.0,6.25,125000.0,143838,1.1507,1.1478,0.010677299908341348,1168
26/06/2003,1.1501,1.1522,1.1389,1.1402,42036.0,89897.0,EC1 Curncy,Future,CME,USD,0.0,6.25,125000.0,142525,1.1402,1.1375,0.012338676320119086,1169
27/06/2003,1.1402,1.1442,1.1362,1.1392,35126.0,88936.0,EC1 Curncy,Future,CME,USD,0.0,6.25,125000.0,142400,1.1392,1.1365,0.013790586161073875,1170
30/06/2003,1.1406,1.1494,1.1376,1.1469,42669.0,94533.0,EC1 Curncy,Future,CME,USD,0.0,6.25,125000.0,143363,1.1469,1.1442,0.014275442783535786,1171
01/07/2003,1.1485,1.1585,1.1484,1.1536,43839.0,100004.0,EC1 Curncy,Future,CME,USD,0.0,6.25,125000.0,144200,1.1536,1.1509,0.014050411619095201,1172
02/07/2003,1.154,1.1545,1.1482,1.1519,22749.0,96640.0,EC1 Curncy,Future,CME,USD,0.0,6.25,125000.0,143988,1.1519,1.1492,0.014197108860586356,1173
03/07/2003,1.1517,1.1518,1.141,1.1519,39027.0,93235.0,EC1 Curncy,Future,CME,USD,0.0,6.25,125000.0,143988,1.1519,1.1492,0.013736114200627269,1174
04/07/2003,1.1517,1.1518,1.141,1.1461,39027.0,93235.0,EC1 Curncy,Future,CME,USD,0.0,6.25,125000.0,143263,1.1461,1.1434,0.01384081283737851,1175
07/07/2003,1.1457,1.1457,1.1291,1.13,45542.0,97751.0,EC1 Curncy,Future,CME,USD,0.0,6.25,125000.0,141250,1.13,1.1273,0.01502361141667819,1176
08/07/2003,1.1295,1.133,1.1236,1.1281,40073.0,92843.0,EC1 Curncy,Future,CME,USD,0.0,6.25,125000.0,141013,1.1281,1.1254,0.01609885399646026,1177
09/07/2003,1.1299,1.1344,1.1285,1.1317,24917.0,91826.0,EC1 Curncy,Future,CME,USD,0.0,6.25,125000.0,141463,1.1317,1.129,0.016860987515544462,1178
10/07/2003,1.1331,1.1371,1.1289,1.1366,35390.0,93408.0,EC1 Curncy,Future,CME,USD,0.0,6.25,125000.0,142075,1.1366,1.1339,0.016402108604262285,1179
11/07/2003,1.1355,1.1368,1.1252,1.1291,30927.0,95942.0,EC1 Curncy,Future,CME,USD,0.0,6.25,125000.0,141138,1.1291,1.1264,0.01694482516874547,1180
14/07/2003,1.1271,1.1289,1.1221,1.126,27602.0,92650.0,EC1 Curncy,Future,CME,USD,0.0,6.25,125000.0,140750,1.126,1.1233,0.01730719985052517,1181
15/07/2003,1.1258,1.1317,1.1135,1.1175,53082.0,97324.0,EC1 Curncy,Future,CME,USD,0.0,6.25,125000.0,139688,1.1175,1.1148,0.018410199166024432,1182
16/07/2003,1.1156,1.1214,1.1093,1.1191,48331.0,91886.0,EC1 Curncy,Future,CME,USD,0.0,6.25,125000.0,139888,1.1191,1.1164,0.01879983865177274,1183
17/07/2003,1.12,1.1232,1.1137,1.1194,37001.0,95128.0,EC1 Curncy,Future,CME,USD,0.0,6.25,125000.0,139925,1.1194,1.1167,0.01888391467182296,1184
18/07/2003,1.1194,1.1288,1.1154,1.1269,41264.0,92581.0,EC1 Curncy,Future,CME,USD,0.0,6.25,125000.0,140863,1.1269,1.1242,0.01753061607586453,1185
21/07/2003,1.1239,1.1339,1.1226,1.1326,36661.0,96228.0,EC1 Curncy,Future,CME,USD,0.0,6.25,125000.0,141575,1.1326,1.1299,0.015860721925541776,1186
22/07/2003,1.1326,1.1355,1.129,1.1312,28590.0,94577.0,EC1 Curncy,Future,CME,USD,0.0,6.25,125000.0,141400,1.1312,1.1284,0.014200850913449884,1187
23/07/2003,1.1315,1.1473,1.13,1.1445,53317.0,92335.0,EC1 Curncy,Future,CME,USD,0.0,6.25,125000.0,143063,1.1445,1.1417,0.01319190787311291,1188
24/07/2003,1.1468,1.1495,1.1408,1.1449,40644.0,94880.0,EC1 Curncy,Future,CME,USD,0.0,6.25,125000.0,143113,1.1449,1.1421,0.01183654932821919,1189
25/07/2003,1.1461,1.1534,1.1429,1.1492,14824.0,92517.0,EC1 Curncy,Future,CME,USD,0.0,6.25,125000.0,143650,1.1492,1.1464,0.011545081203671387,1190
28/07/2003,1.1486,1.1504,1.1437,1.1487,29041.0,94571.0,EC1 Curncy,Future,CME,USD,0.0,6.25,125000.0,143588,1.1487,1.1459,0.011389619542930308,1191
29/07/2003,1.1475,1.1525,1.1415,1.1447,47954.0,94309.0,EC1 Curncy,Future,CME,USD,0.0,6.25,125000.0,143088,1.1447,1.1419,0.011295814859172413,1192
30/07/2003,1.1425,1.1435,1.132,1.1344,44065.0,93902.0,EC1 Curncy,Future,CME,USD,0.0,6.25,125000.0,141800,1.1344,1.1316,0.01097574143278565,1193
31/07/2003,1.1341,1.1348,1.121,1.1226,44546.0,94467.0,EC1 Curncy,Future,CME,USD,0.0,6.25,125000.0,140325,1.1226,1.1198,0.01131939780492032,1194
01/08/2003,1.1219,1.1262,1.1121,1.1248,42566.0,93998.0,EC1 Curncy,Future,CME,USD,0.0,6.25,125000.0,140600,1.1248,1.122,0.011528641145687368,1195
04/08/2003,1.1268,1.1361,1.1247,1.1339,29656.0,92356.0,EC1 Curncy,Future,CME,USD,0.0,6.25,125000.0,141738,1.1339,1.1311,0.011293002258007825,1196
05/08/2003,1.1345,1.1391,1.1288,1.1335,35963.0,91156.0,EC1 Curncy,Future,CME,USD,0.0,6.25,125000.0,141688,1.1335,1.1307,0.010622245525281878,1197
06/08/2003,1.1378,1.1413,1.1312,1.1332,34595.0,92691.0,EC1 Curncy,Future,CME,USD,0.0,6.25,125000.0,141650,1.1332,1.1304,0.009975230991446026,1198
07/08/2003,1.1325,1.1405,1.1308,1.1357,39707.0,97197.0,EC1 Curncy,Future,CME,USD,0.0,6.25,125000.0,141963,1.1357,1.1329,0.009237436513054165,1199
08/08/2003,1.1365,1.1369,1.127,1.1282,34507.0,93256.0,EC1 Curncy,Future,CME,USD,0.0,6.25,125000.0,141025,1.1282,1.1254,0.008863972021581177,1200
11/08/2003,1.1292,1.1369,1.1254,1.1349,42028.0,99875.0,EC1 Curncy,Future,CME,USD,0.0,6.25,125000.0,141863,1.1349,1.1321,0.008866090833396664,1201
12/08/2003,1.135,1.1364,1.1265,1.1299,33381.0,94844.0,EC1 Curncy,Future,CME,USD,0.0,6.25,125000.0,141238,1.1299,1.1271,0.008836501947379423,1202
13/08/2003,1.1263,1.1321,1.121,1.13,48258.0,94770.0,EC1 Curncy,Future,CME,USD,0.0,6.25,125000.0,141250,1.13,1.1272,0.008849670426972997,1203
14/08/2003,1.1304,1.1332,1.1217,1.1237,39544.0,95538.0,EC1 Curncy,Future,CME,USD,0.0,6.25,125000.0,140463,1.1237,1.1209,0.00897343672547152,1204
15/08/2003,1.127,1.1279,1.1233,1.1242,16720.0,94131.0,EC1 Curncy,Future,CME,USD,0.0,6.25,125000.0,140525,1.1242,1.1214,0.009090889212065072,1205
18/08/2003,1.1257,1.126,1.1116,1.1142,40776.0,96842.0,EC1 Curncy,Future,CME,USD,0.0,6.25,125000.0,139275,1.1142,1.1114,0.009688450168424323,1206
19/08/2003,1.1138,1.1142,1.1042,1.1136,47210.0,93034.0,EC1 Curncy,Future,CME,USD,0.0,6.25,125000.0,139200,1.1136,1.1108,0.009947445233126012,1207
20/08/2003,1.1137,1.1139,1.1073,1.1113,29836.0,93138.0,EC1 Curncy,Future,CME,USD,0.0,6.25,125000.0,138913,1.1113,1.1085,0.01044979744617291,1208
21/08/2003,1.1104,1.1113,1.0876,1.092,69146.0,99625.0,EC1 Curncy,Future,CME,USD,0.0,6.25,125000.0,136500,1.092,1.0892,0.012856007674729717,1209
22/08/2003,1.0914,1.0941,1.083,1.0878,41117.0,96667.0,EC1 Curncy,Future,CME,USD,0.0,6.25,125000.0,135975,1.0878,1.085,0.015348998881557182,1210
25/08/2003,1.0852,1.0913,1.084,1.0875,29807.0,94382.0,EC1 Curncy,Future,CME,USD,0.0,6.25,125000.0,135938,1.0875,1.0847,0.017326859688531142,1211
26/08/2003,1.0857,1.0903,1.0786,1.0878,52858.0,96221.0,EC1 Curncy,Future,CME,USD,0.0,6.25,125000.0,135975,1.0878,1.085,0.018920886166686617,1212
27/08/2003,1.0852,1.0925,1.0827,1.0876,28626.0,97214.0,EC1 Curncy,Future,CME,USD,0.0,6.25,125000.0,135950,1.0876,1.0848,0.019828845150421177,1213
28/08/2003,1.0873,1.0909,1.0807,1.0863,11295.0,100423.0,EC1 Curncy,Future,CME,USD,0.0,6.25,125000.0,135788,1.0863,1.0835,0.020502059246151744,1214
29/08/2003,1.0883,1.0994,1.0868,1.0863,32314.0,101161.0,EC1 Curncy,Future,CME,USD,0.0,6.25,125000.0,135788,1.0863,1.0835,0.020626954856838457,1215
01/09/2003,1.0984,1.1011,1.095,1.0966,5261.0,101161.0,EC1 Curncy,Future,CME,USD,0.0,6.25,125000.0,137075,1.0966,1.0939,0.019961615666057364,1216
02/09/2003,1.0957,1.1011,1.0801,1.082,48796.0,101586.0,EC1 Curncy,Future,CME,USD,0.0,6.25,125000.0,135250,1.082,1.0793,0.020063960227218083,1217
03/09/2003,1.0806,1.0868,1.0759,1.0838,46096.0,100677.0,EC1 Curncy,Future,CME,USD,0.0,6.25,125000.0,135475,1.0838,1.081,0.020352745105580345,1218
04/09/2003,1.0845,1.0946,1.0805,1.0922,39322.0,100347.0,EC1 Curncy,Future,CME,USD,0.0,6.25,125000.0,136525,1.0922,1.0894,0.020529227132701798,1219
05/09/2003,1.0943,1.1111,1.0911,1.1103,60952.0,92142.0,EC1 Curncy,Future,CME,USD,0.0,6.25,125000.0,138788,1.1103,1.1074,0.020286469217996685,1220
08/09/2003,1.1094,1.1127,1.1045,1.1093,33588.0,84454.0,EC1 Curncy,Future,CME,USD,0.0,6.25,125000.0,138663,1.1093,1.1064,0.019616962897776216,1221
09/09/2003,1.104,1.1209,1.1026,1.1193,47708.0,78366.0,EC1 Curncy,Future,CME,USD,0.0,6.25,125000.0,139913,1.1222,1.1193,0.01904746089813713,1222
10/09/2003,1.1195,1.1206,1.1133,1.1182,46029.0,63936.0,EC1 Curncy,Future,CME,USD,0.0,6.25,125000.0,139775,1.1211,1.1182,0.018430701741009862,1223
11/09/2003,1.1179,1.1241,1.1126,1.117,46732.0,64391.0,EC1 Curncy,Future,CME,USD,0.0,6.25,125000.0,139625,1.1199,1.117,0.01757301434964224,1224
12/09/2003,1.1173,1.1296,1.1106,1.1257,72198.0,77363.0,EC1 Curncy,Future,CME,USD,0.0,6.25,125000.0,140713,1.1286,1.1257,0.017449044864005173,1225
15/09/2003,1.1228,1.128,1.1216,1.1272,27014.0,74758.0,EC1 Curncy,Future,CME,USD,0.0,6.25,125000.0,140900,1.1294,1.1272,0.016980432856655896,1226
16/09/2003,1.1258,1.129,1.1128,1.1144,36326.0,79684.0,EC1 Curncy,Future,CME,USD,0.0,6.25,125000.0,139300,1.1144,1.1117,0.01633260338503124,1227
17/09/2003,1.1149,1.1272,1.1112,1.1271,43302.0,79126.0,EC1 Curncy,Future,CME,USD,0.0,6.25,125000.0,140888,1.1271,1.1244,0.016157987704725724,1228
18/09/2003,1.1256,1.1317,1.12,1.1215,47680.0,80649.0,EC1 Curncy,Future,CME,USD,0.0,6.25,125000.0,140188,1.1215,1.1188,0.016057670026067544,1229
19/09/2003,1.122,1.1356,1.1212,1.1328,43084.0,80622.0,EC1 Curncy,Future,CME,USD,0.0,6.25,125000.0,141600,1.1328,1.1301,0.01657162534774628,1230
22/09/2003,1.1352,1.1478,1.1352,1.1457,56660.0,81087.0,EC1 Curncy,Future,CME,USD,0.0,6.25,125000.0,143213,1.1457,1.143,0.018377833568352507,1231
23/09/2003,1.1435,1.15,1.1411,1.1439,36459.0,81567.0,EC1 Curncy,Future,CME,USD,0.0,6.25,125000.0,142988,1.1439,1.1412,0.019806944909956745,1232
24/09/2003,1.1422,1.1478,1.14,1.1458,32736.0,82722.0,EC1 Curncy,Future,CME,USD,0.0,6.25,125000.0,143225,1.1458,1.1431,0.021216704896521013,1233
25/09/2003,1.1469,1.1511,1.1433,1.146,40128.0,82908.0,EC1 Curncy,Future,CME,USD,0.0,6.25,125000.0,143250,1.146,1.1433,0.02212985690568411,1234
26/09/2003,1.1462,1.1475,1.1413,1.1445,28536.0,81877.0,EC1 Curncy,Future,CME,USD,0.0,6.25,125000.0,143063,1.1445,1.1418,0.02252474787130927,1235
29/09/2003,1.143,1.1578,1.1372,1.156,62681.0,86610.0,EC1 Curncy,Future,CME,USD,0.0,6.25,125000.0,144500,1.156,1.1533,0.023373933487242718,1236
30/09/2003,1.1588,1.1714,1.1549,1.162,60714.0,90733.0,EC1 Curncy,Future,CME,USD,0.0,6.25,125000.0,145250,1.162,1.1593,0.02429795944791884,1237
01/10/2003,1.1639,1.1707,1.1621,1.1687,35949.0,89378.0,EC1 Curncy,Future,CME,USD,0.0,6.25,125000.0,146088,1.1687,1.166,0.025288542860342295,1238
02/10/2003,1.1704,1.1746,1.1639,1.1667,41806.0,93652.0,EC1 Curncy,Future,CME,USD,0.0,6.25,125000.0,145838,1.1667,1.164,0.02560292951986869,1239
03/10/2003,1.1666,1.1699,1.1529,1.1537,57273.0,92129.0,EC1 Curncy,Future,CME,USD,0.0,6.25,125000.0,144213,1.1537,1.1509,0.024815547545830183,1240
06/10/2003,1.1549,1.1699,1.151,1.1677,40574.0,95818.0,EC1 Curncy,Future,CME,USD,0.0,6.25,125000.0,145963,1.1677,1.1649,0.025090037863649235,1241
07/10/2003,1.1688,1.1791,1.1676,1.175,49117.0,95612.0,EC1 Curncy,Future,CME,USD,0.0,6.25,125000.0,146875,1.175,1.1722,0.024366062463995794,1242
08/10/2003,1.1749,1.1817,1.1743,1.178,48909.0,99521.0,EC1 Curncy,Future,CME,USD,0.0,6.25,125000.0,147250,1.178,1.1752,0.023385628065103085,1243
09/10/2003,1.1796,1.184,1.1663,1.1719,59792.0,101017.0,EC1 Curncy,Future,CME,USD,0.0,6.25,125000.0,146488,1.1719,1.1691,0.022176900144053744,1244
10/10/2003,1.1725,1.1829,1.1683,1.1784,37336.0,101443.0,EC1 Curncy,Future,CME,USD,0.0,6.25,125000.0,147300,1.1784,1.1756,0.022311095894180673,1245
13/10/2003,1.1784,1.1794,1.1631,1.1784,21765.0,100984.0,EC1 Curncy,Future,CME,USD,0.0,6.25,125000.0,147300,1.1784,1.1756,0.022026409905671267,1246
14/10/2003,1.1691,1.1747,1.1562,1.1715,73525.0,104459.0,EC1 Curncy,Future,CME,USD,0.0,6.25,125000.0,146438,1.1715,1.1687,0.02172134741061543,1247
15/10/2003,1.1713,1.1725,1.157,1.163,52299.0,105483.0,EC1 Curncy,Future,CME,USD,0.0,6.25,125000.0,145375,1.163,1.1602,0.020861457283692184,1248
16/10/2003,1.1599,1.1677,1.1552,1.1584,52489.0,105114.0,EC1 Curncy,Future,CME,USD,0.0,6.25,125000.0,144800,1.1584,1.1556,0.01963186185768714,1249
17/10/2003,1.1578,1.1666,1.1528,1.1634,54427.0,104601.0,EC1 Curncy,Future,CME,USD,0.0,6.25,125000.0,145425,1.1634,1.1606,0.01888437890601583,1250
20/10/2003,1.1676,1.1688,1.1583,1.1641,43492.0,108503.0,EC1 Curncy,Future,CME,USD,0.0,6.25,125000.0,145513,1.1641,1.1613,0.01808963976053623,1251
21/10/2003,1.161,1.1682,1.16,1.1633,34998.0,105102.0,EC1 Curncy,Future,CME,USD,0.0,6.25,125000.0,145413,1.1633,1.1605,0.015924561741723714,1252
22/10/2003,1.1651,1.1809,1.1633,1.179,53020.0,106637.0,EC1 Curncy,Future,CME,USD,0.0,6.25,125000.0,147375,1.179,1.1762,0.015103842778113398,1253
23/10/2003,1.1788,1.183,1.174,1.1767,38123.0,104718.0,EC1 Curncy,Future,CME,USD,0.0,6.25,125000.0,147088,1.1767,1.1739,0.01315363321162505,1254
24/10/2003,1.178,1.1842,1.1746,1.1797,44426.0,104784.0,EC1 Curncy,Future,CME,USD,0.0,6.25,125000.0,147463,1.1797,1.1769,0.012089665007736852,1255
27/10/2003,1.1757,1.1767,1.1704,1.1726,35674.0,102884.0,EC1 Curncy,Future,CME,USD,0.0,6.25,125000.0,146575,1.1726,1.1698,0.011573564705798102,1256
28/10/2003,1.172,1.1728,1.1642,1.1669,40017.0,101356.0,EC1 Curncy,Future,CME,USD,0.0,6.25,125000.0,145863,1.1669,1.164,0.010696030416278784,1257
29/10/2003,1.1659,1.1706,1.1645,1.1657,35434.0,100842.0,EC1 Curncy,Future,CME,USD,0.0,6.25,125000.0,145713,1.1657,1.1628,0.00983129018318347,1258
30/10/2003,1.1651,1.1743,1.1604,1.1616,62709.0,102149.0,EC1 Curncy,Future,CME,USD,0.0,6.25,125000.0,145200,1.1616,1.1587,0.00890399161421206,1259
31/10/2003,1.1611,1.1643,1.1551,1.1559,52329.0,101255.0,EC1 Curncy,Future,CME,USD,0.0,6.25,125000.0,144488,1.1559,1.153,0.007915318481650517,1260
03/11/2003,1.1564,1.1607,1.1414,1.1447,65836.0,95830.0,EC1 Curncy,Future,CME,USD,0.0,6.25,125000.0,143088,1.1447,1.1418,0.008887960020872335,1261
04/11/2003,1.145,1.1499,1.1416,1.1482,12793.0,97371.0,EC1 Curncy,Future,CME,USD,0.0,6.25,125000.0,143525,1.1482,1.1453,0.009639265186342005,1262
05/11/2003,1.1482,1.1485,1.14,1.1427,50598.0,96317.0,EC1 Curncy,Future,CME,USD,0.0,6.25,125000.0,142838,1.1427,1.1398,0.010775718073487822,1263
06/11/2003,1.1428,1.1454,1.1372,1.1401,44246.0,97985.0,EC1 Curncy,Future,CME,USD,0.0,6.25,125000.0,142513,1.1401,1.1372,0.011942301564855885,1264
07/11/2003,1.1401,1.1533,1.1365,1.152,62242.0,103208.0,EC1 Curncy,Future,CME,USD,0.0,6.25,125000.0,144000,1.152,1.1491,0.01201291249722395,1265
10/11/2003,1.1494,1.1524,1.1455,1.1481,34407.0,102753.0,EC1 Curncy,Future,CME,USD,0.0,6.25,125000.0,143513,1.1481,1.1453,0.012444594542717182,1266
11/11/2003,1.1459,1.1519,1.1435,1.1481,18270.0,100978.0,EC1 Curncy,Future,CME,USD,0.0,6.25,125000.0,143513,1.1481,1.1453,0.012613137331077716,1267
12/11/2003,1.1501,1.1652,1.1495,1.1621,59411.0,107241.0,EC1 Curncy,Future,CME,USD,0.0,6.25,125000.0,145263,1.1621,1.1592,0.01221436995234,1268
13/11/2003,1.1621,1.1731,1.162,1.1721,58318.0,104897.0,EC1 Curncy,Future,CME,USD,0.0,6.25,125000.0,146513,1.1721,1.1692,0.012221010596480673,1269
14/11/2003,1.1723,1.1795,1.172,1.1759,51235.0,104857.0,EC1 Curncy,Future,CME,USD,0.0,6.25,125000.0,146988,1.1759,1.173,0.012093066884209299,1270
17/11/2003,1.1813,1.184,1.1718,1.1757,49035.0,106895.0,EC1 Curncy,Future,CME,USD,0.0,6.25,125000.0,146963,1.1757,1.1728,0.011953311953846085,1271
18/11/2003,1.1742,1.1969,1.1726,1.1944,88252.0,123223.0,EC1 Curncy,Future,CME,USD,0.0,6.25,125000.0,149300,1.1944,1.1915,0.013486019921853375,1272
19/11/2003,1.1954,1.197,1.1865,1.1875,61166.0,126803.0,EC1 Curncy,Future,CME,USD,0.0,6.25,125000.0,148438,1.1875,1.1846,0.014350321715300532,1273
20/11/2003,1.1882,1.1963,1.1875,1.1903,49881.0,125258.0,EC1 Curncy,Future,CME,USD,0.0,6.25,125000.0,148788,1.1903,1.1874,0.015227161039820462,1274
21/11/2003,1.1903,1.1933,1.1851,1.1909,36466.0,120144.0,EC1 Curncy,Future,CME,USD,0.0,6.25,125000.0,148863,1.1909,1.188,0.016059828766188427,1275
24/11/2003,1.1901,1.191,1.1753,1.1762,42693.0,117778.0,EC1 Curncy,Future,CME,USD,0.0,6.25,125000.0,147025,1.1762,1.1733,0.01617170059082511,1276
25/11/2003,1.1765,1.1814,1.1747,1.1778,18974.0,119577.0,EC1 Curncy,Future,CME,USD,0.0,6.25,125000.0,147225,1.1778,1.1749,0.016299858895073092,1277
26/11/2003,1.1787,1.1943,1.1764,1.1778,58703.0,126901.0,EC1 Curncy,Future,CME,USD,0.0,6.25,125000.0,147225,1.1778,1.1749,0.016265995204699076,1278
27/11/2003,1.1924,1.1934,1.188,1.1916,7489.0,126901.0,EC1 Curncy,Future,CME,USD,0.0,6.25,125000.0,148950,1.1916,1.1887,0.01688416615252172,1279
28/11/2003,1.1906,1.201,1.188,1.1984,40848.0,127978.0,EC1 Curncy,Future,CME,USD,0.0,6.25,125000.0,149800,1.1984,1.1955,0.017815230375513726,1280
01/12/2003,1.1991,1.2037,1.1932,1.1968,16062.0,123612.0,EC1 Curncy,Future,CME,USD,0.0,6.25,125000.0,149600,1.1968,1.1939,0.01867322057562543,1281
02/12/2003,1.1966,1.2087,1.1939,1.2077,60198.0,129271.0,EC1 Curncy,Future,CME,USD,0.0,6.25,125000.0,150963,1.2077,1.2047,0.02014673091759459,1282
03/12/2003,1.2099,1.2126,1.2061,1.2097,38205.0,125182.0,EC1 Curncy,Future,CME,USD,0.0,6.25,125000.0,151213,1.2097,1.2067,0.021513408996855023,1283
04/12/2003,1.211,1.2157,1.2025,1.2097,83565.0,114814.0,EC1 Curncy,Future,CME,USD,0.0,6.25,125000.0,151213,1.2097,1.2067,0.022571391922799753,1284
05/12/2003,1.2081,1.2174,1.2062,1.2162,65476.0,102895.0,EC1 Curncy,Future,CME,USD,0.0,6.25,125000.0,152025,1.2162,1.2132,0.02364433194938335,1285
08/12/2003,1.2162,1.2237,1.2145,1.2219,50088.0,97789.0,EC1 Curncy,Future,CME,USD,0.0,6.25,125000.0,152738,1.2219,1.2189,0.02423128625006586,1286
09/12/2003,1.2193,1.2242,1.2154,1.2206,61714.0,77558.0,EC1 Curncy,Future,CME,USD,0.0,6.25,125000.0,152575,1.2236,1.2206,0.02453759904036997,1287
10/12/2003,1.2218,1.2234,1.212,1.2187,47448.0,95024.0,EC1 Curncy,Future,CME,USD,0.0,6.25,125000.0,152338,1.2217,1.2187,0.02399050715038415,1288
11/12/2003,1.2185,1.2204,1.2081,1.2185,73565.0,105946.0,EC1 Curncy,Future,CME,USD,0.0,6.25,125000.0,152313,1.2215,1.2185,0.022777952058938497,1289
12/12/2003,1.2194,1.2276,1.2178,1.2263,61719.0,117755.0,EC1 Curncy,Future,CME,USD,0.0,6.25,125000.0,153288,1.2294,1.2263,0.02252043516451894,1290
15/12/2003,1.2125,1.2294,1.2115,1.2269,63487.0,125108.0,EC1 Curncy,Future,CME,USD,0.0,6.25,125000.0,153363,1.23,1.2269,0.02153732264386567,1291
16/12/2003,1.2283,1.233,1.227,1.23,48025.0,118403.0,EC1 Curncy,Future,CME,USD,0.0,6.25,125000.0,153750,1.23,1.227,0.020186177614049904,1292
17/12/2003,1.2301,1.2394,1.2266,1.237,58005.0,123674.0,EC1 Curncy,Future,CME,USD,0.0,6.25,125000.0,154625,1.237,1.234,0.02004717519583837,1293
18/12/2003,1.2372,1.241,1.2331,1.2396,47141.0,118983.0,EC1 Curncy,Future,CME,USD,0.0,6.25,125000.0,154950,1.2396,1.2366,0.020402615845342916,1294
19/12/2003,1.2394,1.2404,1.2314,1.2358,42058.0,118044.0,EC1 Curncy,Future,CME,USD,0.0,6.25,125000.0,154475,1.2358,1.2328,0.020403594454555595,1295
22/12/2003,1.2335,1.2419,1.232,1.2379,29841.0,117649.0,EC1 Curncy,Future,CME,USD,0.0,6.25,125000.0,154738,1.2379,1.2349,0.020214217768672264,1296
23/12/2003,1.2375,1.24,1.2358,1.2364,3482.0,118032.0,EC1 Curncy,Future,CME,USD,0.0,6.25,125000.0,154550,1.2364,1.2334,0.02064525611367671,1297
24/12/2003,1.2373,1.2445,1.2369,1.2364,20779.0,117023.0,EC1 Curncy,Future,CME,USD,0.0,6.25,125000.0,154550,1.2364,1.2334,0.020621951895960434,1298
25/12/2003,1.2373,1.2445,1.2369,1.2426,20779.0,117023.0,EC1 Curncy,Future,CME,USD,0.0,6.25,125000.0,155325,1.2426,1.2396,0.02085731446437851,1299
26/12/2003,1.2422,1.2437,1.24,1.2408,5502.0,116354.0,EC1 Curncy,Future,CME,USD,0.0,6.25,125000.0,155100,1.2408,1.2378,0.020817002666073395,1300
29/12/2003,1.2404,1.2484,1.24,1.2464,25987.0,120656.0,EC1 Curncy,Future,CME,USD,0.0,6.25,125000.0,155800,1.2464,1.2434,0.019756391370878135,1301
30/12/2003,1.2462,1.2535,1.2453,1.2519,8033.0,118237.0,EC1 Curncy,Future,CME,USD,0.0,6.25,125000.0,156488,1.2519,1.2489,0.018681324899463347,1302
31/12/2003,1.2524,1.2623,1.2489,1.2519,36668.0,116101.0,EC1 Curncy,Future,CME,USD,0.0,6.25,125000.0,156488,1.2519,1.2489,0.01701076423913134,1303
01/01/2004,1.2524,1.2623,1.2489,1.2534,36668.0,116101.0,EC1 Curncy,Future,CME,USD,0.0,6.25,125000.0,156675,1.2534,1.2504,0.016279972358677716,1304
02/01/2004,1.2583,1.2595,1.2538,1.2576,30899.0,119535.0,EC1 Curncy,Future,CME,USD,0.0,6.25,125000.0,157200,1.2576,1.2546,0.01602894569206941,1305
05/01/2004,1.2607,1.2672,1.2601,1.265,39795.0,121322.0,EC1 Curncy,Future,CME,USD,0.0,6.25,125000.0,158125,1.265,1.2621,0.015798235133477542,1306
06/01/2004,1.265,1.2788,1.2644,1.2737,71625.0,125428.0,EC1 Curncy,Future,CME,USD,0.0,6.25,125000.0,159213,1.2737,1.2708,0.01678142524735742,1307
07/01/2004,1.2705,1.2719,1.2603,1.2622,69344.0,122092.0,EC1 Curncy,Future,CME,USD,0.0,6.25,125000.0,157775,1.2622,1.2593,0.01661162946049079,1308
08/01/2004,1.2606,1.2758,1.2537,1.2739,91129.0,129466.0,EC1 Curncy,Future,CME,USD,0.0,6.25,125000.0,159238,1.2739,1.271,0.016965353911211116,1309
09/01/2004,1.2749,1.2847,1.2679,1.2818,66776.0,121543.0,EC1 Curncy,Future,CME,USD,0.0,6.25,125000.0,160225,1.2818,1.2789,0.01803129963884966,1310
12/01/2004,1.2827,1.2875,1.2711,1.2729,60407.0,126608.0,EC1 Curncy,Future,CME,USD,0.0,6.25,125000.0,159113,1.2729,1.27,0.018368962046506055,1311
13/01/2004,1.2716,1.2775,1.2688,1.2728,66780.0,129188.0,EC1 Curncy,Future,CME,USD,0.0,6.25,125000.0,159100,1.2728,1.2699,0.018384111799757418,1312
14/01/2004,1.2746,1.2766,1.2608,1.2646,80436.0,127738.0,EC1 Curncy,Future,CME,USD,0.0,6.25,125000.0,158075,1.2646,1.2617,0.01765344914360873,1313
15/01/2004,1.2627,1.2653,1.2541,1.2558,17428.0,124733.0,EC1 Curncy,Future,CME,USD,0.0,6.25,125000.0,156975,1.2558,1.2529,0.01646471175978026,1314
16/01/2004,1.2562,1.2588,1.2332,1.2558,103007.0,121693.0,EC1 Curncy,Future,CME,USD,0.0,6.25,125000.0,156975,1.2558,1.2529,0.015662489159325197,1315
19/01/2004,1.237,1.2407,1.2315,1.2357,16944.0,121693.0,EC1 Curncy,Future,CME,USD,0.0,6.25,125000.0,154463,1.2357,1.2328,0.015162900997697615,1316
20/01/2004,1.2341,1.2578,1.2315,1.2546,97265.0,128236.0,EC1 Curncy,Future,CME,USD,0.0,6.25,125000.0,156825,1.2546,1.2517,0.014423736224223566,1317
21/01/2004,1.2574,1.2655,1.2531,1.2611,69733.0,120443.0,EC1 Curncy,Future,CME,USD,0.0,6.25,125000.0,157638,1.2611,1.2582,0.014079041160509216,1318
22/01/2004,1.2615,1.2734,1.2615,1.269,67749.0,123040.0,EC1 Curncy,Future,CME,USD,0.0,6.25,125000.0,158625,1.269,1.2661,0.014016954020018494,1319
23/01/2004,1.271,1.2758,1.2546,1.258,72653.0,123700.0,EC1 Curncy,Future,CME,USD,0.0,6.25,125000.0,157250,1.258,1.2551,0.01339994776106655,1320
26/01/2004,1.2564,1.2597,1.244,1.2453,75711.0,124167.0,EC1 Curncy,Future,CME,USD,0.0,6.25,125000.0,155663,1.2453,1.2424,0.01304938312715633,1321
27/01/2004,1.2445,1.2639,1.2422,1.2613,74937.0,127518.0,EC1 Curncy,Future,CME,USD,0.0,6.25,125000.0,157663,1.2613,1.2584,0.012360825215142899,1322
28/01/2004,1.2624,1.2629,1.2446,1.2494,96992.0,131604.0,EC1 Curncy,Future,CME,USD,0.0,6.25,125000.0,156175,1.2494,1.2465,0.011678541575584076,1323
29/01/2004,1.241,1.252,1.2347,1.2387,89696.0,122769.0,EC1 Curncy,Future,CME,USD,0.0,6.25,125000.0,154838,1.2387,1.2358,0.011920538298778528,1324
30/01/2004,1.2392,1.2479,1.2335,1.2448,21858.0,119069.0,EC1 Curncy,Future,CME,USD,0.0,6.25,125000.0,155600,1.2448,1.2419,0.011702901349636011,1325
02/02/2004,1.2471,1.2472,1.2375,1.2394,46581.0,118672.0,EC1 Curncy,Future,CME,USD,0.0,6.25,125000.0,154925,1.2394,1.2365,0.012077330002915056,1326
03/02/2004,1.2425,1.2585,1.2401,1.2533,68885.0,122318.0,EC1 Curncy,Future,CME,USD,0.0,6.25,125000.0,156663,1.2533,1.2504,0.012050968149183926,1327
04/02/2004,1.2532,1.2565,1.2462,1.252,49982.0,121518.0,EC1 Curncy,Future,CME,USD,0.0,6.25,125000.0,156500,1.252,1.2491,0.01204884780104079,1328
05/02/2004,1.2527,1.2625,1.2507,1.2525,60756.0,124356.0,EC1 Curncy,Future,CME,USD,0.0,6.25,125000.0,156563,1.2525,1.2496,0.012064759978244306,1329
06/02/2004,1.2542,1.2714,1.25,1.268,85913.0,126438.0,EC1 Curncy,Future,CME,USD,0.0,6.25,125000.0,158500,1.268,1.2651,0.012226878860362488,1330
09/02/2004,1.2615,1.275,1.2612,1.2674,79883.0,132266.0,EC1 Curncy,Future,CME,USD,0.0,6.25,125000.0,158425,1.2674,1.2644,0.012289595870734697,1331
10/02/2004,1.2686,1.2777,1.2655,1.2694,62901.0,126141.0,EC1 Curncy,Future,CME,USD,0.0,6.25,125000.0,158675,1.2694,1.2664,0.012097462543827634,1332
11/02/2004,1.2669,1.2825,1.2623,1.2799,78687.0,133745.0,EC1 Curncy,Future,CME,USD,0.0,6.25,125000.0,159988,1.2799,1.2769,0.01282586839162609,1333
12/02/2004,1.2831,1.2837,1.2776,1.2783,16995.0,135606.0,EC1 Curncy,Future,CME,USD,0.0,6.25,125000.0,159788,1.2783,1.2753,0.013065428937950974,1334
13/02/2004,1.2808,1.2886,1.2705,1.2783,90727.0,142176.0,EC1 Curncy,Future,CME,USD,0.0,6.25,125000.0,159788,1.2783,1.2753,0.012830618327500038,1335
16/02/2004,1.2719,1.278,1.2708,1.2725,9502.0,142176.0,EC1 Curncy,Future,CME,USD,0.0,6.25,125000.0,159063,1.2725,1.2695,0.012812971292118256,1336
17/02/2004,1.2756,1.2868,1.2708,1.2828,78687.0,142811.0,EC1 Curncy,Future,CME,USD,0.0,6.25,125000.0,160350,1.2828,1.2798,0.013400580833157207,1337
18/02/2004,1.284,1.2919,1.2652,1.2696,96810.0,144529.0,EC1 Curncy,Future,CME,USD,0.0,6.25,125000.0,158700,1.2696,1.2666,0.01351643074185319,1338
19/02/2004,1.269,1.2728,1.2639,1.2692,79176.0,142298.0,EC1 Curncy,Future,CME,USD,0.0,6.25,125000.0,158650,1.2692,1.2662,0.013619964512899737,1339
20/02/2004,1.2727,1.276,1.2487,1.2507,99227.0,138376.0,EC1 Curncy,Future,CME,USD,0.0,6.25,125000.0,156338,1.2507,1.2477,0.0137271968490529,1340
23/02/2004,1.2507,1.2589,1.2442,1.2531,72160.0,127771.0,EC1 Curncy,Future,CME,USD,0.0,6.25,125000.0,156638,1.2531,1.2501,0.012854638592066642,1341
24/02/2004,1.2555,1.2707,1.2517,1.268,80762.0,130389.0,EC1 Curncy,Future,CME,USD,0.0,6.25,125000.0,158500,1.268,1.265,0.012867141614696324,1342
25/02/2004,1.2676,1.27,1.2469,1.2488,95330.0,130602.0,EC1 Curncy,Future,CME,USD,0.0,6.25,125000.0,156100,1.2488,1.2458,0.013107228285669298,1343
26/02/2004,1.2491,1.251,1.2377,1.2432,93071.0,127296.0,EC1 Curncy,Future,CME,USD,0.0,6.25,125000.0,155400,1.2432,1.2402,0.013445044936059072,1344
27/02/2004,1.243,1.2505,1.2365,1.2489,77048.0,124204.0,EC1 Curncy,Future,CME,USD,0.0,6.25,125000.0,156113,1.2489,1.246,0.013616654018736782,1345
01/03/2004,1.249,1.2536,1.242,1.2441,60117.0,131576.0,EC1 Curncy,Future,CME,USD,0.0,6.25,125000.0,155513,1.2441,1.2412,0.01367040843083997,1346
02/03/2004,1.2457,1.2458,1.219,1.2225,121060.0,128571.0,EC1 Curncy,Future,CME,USD,0.0,6.25,125000.0,152813,1.2225,1.2196,0.015516870388901814,1347
03/03/2004,1.2211,1.2215,1.2052,1.219,102699.0,132802.0,EC1 Curncy,Future,CME,USD,0.0,6.25,125000.0,152375,1.219,1.2161,0.017291599116313942,1348
04/03/2004,1.219,1.2239,1.213,1.219,89756.0,131005.0,EC1 Curncy,Future,CME,USD,0.0,6.25,125000.0,152375,1.219,1.2161,0.01854371681547798,1349
05/03/2004,1.2189,1.2432,1.2161,1.2371,95670.0,121351.0,EC1 Curncy,Future,CME,USD,0.0,6.25,125000.0,154638,1.2371,1.2341,0.018796054550516007,1350
08/03/2004,1.2379,1.2418,1.2336,1.2389,62777.0,106623.0,EC1 Curncy,Future,CME,USD,0.0,6.25,125000.0,154863,1.2389,1.2359,0.018814134757303445,1351
09/03/2004,1.237,1.2426,1.2241,1.2318,70693.0,91557.0,EC1 Curncy,Future,CME,USD,0.0,6.25,125000.0,153975,1.2348,1.2318,0.019399269745688157,1352
10/03/2004,1.2281,1.2323,1.2164,1.2201,78888.0,75756.0,EC1 Curncy,Future,CME,USD,0.0,6.25,125000.0,152513,1.2231,1.2201,0.020589991095982446,1353
11/03/2004,1.2191,1.2358,1.2133,1.2286,70047.0,72385.0,EC1 Curncy,Future,CME,USD,0.0,6.25,125000.0,153575,1.2316,1.2286,0.021176337423312094,1354
12/03/2004,1.2317,1.2329,1.2143,1.2192,74920.0,81249.0,EC1 Curncy,Future,CME,USD,0.0,6.25,125000.0,152400,1.2222,1.2192,0.021911748751129653,1355
15/03/2004,1.2186,1.2288,1.2176,1.2232,56678.0,79751.0,EC1 Curncy,Future,CME,USD,0.0,6.25,125000.0,152900,1.2235,1.2232,0.022264604195882207,1356
16/03/2004,1.2236,1.2343,1.22,1.2237,62668.0,86060.0,EC1 Curncy,Future,CME,USD,0.0,6.25,125000.0,152963,1.2237,1.2211,0.02236563584309553,1357
17/03/2004,1.224,1.226,1.2146,1.2212,67277.0,91242.0,EC1 Curncy,Future,CME,USD,0.0,6.25,125000.0,152650,1.2212,1.2186,0.021822761817254555,1358
18/03/2004,1.2205,1.2401,1.2193,1.2346,91799.0,95977.0,EC1 Curncy,Future,CME,USD,0.0,6.25,125000.0,154325,1.2346,1.2321,0.020722698505084267,1359
19/03/2004,1.2359,1.238,1.2228,1.2249,58818.0,93447.0,EC1 Curncy,Future,CME,USD,0.0,6.25,125000.0,153113,1.2249,1.2224,0.01962598872242159,1360
22/03/2004,1.225,1.2375,1.2195,1.2306,51250.0,93278.0,EC1 Curncy,Future,CME,USD,0.0,6.25,125000.0,153825,1.2306,1.2281,0.018546637610789493,1361
23/03/2004,1.2318,1.2343,1.2238,1.2295,55291.0,94219.0,EC1 Curncy,Future,CME,USD,0.0,6.25,125000.0,153688,1.2295,1.2271,0.016207328589230335,1362
24/03/2004,1.2324,1.2349,1.209,1.2102,90668.0,100943.0,EC1 Curncy,Future,CME,USD,0.0,6.25,125000.0,151275,1.2102,1.2078,0.015535536682048705,1363
25/03/2004,1.2095,1.2178,1.2072,1.211,59693.0,101655.0,EC1 Curncy,Future,CME,USD,0.0,6.25,125000.0,151375,1.211,1.2087,0.014425044194014759,1364
26/03/2004,1.2096,1.2187,1.2046,1.2092,63262.0,100903.0,EC1 Curncy,Future,CME,USD,0.0,6.25,125000.0,151150,1.2092,1.2069,0.014579571324263199,1365
29/03/2004,1.2105,1.2147,1.2025,1.2118,41795.0,99751.0,EC1 Curncy,Future,CME,USD,0.0,6.25,125000.0,151475,1.2118,1.2095,0.014238003137118984,1366
30/03/2004,1.2139,1.2209,1.2127,1.215,44146.0,99412.0,EC1 Curncy,Future,CME,USD,0.0,6.25,125000.0,151875,1.215,1.2127,0.011907493438976792,1367
31/03/2004,1.2156,1.23,1.2149,1.228,65801.0,101261.0,EC1 Curncy,Future,CME,USD,0.0,6.25,125000.0,153500,1.228,1.2257,0.010985912190889818,1368
01/04/2004,1.2289,1.2366,1.2231,1.2327,73203.0,103222.0,EC1 Curncy,Future,CME,USD,0.0,6.25,125000.0,154088,1.2327,1.2304,0.010482641206582483,1369
02/04/2004,1.2339,1.2345,1.2077,1.2111,76469.0,106985.0,EC1 Curncy,Future,CME,USD,0.0,6.25,125000.0,151388,1.2111,1.2087,0.009643089062429118,1370
05/04/2004,1.2088,1.2106,1.1962,1.1989,76322.0,105320.0,EC1 Curncy,Future,CME,USD,0.0,6.25,125000.0,149863,1.1989,1.1965,0.009927173145762013,1371
06/04/2004,1.1989,1.211,1.1959,1.2072,14455.0,105883.0,EC1 Curncy,Future,CME,USD,0.0,6.25,125000.0,150900,1.2072,1.2048,0.010361788777326908,1372
07/04/2004,1.2119,1.2193,1.2029,1.2155,12438.0,105927.0,EC1 Curncy,Future,CME,USD,0.0,6.25,125000.0,151938,1.2155,1.2131,0.010419892833706963,1373
08/04/2004,1.215,1.2198,1.2041,1.2155,60993.0,108082.0,EC1 Curncy,Future,CME,USD,0.0,6.25,125000.0,151938,1.2155,1.2131,0.01047572590957802,1374
09/04/2004,1.215,1.2198,1.2041,1.2056,60993.0,108082.0,EC1 Curncy,Future,CME,USD,0.0,6.25,125000.0,150700,1.2056,1.2032,0.010375010040120569,1375
12/04/2004,1.2059,1.208,1.2031,1.205,17066.0,107593.0,EC1 Curncy,Future,CME,USD,0.0,6.25,125000.0,150625,1.205,1.2026,0.009999536655895676,1376
13/04/2004,1.2057,1.2062,1.1885,1.1923,57808.0,108911.0,EC1 Curncy,Future,CME,USD,0.0,6.25,125000.0,149038,1.1923,1.1899,0.010901019829933344,1377
14/04/2004,1.1917,1.1952,1.1848,1.1939,69413.0,106807.0,EC1 Curncy,Future,CME,USD,0.0,6.25,125000.0,149238,1.1939,1.1916,0.011810443118949123,1378
15/04/2004,1.1935,1.1974,1.186,1.196,65473.0,104527.0,EC1 Curncy,Future,CME,USD,0.0,6.25,125000.0,149500,1.196,1.1937,0.01214879006318182,1379
16/04/2004,1.1962,1.2029,1.1902,1.1971,62115.0,107470.0,EC1 Curncy,Future,CME,USD,0.0,6.25,125000.0,149638,1.1971,1.1948,0.012598284274691198,1380
19/04/2004,1.2,1.2063,1.1982,1.1997,41281.0,106481.0,EC1 Curncy,Future,CME,USD,0.0,6.25,125000.0,149963,1.1997,1.1974,0.012739568281510348,1381
20/04/2004,1.199,1.1993,1.1823,1.1889,65774.0,113368.0,EC1 Curncy,Future,CME,USD,0.0,6.25,125000.0,148613,1.1889,1.1866,0.013384745047973993,1382
21/04/2004,1.1832,1.19,1.1797,1.1817,71667.0,113821.0,EC1 Curncy,Future,CME,USD,0.0,6.25,125000.0,147713,1.1817,1.1794,0.01446913035854602,1383
22/04/2004,1.1817,1.1898,1.1764,1.1875,65638.0,115941.0,EC1 Curncy,Future,CME,USD,0.0,6.25,125000.0,148438,1.1875,1.1852,0.014173688063894976,1384
23/04/2004,1.1891,1.1928,1.1781,1.1822,62471.0,114366.0,EC1 Curncy,Future,CME,USD,0.0,6.25,125000.0,147775,1.1822,1.1799,0.014612268817649997,1385
26/04/2004,1.1796,1.187,1.1745,1.1862,52398.0,116471.0,EC1 Curncy,Future,CME,USD,0.0,6.25,125000.0,148275,1.1862,1.1839,0.014221659537454408,1386
27/04/2004,1.1843,1.1933,1.1816,1.1919,69140.0,118216.0,EC1 Curncy,Future,CME,USD,0.0,6.25,125000.0,148988,1.1919,1.1896,0.013430279222684426,1387
28/04/2004,1.1909,1.1939,1.1806,1.1825,67046.0,121493.0,EC1 Curncy,Future,CME,USD,0.0,6.25,125000.0,147813,1.1825,1.1802,0.013941337812393395,1388
29/04/2004,1.1831,1.197,1.1788,1.1948,88187.0,119121.0,EC1 Curncy,Future,CME,USD,0.0,6.25,125000.0,149350,1.1948,1.1925,0.013874945044909923,1389
30/04/2004,1.1951,1.1998,1.1906,1.1969,56150.0,118425.0,EC1 Curncy,Future,CME,USD,0.0,6.25,125000.0,149613,1.1969,1.1946,0.013797604864586857,1390
03/05/2004,1.1988,1.1988,1.1906,1.1926,42293.0,118236.0,EC1 Curncy,Future,CME,USD,0.0,6.25,125000.0,149075,1.1926,1.1903,0.013688867739856055,1391
04/05/2004,1.1928,1.2106,1.1914,1.2077,81272.0,122607.0,EC1 Curncy,Future,CME,USD,0.0,6.25,125000.0,150963,1.2077,1.2054,0.013429820053371481,1392
05/05/2004,1.2093,1.2178,1.2084,1.2156,69288.0,123763.0,EC1 Curncy,Future,CME,USD,0.0,6.25,125000.0,151950,1.2156,1.2133,0.012538806429080063,1393
06/05/2004,1.2149,1.2162,1.205,1.2066,60735.0,126162.0,EC1 Curncy,Future,CME,USD,0.0,6.25,125000.0,150825,1.2066,1.2043,0.010560329855925036,1394
07/05/2004,1.206,1.2137,1.1864,1.1881,93398.0,129666.0,EC1 Curncy,Future,CME,USD,0.0,6.25,125000.0,148513,1.1881,1.1859,0.010382416224845897,1395
10/05/2004,1.1865,1.1883,1.18,1.1853,61402.0,128883.0,EC1 Curncy,Future,CME,USD,0.0,6.25,125000.0,148163,1.1853,1.1831,0.010642451158729567,1396
11/05/2004,1.1818,1.1879,1.1778,1.1851,67188.0,125652.0,EC1 Curncy,Future,CME,USD,0.0,6.25,125000.0,148138,1.1851,1.183,0.010647641366328321,1397
12/05/2004,1.1856,1.1931,1.1824,1.1898,71535.0,130577.0,EC1 Curncy,Future,CME,USD,0.0,6.25,125000.0,148725,1.1898,1.1877,0.009875854393381954,1398
13/05/2004,1.1895,1.1919,1.1761,1.1811,69397.0,133439.0,EC1 Curncy,Future,CME,USD,0.0,6.25,125000.0,147638,1.1811,1.179,0.00923877156332402,1399
14/05/2004,1.1796,1.1895,1.1752,1.1871,75966.0,135140.0,EC1 Curncy,Future,CME,USD,0.0,6.25,125000.0,148388,1.1871,1.185,0.008954388123481843,1400
17/05/2004,1.1881,1.2054,1.187,1.1999,86517.0,139627.0,EC1 Curncy,Future,CME,USD,0.0,6.25,125000.0,149988,1.1999,1.1978,0.008715599042289232,1401
18/05/2004,1.2012,1.2031,1.1921,1.1935,57805.0,143573.0,EC1 Curncy,Future,CME,USD,0.0,6.25,125000.0,149188,1.1935,1.1914,0.008718214648995106,1402
19/05/2004,1.1944,1.2036,1.1929,1.2006,58509.0,142900.0,EC1 Curncy,Future,CME,USD,0.0,6.25,125000.0,150075,1.2006,1.1985,0.008865799456297525,1403
20/05/2004,1.2009,1.2011,1.1886,1.1912,59764.0,143310.0,EC1 Curncy,Future,CME,USD,0.0,6.25,125000.0,148900,1.1912,1.1891,0.008844116688470701,1404
21/05/2004,1.1957,1.2064,1.1945,1.1999,66805.0,144053.0,EC1 Curncy,Future,CME,USD,0.0,6.25,125000.0,149988,1.1999,1.1978,0.0089216067311865,1405
24/05/2004,1.1988,1.2017,1.1925,1.2008,42721.0,142029.0,EC1 Curncy,Future,CME,USD,0.0,6.25,125000.0,150100,1.2008,1.1987,0.008960422237035052,1406
25/05/2004,1.2001,1.2125,1.1979,1.2099,72941.0,146116.0,EC1 Curncy,Future,CME,USD,0.0,6.25,125000.0,151238,1.2099,1.2078,0.009554013118368109,1407
26/05/2004,1.21,1.2139,1.2071,1.2107,49950.0,148128.0,EC1 Curncy,Future,CME,USD,0.0,6.25,125000.0,151338,1.2107,1.2086,0.009813553552745982,1408
27/05/2004,1.2103,1.2283,1.2083,1.2268,9268.0,149537.0,EC1 Curncy,Future,CME,USD,0.0,6.25,125000.0,153350,1.2268,1.2246,0.011597647749979675,1409
28/05/2004,1.2265,1.229,1.2196,1.2268,52179.0,147531.0,EC1 Curncy,Future,CME,USD,0.0,6.25,125000.0,153350,1.2268,1.2246,0.012718918979192768,1410
31/05/2004,1.223,1.224,1.2175,1.221,7660.0,147531.0,EC1 Curncy,Future,CME,USD,0.0,6.25,125000.0,152625,1.221,1.2188,0.013260094268113873,1411
01/06/2004,1.2188,1.2262,1.2151,1.2222,76457.0,150554.0,EC1 Curncy,Future,CME,USD,0.0,6.25,125000.0,152775,1.2222,1.2201,0.013910248020767402,1412
02/06/2004,1.2239,1.2302,1.2202,1.2221,62213.0,143619.0,EC1 Curncy,Future,CME,USD,0.0,6.25,125000.0,152763,1.2221,1.22,0.014010474652889515,1413
03/06/2004,1.2207,1.225,1.2165,1.2213,65023.0,140014.0,EC1 Curncy,Future,CME,USD,0.0,6.25,125000.0,152663,1.2213,1.2192,0.01442028316871495,1414
04/06/2004,1.2218,1.2296,1.213,1.2288,85852.0,135625.0,EC1 Curncy,Future,CME,USD,0.0,6.25,125000.0,153600,1.2288,1.2267,0.015219231255199906,1415
07/06/2004,1.2288,1.2337,1.2284,1.2311,51334.0,127318.0,EC1 Curncy,Future,CME,USD,0.0,6.25,125000.0,153888,1.2311,1.2291,0.015889593030216885,1416
08/06/2004,1.2321,1.235,1.2243,1.2262,45389.0,112430.0,EC1 Curncy,Future,CME,USD,0.0,6.25,125000.0,153275,1.2262,1.2242,0.01638917325551379,1417
09/06/2004,1.2237,1.2252,1.2015,1.2024,96737.0,82482.0,EC1 Curncy,Future,CME,USD,0.0,6.25,125000.0,150300,1.2043,1.2024,0.016308298501046935,1418
10/06/2004,1.2009,1.2098,1.2005,1.2085,18961.0,82482.0,EC1 Curncy,Future,CME,USD,0.0,6.25,125000.0,151063,1.2104,1.2085,0.016314025662986523,1419
11/06/2004,1.2092,1.2094,1.1946,1.2085,15660.0,82482.0,EC1 Curncy,Future,CME,USD,0.0,6.25,125000.0,151063,1.2104,1.2085,0.015864117792445346,1420
14/06/2004,1.1973,1.2069,1.1936,1.2043,68168.0,85186.0,EC1 Curncy,Future,CME,USD,0.0,6.25,125000.0,150538,1.2068,1.2043,0.015211746557597505,1421
15/06/2004,1.2037,1.215,1.2012,1.2146,91516.0,84666.0,EC1 Curncy,Future,CME,USD,0.0,6.25,125000.0,151825,1.2146,1.2143,0.01448967678495892,1422
16/06/2004,1.2144,1.215,1.1961,1.1985,83632.0,90805.0,EC1 Curncy,Future,CME,USD,0.0,6.25,125000.0,149813,1.1985,1.1982,0.014104589087689757,1423
17/06/2004,1.199,1.2062,1.1976,1.2045,67400.0,89269.0,EC1 Curncy,Future,CME,USD,0.0,6.25,125000.0,150563,1.2045,1.2042,0.012862287251207522,1424
18/06/2004,1.2027,1.2129,1.1955,1.2121,12158.0,92636.0,EC1 Curncy,Future,CME,USD,0.0,6.25,125000.0,151513,1.2121,1.2117,0.011907844753182968,1425
21/06/2004,1.2122,1.2128,1.2058,1.2086,48548.0,91313.0,EC1 Curncy,Future,CME,USD,0.0,6.25,125000.0,151075,1.2086,1.2082,0.011681269908101023,1426
22/06/2004,1.2093,1.2114,1.2044,1.2078,53177.0,91560.0,EC1 Curncy,Future,CME,USD,0.0,6.25,125000.0,150975,1.2078,1.2074,0.011082821542033959,1427
23/06/2004,1.21,1.2177,1.2048,1.2071,59513.0,101500.0,EC1 Curncy,Future,CME,USD,0.0,6.25,125000.0,150888,1.2071,1.2067,0.010869434207871079,1428
24/06/2004,1.2078,1.2173,1.2025,1.215,67465.0,108482.0,EC1 Curncy,Future,CME,USD,0.0,6.25,125000.0,151875,1.215,1.2146,0.009914803746548347,1429
25/06/2004,1.2158,1.2173,1.2091,1.2141,48851.0,108566.0,EC1 Curncy,Future,CME,USD,0.0,6.25,125000.0,151763,1.2141,1.2137,0.009496364216507689,1430
28/06/2004,1.2155,1.2214,1.2107,1.217,66306.0,110445.0,EC1 Curncy,Future,CME,USD,0.0,6.25,125000.0,152125,1.217,1.2166,0.009091684845646946,1431
29/06/2004,1.217,1.2176,1.2054,1.2066,75427.0,105507.0,EC1 Curncy,Future,CME,USD,0.0,6.25,125000.0,150825,1.2066,1.2062,0.009189163908243593,1432
30/06/2004,1.2063,1.2195,1.2051,1.2178,79651.0,106052.0,EC1 Curncy,Future,CME,USD,0.0,6.25,125000.0,152225,1.2178,1.2174,0.00917124673454484,1433
01/07/2004,1.2173,1.2195,1.2118,1.2158,16220.0,108248.0,EC1 Curncy,Future,CME,USD,0.0,6.25,125000.0,151975,1.2158,1.2154,0.008836709417682984,1434
02/07/2004,1.2141,1.2313,1.2125,1.2158,68485.0,117318.0,EC1 Curncy,Future,CME,USD,0.0,6.25,125000.0,151975,1.2158,1.2154,0.008465209192093339,1435
05/07/2004,1.2311,1.2322,1.2256,1.2309,10543.0,117318.0,EC1 Curncy,Future,CME,USD,0.0,6.25,125000.0,153863,1.2309,1.2304,0.009016599506793054,1436
06/07/2004,1.2273,1.2322,1.2248,1.2292,67907.0,124068.0,EC1 Curncy,Future,CME,USD,0.0,6.25,125000.0,153650,1.2292,1.2287,0.00936865696525211,1437
07/07/2004,1.2278,1.2375,1.2259,1.2353,68450.0,127841.0,EC1 Curncy,Future,CME,USD,0.0,6.25,125000.0,154413,1.2353,1.2348,0.01014065744084504,1438
08/07/2004,1.2355,1.2393,1.2315,1.238,57477.0,134965.0,EC1 Curncy,Future,CME,USD,0.0,6.25,125000.0,154750,1.238,1.2374,0.01106243644046063,1439
09/07/2004,1.2375,1.2409,1.2356,1.2392,47064.0,137606.0,EC1 Curncy,Future,CME,USD,0.0,6.25,125000.0,154900,1.2392,1.2386,0.011740921315321218,1440
12/07/2004,1.2399,1.2423,1.2371,1.2389,47370.0,146530.0,EC1 Curncy,Future,CME,USD,0.0,6.25,125000.0,154863,1.2389,1.2383,0.012241994663148776,1441
13/07/2004,1.2393,1.2399,1.2287,1.2319,81454.0,146075.0,EC1 Curncy,Future,CME,USD,0.0,6.25,125000.0,153988,1.2319,1.2313,0.012477729494285519,1442
14/07/2004,1.2321,1.2409,1.2305,1.2382,65394.0,146780.0,EC1 Curncy,Future,CME,USD,0.0,6.25,125000.0,154775,1.2382,1.2376,0.012795035495556857,1443
15/07/2004,1.2371,1.239,1.2315,1.2326,51811.0,143497.0,EC1 Curncy,Future,CME,USD,0.0,6.25,125000.0,154075,1.2326,1.232,0.012930871329208947,1444
16/07/2004,1.2342,1.2449,1.2313,1.2436,70685.0,148482.0,EC1 Curncy,Future,CME,USD,0.0,6.25,125000.0,155450,1.2436,1.2429,0.013598574680184512,1445
19/07/2004,1.2437,1.2449,1.2386,1.2423,44028.0,145614.0,EC1 Curncy,Future,CME,USD,0.0,6.25,125000.0,155288,1.2423,1.2416,0.013811609850625151,1446
20/07/2004,1.243,1.2443,1.2291,1.2321,71950.0,143751.0,EC1 Curncy,Future,CME,USD,0.0,6.25,125000.0,154013,1.2321,1.2314,0.013852938316444557,1447
21/07/2004,1.232,1.2339,1.22,1.2227,96079.0,146640.0,EC1 Curncy,Future,CME,USD,0.0,6.25,125000.0,152838,1.2227,1.222,0.012887612915737444,1448
22/07/2004,1.2263,1.2284,1.2222,1.2231,65453.0,138655.0,EC1 Curncy,Future,CME,USD,0.0,6.25,125000.0,152888,1.2231,1.2224,0.012242702588312804,1449
23/07/2004,1.2242,1.2257,1.2076,1.2088,92357.0,142001.0,EC1 Curncy,Future,CME,USD,0.0,6.25,125000.0,151100,1.2088,1.2081,0.012400184138386061,1450
26/07/2004,1.2094,1.2161,1.2079,1.2131,57871.0,135942.0,EC1 Curncy,Future,CME,USD,0.0,6.25,125000.0,151638,1.2131,1.2124,0.012190716413151467,1451
27/07/2004,1.2134,1.218,1.2026,1.2033,95090.0,136451.0,EC1 Curncy,Future,CME,USD,0.0,6.25,125000.0,150413,1.2033,1.2026,0.012480066773294165,1452
28/07/2004,1.2046,1.207,1.199,1.205,103880.0,145608.0,EC1 Curncy,Future,CME,USD,0.0,6.25,125000.0,150625,1.205,1.2043,0.012608440294734366,1453
29/07/2004,1.2045,1.2088,1.1981,1.2028,95983.0,150192.0,EC1 Curncy,Future,CME,USD,0.0,6.25,125000.0,150350,1.2028,1.2021,0.013209664391366985,1454
30/07/2004,1.2031,1.2112,1.1994,1.2007,87355.0,152842.0,EC1 Curncy,Future,CME,USD,0.0,6.25,125000.0,150088,1.2007,1.2,0.013879761044985011,1455
02/08/2004,1.2042,1.2085,1.2017,1.2028,49583.0,155316.0,EC1 Curncy,Future,CME,USD,0.0,6.25,125000.0,150350,1.2028,1.2021,0.014431649247373574,1456
03/08/2004,1.2016,1.2069,1.1985,1.2043,61312.0,155394.0,EC1 Curncy,Future,CME,USD,0.0,6.25,125000.0,150538,1.2043,1.2036,0.014546234335131268,1457
04/08/2004,1.2044,1.2061,1.1959,1.2033,89809.0,157722.0,EC1 Curncy,Future,CME,USD,0.0,6.25,125000.0,150413,1.2033,1.2026,0.015031886109175392,1458
05/08/2004,1.2045,1.2067,1.2015,1.2056,51754.0,157453.0,EC1 Curncy,Future,CME,USD,0.0,6.25,125000.0,150700,1.2056,1.2049,0.015346497971824753,1459
06/08/2004,1.205,1.2284,1.2037,1.2269,103807.0,155094.0,EC1 Curncy,Future,CME,USD,0.0,6.25,125000.0,153363,1.2269,1.226,0.015328042927889396,1460
09/08/2004,1.2277,1.2284,1.2238,1.227,39504.0,154033.0,EC1 Curncy,Future,CME,USD,0.0,6.25,125000.0,153375,1.227,1.2261,0.015255313828277033,1461
10/08/2004,1.2267,1.2312,1.222,1.2225,59779.0,152502.0,EC1 Curncy,Future,CME,USD,0.0,6.25,125000.0,152813,1.2225,1.2216,0.01518274788477219,1462
11/08/2004,1.2224,1.2242,1.219,1.221,57014.0,155036.0,EC1 Curncy,Future,CME,USD,0.0,6.25,125000.0,152625,1.221,1.2201,0.014918453896630471,1463
12/08/2004,1.2217,1.2309,1.221,1.2254,77263.0,156019.0,EC1 Curncy,Future,CME,USD,0.0,6.25,125000.0,153175,1.2254,1.2245,0.014534719352842354,1464
13/08/2004,1.2244,1.237,1.2171,1.2366,91727.0,154563.0,EC1 Curncy,Future,CME,USD,0.0,6.25,125000.0,154575,1.2366,1.2357,0.014405438787690223,1465
16/08/2004,1.237,1.2378,1.2311,1.2351,54232.0,151019.0,EC1 Curncy,Future,CME,USD,0.0,6.25,125000.0,154388,1.2351,1.2342,0.014222972028818634,1466
17/08/2004,1.2353,1.2385,1.2304,1.2338,60938.0,152369.0,EC1 Curncy,Future,CME,USD,0.0,6.25,125000.0,154225,1.2338,1.2329,0.01429173654013245,1467
18/08/2004,1.2348,1.2361,1.228,1.2323,68625.0,154901.0,EC1 Curncy,Future,CME,USD,0.0,6.25,125000.0,154038,1.2323,1.2314,0.014033730794027095,1468
19/08/2004,1.2329,1.2375,1.2329,1.2364,57613.0,153477.0,EC1 Curncy,Future,CME,USD,0.0,6.25,125000.0,154550,1.2364,1.2355,0.01419254499138746,1469
20/08/2004,1.2368,1.2379,1.2275,1.2303,64914.0,163417.0,EC1 Curncy,Future,CME,USD,0.0,6.25,125000.0,153788,1.2303,1.2294,0.013520827144294529,1470
23/08/2004,1.2303,1.2313,1.2128,1.2141,81774.0,163955.0,EC1 Curncy,Future,CME,USD,0.0,6.25,125000.0,151763,1.2141,1.2132,0.012726121430581064,1471
24/08/2004,1.2139,1.2163,1.2057,1.2071,85127.0,162108.0,EC1 Curncy,Future,CME,USD,0.0,6.25,125000.0,150888,1.2071,1.2063,0.012615962111516913,1472
25/08/2004,1.2074,1.2113,1.2048,1.2085,66358.0,160730.0,EC1 Curncy,Future,CME,USD,0.0,6.25,125000.0,151063,1.2085,1.2077,0.012703638586348601,1473
26/08/2004,1.2085,1.2118,1.204,1.2102,66718.0,162835.0,EC1 Curncy,Future,CME,USD,0.0,6.25,125000.0,151275,1.2102,1.2094,0.012715649151048732,1474
27/08/2004,1.2104,1.2133,1.2002,1.202,80528.0,168322.0,EC1 Curncy,Future,CME,USD,0.0,6.25,125000.0,150250,1.202,1.2012,0.012961496827111979,1475
30/08/2004,1.2013,1.2067,1.1985,1.2048,48369.0,163523.0,EC1 Curncy,Future,CME,USD,0.0,6.25,125000.0,150600,1.2048,1.204,0.01315451506768309,1476
31/08/2004,1.2051,1.2193,1.2041,1.2169,88048.0,165754.0,EC1 Curncy,Future,CME,USD,0.0,6.25,125000.0,152113,1.2169,1.2161,0.012882730041903644,1477
01/09/2004,1.2177,1.2219,1.2143,1.2186,71761.0,158971.0,EC1 Curncy,Future,CME,USD,0.0,6.25,125000.0,152325,1.2186,1.2178,0.012656948025988147,1478
02/09/2004,1.219,1.22,1.214,1.2157,15501.0,158109.0,EC1 Curncy,Future,CME,USD,0.0,6.25,125000.0,151963,1.2157,1.2149,0.01230519131637391,1479
03/09/2004,1.2166,1.2197,1.204,1.2157,86159.0,160330.0,EC1 Curncy,Future,CME,USD,0.0,6.25,125000.0,151963,1.2157,1.2149,0.011798208903582023,1480
06/09/2004,1.2064,1.2078,1.2046,1.2066,8271.0,160330.0,EC1 Curncy,Future,CME,USD,0.0,6.25,125000.0,150825,1.2066,1.2058,0.011613552428056994,1481
07/09/2004,1.2068,1.2111,1.2046,1.2107,65574.0,141311.0,EC1 Curncy,Future,CME,USD,0.0,6.25,125000.0,151338,1.2107,1.2099,0.011356851089359861,1482
08/09/2004,1.2096,1.2183,1.2018,1.2179,79779.0,133418.0,EC1 Curncy,Future,CME,USD,0.0,6.25,125000.0,152238,1.2187,1.2179,0.010898957136620573,1483
09/09/2004,1.2173,1.2208,1.215,1.2183,71239.0,117955.0,EC1 Curncy,Future,CME,USD,0.0,6.25,125000.0,152288,1.2191,1.2183,0.010524902216452695,1484
10/09/2004,1.2223,1.2302,1.2171,1.2259,112243.0,96941.0,EC1 Curncy,Future,CME,USD,0.0,6.25,125000.0,153238,1.2267,1.2259,0.010498566568785677,1485
13/09/2004,1.2257,1.2279,1.2215,1.2251,44274.0,92212.0,EC1 Curncy,Future,CME,USD,0.0,6.25,125000.0,153138,1.2228,1.2251,0.010450558198770587,1486
14/09/2004,1.2251,1.2288,1.2218,1.2249,84925.0,89845.0,EC1 Curncy,Future,CME,USD,0.0,6.25,125000.0,153113,1.2249,1.2247,0.01048868755688198,1487
15/09/2004,1.2244,1.2253,1.2126,1.2149,101661.0,85722.0,EC1 Curncy,Future,CME,USD,0.0,6.25,125000.0,151863,1.2149,1.2147,0.010529415938181234,1488
16/09/2004,1.2143,1.2191,1.2113,1.2182,82898.0,84498.0,EC1 Curncy,Future,CME,USD,0.0,6.25,125000.0,152275,1.2182,1.218,0.010459894836910457,1489
17/09/2004,1.2178,1.2216,1.2151,1.2174,50886.0,84028.0,EC1 Curncy,Future,CME,USD,0.0,6.25,125000.0,152175,1.2174,1.2172,0.009815976772549388,1490
20/09/2004,1.217,1.2172,1.2118,1.2162,44781.0,84012.0,EC1 Curncy,Future,CME,USD,0.0,6.25,125000.0,152025,1.2162,1.216,0.00918844382902958,1491
21/09/2004,1.2165,1.2341,1.2162,1.2312,88732.0,90539.0,EC1 Curncy,Future,CME,USD,0.0,6.25,125000.0,153900,1.2312,1.231,0.009011635071722491,1492
22/09/2004,1.2328,1.2328,1.2218,1.2253,81449.0,92893.0,EC1 Curncy,Future,CME,USD,0.0,6.25,125000.0,153163,1.2253,1.2251,0.008636679531658375,1493
23/09/2004,1.2256,1.233,1.2247,1.2261,82888.0,90487.0,EC1 Curncy,Future,CME,USD,0.0,6.25,125000.0,153263,1.2261,1.226,0.007902872895297956,1494
24/09/2004,1.2262,1.2358,1.2233,1.2257,99637.0,93487.0,EC1 Curncy,Future,CME,USD,0.0,6.25,125000.0,153213,1.2257,1.2257,0.007626707459048268,1495
27/09/2004,1.2275,1.231,1.2243,1.2285,49337.0,96858.0,EC1 Curncy,Future,CME,USD,0.0,6.25,125000.0,153563,1.2285,1.2285,0.007957202188326004,1496
28/09/2004,1.2294,1.2347,1.2277,1.232,75079.0,106648.0,EC1 Curncy,Future,CME,USD,0.0,6.25,125000.0,154000,1.232,1.232,0.00818295586361653,1497
29/09/2004,1.2322,1.2338,1.2284,1.2323,71506.0,110401.0,EC1 Curncy,Future,CME,USD,0.0,6.25,125000.0,154038,1.2323,1.2324,0.008378398812773956,1498
30/09/2004,1.2328,1.2439,1.231,1.2432,13303.0,122586.0,EC1 Curncy,Future,CME,USD,0.0,6.25,125000.0,155400,1.2432,1.2433,0.009427967260543851,1499
01/10/2004,1.2426,1.2433,1.2381,1.2406,53016.0,124688.0,EC1 Curncy,Future,CME,USD,0.0,6.25,125000.0,155075,1.2406,1.2407,0.009421823956425865,1500
04/10/2004,1.2395,1.2396,1.2253,1.2287,85151.0,130466.0,EC1 Curncy,Future,CME,USD,0.0,6.25,125000.0,153588,1.2287,1.2289,0.008783359266203902,1501
05/10/2004,1.2282,1.2326,1.226,1.2324,64700.0,130653.0,EC1 Curncy,Future,CME,USD,0.0,6.25,125000.0,154050,1.2324,1.2326,0.008876686694137293,1502
06/10/2004,1.2308,1.2319,1.2243,1.2271,71304.0,130001.0,EC1 Curncy,Future,CME,USD,0.0,6.25,125000.0,153388,1.2271,1.2273,0.00883653778349903,1503
07/10/2004,1.2278,1.2311,1.227,1.2289,49840.0,123699.0,EC1 Curncy,Future,CME,USD,0.0,6.25,125000.0,153613,1.2289,1.2291,0.008711922864626602,1504
08/10/2004,1.2284,1.243,1.2272,1.2413,105591.0,134500.0,EC1 Curncy,Future,CME,USD,0.0,6.25,125000.0,155163,1.2413,1.2415,0.009122923507984318,1505
11/10/2004,1.2419,1.2419,1.2368,1.2413,22710.0,135971.0,EC1 Curncy,Future,CME,USD,0.0,6.25,125000.0,155163,1.2413,1.2415,0.008747517743100619,1506
12/10/2004,1.2381,1.2387,1.2284,1.2317,69878.0,130516.0,EC1 Curncy,Future,CME,USD,0.0,6.25,125000.0,153963,1.2317,1.2319,0.008105372703698238,1507
13/10/2004,1.2325,1.2355,1.2219,1.2334,110779.0,129726.0,EC1 Curncy,Future,CME,USD,0.0,6.25,125000.0,154175,1.2334,1.2336,0.007906604833883314,1508
14/10/2004,1.2336,1.2418,1.2318,1.2395,86463.0,121543.0,EC1 Curncy,Future,CME,USD,0.0,6.25,125000.0,154938,1.2395,1.2397,0.007912412190087786,1509
15/10/2004,1.2382,1.2504,1.2374,1.2472,106732.0,124839.0,EC1 Curncy,Future,CME,USD,0.0,6.25,125000.0,155900,1.2472,1.2474,0.008646881904238433,1510
18/10/2004,1.2471,1.2533,1.2458,1.2499,70754.0,126830.0,EC1 Curncy,Future,CME,USD,0.0,6.25,125000.0,156238,1.2499,1.2501,0.009433304475766064,1511
19/10/2004,1.2489,1.2526,1.2451,1.2516,79240.0,128153.0,EC1 Curncy,Future,CME,USD,0.0,6.25,125000.0,156450,1.2516,1.2518,0.010181956262551084,1512
20/10/2004,1.2513,1.2627,1.2497,1.2584,96539.0,134782.0,EC1 Curncy,Future,CME,USD,0.0,6.25,125000.0,157300,1.2584,1.2586,0.0108031353473191,1513
21/10/2004,1.258,1.265,1.2569,1.2622,86989.0,141930.0,EC1 Curncy,Future,CME,USD,0.0,6.25,125000.0,157775,1.2622,1.2624,0.011683024722468939,1514
22/10/2004,1.2611,1.2685,1.2596,1.2646,69326.0,144205.0,EC1 Curncy,Future,CME,USD,0.0,6.25,125000.0,158075,1.2646,1.2648,0.012397160965283332,1515
25/10/2004,1.2711,1.2828,1.2709,1.2794,99943.0,144876.0,EC1 Curncy,Future,CME,USD,0.0,6.25,125000.0,159925,1.2794,1.2796,0.014173919711891008,1516
26/10/2004,1.2804,1.284,1.2724,1.275,86941.0,147820.0,EC1 Curncy,Future,CME,USD,0.0,6.25,125000.0,159375,1.275,1.2752,0.015657349711848536,1517
27/10/2004,1.275,1.2812,1.2694,1.2702,141261.0,147896.0,EC1 Curncy,Future,CME,USD,0.0,6.25,125000.0,158775,1.2702,1.2705,0.01624379676468676,1518
28/10/2004,1.2699,1.2764,1.263,1.2729,118486.0,147561.0,EC1 Curncy,Future,CME,USD,0.0,6.25,125000.0,159113,1.2729,1.2732,0.01682359454255954,1519
29/10/2004,1.274,1.2797,1.2705,1.2787,103765.0,149785.0,EC1 Curncy,Future,CME,USD,0.0,6.25,125000.0,159838,1.2787,1.279,0.017545797217541743,1520
01/11/2004,1.2813,1.2832,1.2716,1.2743,88513.0,155835.0,EC1 Curncy,Future,CME,USD,0.0,6.25,125000.0,159288,1.2743,1.2746,0.017852439609170705,1521
02/11/2004,1.2751,1.2753,1.2663,1.2687,64686.0,154495.0,EC1 Curncy,Future,CME,USD,0.0,6.25,125000.0,158588,1.2687,1.269,0.01786476979977857,1522
03/11/2004,1.274,1.2829,1.2656,1.2817,126451.0,160137.0,EC1 Curncy,Future,CME,USD,0.0,6.25,125000.0,160213,1.2817,1.2821,0.018439895155135902,1523
04/11/2004,1.2824,1.2898,1.2791,1.286,99904.0,159816.0,EC1 Curncy,Future,CME,USD,0.0,6.25,125000.0,160750,1.286,1.2864,0.019458920833362328,1524
05/11/2004,1.287,1.2973,1.276,1.2946,159522.0,166719.0,EC1 Curncy,Future,CME,USD,0.0,6.25,125000.0,161825,1.2946,1.2952,0.02078854492260222,1525
08/11/2004,1.2964,1.2987,1.2905,1.2912,90216.0,181251.0,EC1 Curncy,Future,CME,USD,0.0,6.25,125000.0,161400,1.2912,1.2918,0.02102669573024657,1526
09/11/2004,1.2912,1.2939,1.2882,1.2897,81914.0,182147.0,EC1 Curncy,Future,CME,USD,0.0,6.25,125000.0,161213,1.2897,1.2904,0.02109652420026477,1527
10/11/2004,1.2896,1.3003,1.2847,1.2888,165723.0,191328.0,EC1 Curncy,Future,CME,USD,0.0,6.25,125000.0,161100,1.2888,1.2895,0.02049522546023042,1528
11/11/2004,1.2888,1.2919,1.2858,1.2888,45920.0,188766.0,EC1 Curncy,Future,CME,USD,0.0,6.25,125000.0,161100,1.2888,1.2895,0.01970095344559914,1529
12/11/2004,1.2906,1.2989,1.2875,1.2985,17340.0,197023.0,EC1 Curncy,Future,CME,USD,0.0,6.25,125000.0,162313,1.2985,1.2992,0.019978691148295622,1530
15/11/2004,1.297,1.2999,1.2916,1.2943,75387.0,197505.0,EC1 Curncy,Future,CME,USD,0.0,6.25,125000.0,161788,1.2943,1.295,0.01975727967102188,1531
16/11/2004,1.2947,1.2996,1.292,1.2966,98095.0,199640.0,EC1 Curncy,Future,CME,USD,0.0,6.25,125000.0,162075,1.2966,1.2973,0.01863017534357349,1532
17/11/2004,1.2957,1.3048,1.2952,1.3039,106645.0,209135.0,EC1 Curncy,Future,CME,USD,0.0,6.25,125000.0,162988,1.3039,1.3046,0.01762417184812605,1533
18/11/2004,1.3041,1.3074,1.294,1.2975,15465.0,217634.0,EC1 Curncy,Future,CME,USD,0.0,6.25,125000.0,162188,1.2975,1.2982,0.01635418702755556,1534
19/11/2004,1.2949,1.3068,1.2937,1.3015,119490.0,222258.0,EC1 Curncy,Future,CME,USD,0.0,6.25,125000.0,162688,1.3015,1.3022,0.015600267091696082,1535
22/11/2004,1.3038,1.3052,1.3011,1.3035,62107.0,227432.0,EC1 Curncy,Future,CME,USD,0.0,6.25,125000.0,162938,1.3035,1.3043,0.014847403813425137,1536
23/11/2004,1.3043,1.3107,1.2975,1.3079,14284.0,229347.0,EC1 Curncy,Future,CME,USD,0.0,6.25,125000.0,163488,1.3079,1.3087,0.014155036794920979,1537
24/11/2004,1.3082,1.318,1.3081,1.3079,88196.0,221182.0,EC1 Curncy,Future,CME,USD,0.0,6.25,125000.0,163488,1.3079,1.3087,0.013711548660364978,1538
25/11/2004,1.3186,1.3248,1.3163,1.3167,26345.0,221182.0,EC1 Curncy,Future,CME,USD,0.0,6.25,125000.0,164588,1.3167,1.3175,0.013912784288759228,1539
26/11/2004,1.3247,1.333,1.3182,1.3293,116025.0,230643.0,EC1 Curncy,Future,CME,USD,0.0,6.25,125000.0,166163,1.3293,1.3302,0.015091346306151724,1540
29/11/2004,1.3283,1.3305,1.3228,1.3276,86902.0,228522.0,EC1 Curncy,Future,CME,USD,0.0,6.25,125000.0,165950,1.3276,1.3285,0.016445483675836044,1541
30/11/2004,1.3272,1.3335,1.3232,1.3292,109512.0,225736.0,EC1 Curncy,Future,CME,USD,0.0,6.25,125000.0,166150,1.3292,1.3302,0.01740407040509526,1542
01/12/2004,1.3286,1.337,1.3276,1.3321,108350.0,220633.0,EC1 Curncy,Future,CME,USD,0.0,6.25,125000.0,166513,1.3321,1.3331,0.01797445594908232,1543
02/12/2004,1.3341,1.3384,1.3237,1.3269,149750.0,211850.0,EC1 Curncy,Future,CME,USD,0.0,6.25,125000.0,165863,1.3269,1.3279,0.018017465600508008,1544
03/12/2004,1.3266,1.3463,1.3257,1.3453,165456.0,201307.0,EC1 Curncy,Future,CME,USD,0.0,6.25,125000.0,168163,1.3453,1.3463,0.01950145293729354,1545
06/12/2004,1.3445,1.3456,1.339,1.342,97695.0,196099.0,EC1 Curncy,Future,CME,USD,0.0,6.25,125000.0,167750,1.342,1.343,0.020000748319303638,1546
07/12/2004,1.3403,1.3471,1.339,1.3429,82699.0,151283.0,EC1 Curncy,Future,CME,USD,0.0,6.25,125000.0,167863,1.3429,1.3439,0.019737470287048222,1547
08/12/2004,1.3423,1.3434,1.3192,1.3335,108918.0,132699.0,EC1 Curncy,Future,CME,USD,0.0,6.25,125000.0,166688,1.3335,1.3345,0.01947192680070722,1548
09/12/2004,1.336,1.337,1.3262,1.3337,117741.0,124633.0,EC1 Curncy,Future,CME,USD,0.0,6.25,125000.0,166713,1.3327,1.3337,0.019251019020615236,1549
10/12/2004,1.3321,1.3329,1.3148,1.3246,149256.0,120799.0,EC1 Curncy,Future,CME,USD,0.0,6.25,125000.0,165575,1.3236,1.3246,0.01899241252005871,1550
13/12/2004,1.321,1.3338,1.3206,1.3334,91845.0,122896.0,EC1 Curncy,Future,CME,USD,0.0,6.25,125000.0,166675,1.3284,1.3334,0.01874077728729716,1551
14/12/2004,1.3324,1.335,1.327,1.3313,125243.0,134838.0,EC1 Curncy,Future,CME,USD,0.0,6.25,125000.0,166413,1.3313,1.3334,0.018160578184593417,1552
15/12/2004,1.3302,1.3456,1.3272,1.3416,102425.0,137888.0,EC1 Curncy,Future,CME,USD,0.0,6.25,125000.0,167700,1.3416,1.3439,0.017748380207746214,1553
16/12/2004,1.3408,1.3439,1.3215,1.3242,169957.0,141005.0,EC1 Curncy,Future,CME,USD,0.0,6.25,125000.0,165525,1.3242,1.3265,0.016559359890971296,1554
17/12/2004,1.3262,1.3327,1.3236,1.3298,105375.0,136288.0,EC1 Curncy,Future,CME,USD,0.0,6.25,125000.0,166225,1.3298,1.332,0.015956772856649364,1555
20/12/2004,1.3341,1.3418,1.3307,1.3401,78501.0,139575.0,EC1 Curncy,Future,CME,USD,0.0,6.25,125000.0,167513,1.3401,1.3423,0.0152218045359946,1556
21/12/2004,1.3407,1.3419,1.3361,1.3375,74572.0,144916.0,EC1 Curncy,Future,CME,USD,0.0,6.25,125000.0,167188,1.3375,1.3397,0.014311477911057403,1557
22/12/2004,1.3376,1.3415,1.3354,1.3405,14281.0,151708.0,EC1 Curncy,Future,CME,USD,0.0,6.25,125000.0,167563,1.3405,1.3427,0.013847021340298317,1558
23/12/2004,1.3396,1.3527,1.3391,1.3405,85912.0,155938.0,EC1 Curncy,Future,CME,USD,0.0,6.25,125000.0,167563,1.3405,1.3427,0.012617580327939363,1559
24/12/2004,1.3396,1.3527,1.3391,1.3494,85912.0,155938.0,EC1 Curncy,Future,CME,USD,0.0,6.25,125000.0,168675,1.3494,1.3516,0.011893208145772112,1560
27/12/2004,1.3528,1.3649,1.352,1.3628,72133.0,146085.0,EC1 Curncy,Future,CME,USD,0.0,6.25,125000.0,170350,1.3628,1.365,0.012121211435550318,1561
28/12/2004,1.3628,1.3654,1.3599,1.3624,65672.0,144800.0,EC1 Curncy,Future,CME,USD,0.0,6.25,125000.0,170300,1.3624,1.3646,0.012276091940514792,1562
29/12/2004,1.3623,1.3656,1.3566,1.3596,80621.0,146474.0,EC1 Curncy,Future,CME,USD,0.0,6.25,125000.0,169950,1.3596,1.3618,0.011794252837659055,1563
30/12/2004,1.3618,1.3687,1.3584,1.3659,65863.0,145213.0,EC1 Curncy,Future,CME,USD,0.0,6.25,125000.0,170738,1.3659,1.3681,0.012277964000542534,1564
31/12/2004,1.3643,1.3672,1.3523,1.3558,60684.0,148086.0,EC1 Curncy,Future,CME,USD,0.0,6.25,125000.0,169475,1.3558,1.358,0.012507480428338854,1565
03/01/2005,1.357,1.3593,1.3397,1.349,130016.0,146886.0,EC1 Curncy,Future,CME,USD,0.0,6.25,125000.0,168625,1.349,1.3512,0.01231841440007365,1566
04/01/2005,1.3472,1.3504,1.3259,1.3281,185790.0,138282.0,EC1 Curncy,Future,CME,USD,0.0,6.25,125000.0,166013,1.3281,1.3303,0.012365532742207612,1567
05/01/2005,1.3284,1.3313,1.3222,1.3274,143731.0,132828.0,EC1 Curncy,Future,CME,USD,0.0,6.25,125000.0,165925,1.3274,1.3298,0.012545899728541178,1568
06/01/2005,1.328,1.3292,1.3164,1.3178,129127.0,136641.0,EC1 Curncy,Future,CME,USD,0.0,6.25,125000.0,164725,1.3178,1.3202,0.013095860669130446,1569
07/01/2005,1.3188,1.3259,1.3034,1.3062,203410.0,139081.0,EC1 Curncy,Future,CME,USD,0.0,6.25,125000.0,163275,1.3062,1.3086,0.014760561190730007,1570
10/01/2005,1.3063,1.3132,1.3061,1.3098,112775.0,140895.0,EC1 Curncy,Future,CME,USD,0.0,6.25,125000.0,163725,1.3098,1.3122,0.01586929214968195,1571
11/01/2005,1.311,1.318,1.311,1.3128,110377.0,140951.0,EC1 Curncy,Future,CME,USD,0.0,6.25,125000.0,164100,1.3128,1.3153,0.016600098393241412,1572
12/01/2005,1.3124,1.3302,1.3091,1.3275,177974.0,151908.0,EC1 Curncy,Future,CME,USD,0.0,6.25,125000.0,165938,1.3275,1.33,0.01669153278357914,1573
13/01/2005,1.3264,1.3274,1.32,1.321,18646.0,129366.0,EC1 Curncy,Future,CME,USD,0.0,6.25,125000.0,165125,1.321,1.3235,0.01697021901249263,1574
14/01/2005,1.3224,1.3224,1.3065,1.321,135667.0,125966.0,EC1 Curncy,Future,CME,USD,0.0,6.25,125000.0,165125,1.321,1.3235,0.017085512381312038,1575
17/01/2005,1.3114,1.3135,1.3072,1.3103,22313.0,125966.0,EC1 Curncy,Future,CME,USD,0.0,6.25,125000.0,163788,1.3103,1.3128,0.0178300289773172,1576
18/01/2005,1.3066,1.3135,1.3003,1.304,126315.0,128775.0,EC1 Curncy,Future,CME,USD,0.0,6.25,125000.0,163000,1.304,1.3065,0.018865135391297243,1577
19/01/2005,1.3027,1.3128,1.2972,1.3003,147906.0,130516.0,EC1 Curncy,Future,CME,USD,0.0,6.25,125000.0,162538,1.3003,1.3028,0.01993178199088037,1578
20/01/2005,1.3014,1.3033,1.2931,1.2964,132421.0,127987.0,EC1 Curncy,Future,CME,USD,0.0,6.25,125000.0,162050,1.2964,1.2989,0.021132969502619704,1579
21/01/2005,1.2965,1.3075,1.294,1.306,124673.0,126052.0,EC1 Curncy,Future,CME,USD,0.0,6.25,125000.0,163250,1.306,1.3085,0.02171891802090193,1580
24/01/2005,1.305,1.3107,1.3035,1.3066,89357.0,123248.0,EC1 Curncy,Future,CME,USD,0.0,6.25,125000.0,163325,1.3066,1.3091,0.022105204515347303,1581
25/01/2005,1.3054,1.3084,1.2952,1.2973,126314.0,127978.0,EC1 Curncy,Future,CME,USD,0.0,6.25,125000.0,162163,1.2973,1.2998,0.022889933740955597,1582
26/01/2005,1.298,1.3117,1.2975,1.3078,117477.0,128598.0,EC1 Curncy,Future,CME,USD,0.0,6.25,125000.0,163475,1.3078,1.3103,0.023028325311783802,1583
27/01/2005,1.3082,1.3132,1.3017,1.3044,111775.0,132274.0,EC1 Curncy,Future,CME,USD,0.0,6.25,125000.0,163050,1.3044,1.3069,0.02320116160882213,1584
28/01/2005,1.3047,1.3088,1.2993,1.3048,111320.0,128589.0,EC1 Curncy,Future,CME,USD,0.0,6.25,125000.0,163100,1.3048,1.3073,0.02291035064474912,1585
31/01/2005,1.3023,1.3067,1.2982,1.3035,100707.0,118626.0,EC1 Curncy,Future,CME,USD,0.0,6.25,125000.0,162938,1.3035,1.306,0.021607608999270746,1586
01/02/2005,1.305,1.3073,1.3007,1.3062,102397.0,125983.0,EC1 Curncy,Future,CME,USD,0.0,6.25,125000.0,163275,1.3062,1.3087,0.019892733179029006,1587
02/02/2005,1.3049,1.31,1.3016,1.3046,106490.0,131369.0,EC1 Curncy,Future,CME,USD,0.0,6.25,125000.0,163075,1.3046,1.3071,0.01805443158891238,1588
03/02/2005,1.3035,1.3044,1.2946,1.2975,108559.0,137581.0,EC1 Curncy,Future,CME,USD,0.0,6.25,125000.0,162188,1.2975,1.3,0.015080480761525098,1589
04/02/2005,1.2979,1.3049,1.287,1.2881,156136.0,142997.0,EC1 Curncy,Future,CME,USD,0.0,6.25,125000.0,161013,1.2881,1.2906,0.01302065282536708,1590
07/02/2005,1.2862,1.287,1.2737,1.278,135163.0,153342.0,EC1 Curncy,Future,CME,USD,0.0,6.25,125000.0,159750,1.278,1.2805,0.01193379235611009,1591
08/02/2005,1.2759,1.2804,1.2738,1.2781,103761.0,148822.0,EC1 Curncy,Future,CME,USD,0.0,6.25,125000.0,159763,1.2781,1.2806,0.01251260963982973,1592
09/02/2005,1.2767,1.2821,1.2744,1.2798,113481.0,150471.0,EC1 Curncy,Future,CME,USD,0.0,6.25,125000.0,159975,1.2798,1.2823,0.01266135590417161,1593
10/02/2005,1.2815,1.291,1.2742,1.2884,161016.0,148446.0,EC1 Curncy,Future,CME,USD,0.0,6.25,125000.0,161050,1.2884,1.2909,0.012652064390134372,1594
11/02/2005,1.2882,1.2901,1.2849,1.2873,75401.0,140248.0,EC1 Curncy,Future,CME,USD,0.0,6.25,125000.0,160913,1.2873,1.2898,0.01297703099064302,1595
14/02/2005,1.2885,1.2995,1.2881,1.2966,84343.0,147506.0,EC1 Curncy,Future,CME,USD,0.0,6.25,125000.0,162075,1.2966,1.2992,0.012900346248535794,1596
15/02/2005,1.2977,1.3057,1.2958,1.3022,136150.0,143491.0,EC1 Curncy,Future,CME,USD,0.0,6.25,125000.0,162775,1.3022,1.3048,0.012673065927342915,1597
16/02/2005,1.3025,1.3071,1.2963,1.3043,144405.0,153792.0,EC1 Curncy,Future,CME,USD,0.0,6.25,125000.0,163038,1.3043,1.3069,0.011416581508144955,1598
17/02/2005,1.3031,1.3093,1.3019,1.3076,112964.0,152275.0,EC1 Curncy,Future,CME,USD,0.0,6.25,125000.0,163450,1.3076,1.3103,0.010668883102998787,1599
18/02/2005,1.3076,1.3086,1.3017,1.3076,92684.0,149870.0,EC1 Curncy,Future,CME,USD,0.0,6.25,125000.0,163450,1.3076,1.3103,0.009834290348848525,1600
21/02/2005,1.3059,1.3083,1.3035,1.3075,92684.0,149870.0,EC1 Curncy,Future,CME,USD,0.0,6.25,125000.0,163438,1.3075,1.3102,0.009711954832342239,1601
22/02/2005,1.3063,1.3267,1.3035,1.3264,155511.0,159575.0,EC1 Curncy,Future,CME,USD,0.0,6.25,125000.0,165800,1.3264,1.3291,0.011157057557085532,1602
23/02/2005,1.3264,1.3277,1.3189,1.3235,132773.0,152323.0,EC1 Curncy,Future,CME,USD,0.0,6.25,125000.0,165438,1.3235,1.3262,0.012147907913112002,1603
24/02/2005,1.3213,1.3273,1.3178,1.3207,113926.0,152855.0,EC1 Curncy,Future,CME,USD,0.0,6.25,125000.0,165088,1.3207,1.3234,0.012769133356083559,1604
25/02/2005,1.3197,1.3253,1.3148,1.3243,111591.0,156282.0,EC1 Curncy,Future,CME,USD,0.0,6.25,125000.0,165538,1.3243,1.327,0.013545241476822898,1605
28/02/2005,1.3242,1.3282,1.3221,1.3243,103136.0,153049.0,EC1 Curncy,Future,CME,USD,0.0,6.25,125000.0,165538,1.3243,1.3271,0.014234017938215507,1606
01/03/2005,1.3219,1.3229,1.317,1.3189,110258.0,159160.0,EC1 Curncy,Future,CME,USD,0.0,6.25,125000.0,164863,1.3189,1.3217,0.014536576855141573,1607
02/03/2005,1.3188,1.3189,1.3089,1.3137,109395.0,159822.0,EC1 Curncy,Future,CME,USD,0.0,6.25,125000.0,164213,1.3137,1.3165,0.01465340461003643,1608
03/03/2005,1.3136,1.3167,1.3098,1.3112,81868.0,148881.0,EC1 Curncy,Future,CME,USD,0.0,6.25,125000.0,163900,1.3112,1.314,0.014725388506434588,1609
04/03/2005,1.311,1.3256,1.3087,1.324,155352.0,143360.0,EC1 Curncy,Future,CME,USD,0.0,6.25,125000.0,165500,1.324,1.3268,0.015249139866413224,1610
07/03/2005,1.3237,1.3266,1.318,1.3204,80336.0,119187.0,EC1 Curncy,Future,CME,USD,0.0,6.25,125000.0,165050,1.3204,1.3232,0.0155527360936513,1611
08/03/2005,1.3217,1.3363,1.321,1.3344,102342.0,112930.0,EC1 Curncy,Future,CME,USD,0.0,6.25,125000.0,166800,1.3344,1.3373,0.01658295510452704,1612
09/03/2005,1.3351,1.3426,1.3331,1.34,103613.0,101932.0,EC1 Curncy,Future,CME,USD,0.0,6.25,125000.0,167500,1.34,1.3429,0.017852215548742237,1613
10/03/2005,1.3419,1.3484,1.34,1.3455,110489.0,104583.0,EC1 Curncy,Future,CME,USD,0.0,6.25,125000.0,168188,1.3426,1.3455,0.019185765556754487,1614
11/03/2005,1.3452,1.351,1.3423,1.3484,131238.0,114632.0,EC1 Curncy,Future,CME,USD,0.0,6.25,125000.0,168550,1.3455,1.3484,0.020073039132098014,1615
14/03/2005,1.349,1.3507,1.3365,1.3396,107254.0,116133.0,EC1 Curncy,Future,CME,USD,0.0,6.25,125000.0,167450,1.3389,1.3396,0.019429001518316086,1616
15/03/2005,1.3393,1.3439,1.3325,1.3345,131702.0,119443.0,EC1 Curncy,Future,CME,USD,0.0,6.25,125000.0,166813,1.3345,1.3391,0.018203046448293212,1617
16/03/2005,1.3335,1.3468,1.332,1.3441,125967.0,121618.0,EC1 Curncy,Future,CME,USD,0.0,6.25,125000.0,168013,1.3441,1.3487,0.01720735501654386,1618
17/03/2005,1.3446,1.3447,1.3369,1.3398,99761.0,121196.0,EC1 Curncy,Future,CME,USD,0.0,6.25,125000.0,167475,1.3398,1.3444,0.016346445077305632,1619
18/03/2005,1.3408,1.3415,1.3292,1.3338,106130.0,119862.0,EC1 Curncy,Future,CME,USD,0.0,6.25,125000.0,166725,1.3338,1.3384,0.014823284611224431,1620
21/03/2005,1.3336,1.3345,1.3167,1.3203,131829.0,115400.0,EC1 Curncy,Future,CME,USD,0.0,6.25,125000.0,165038,1.3203,1.3247,0.013733596275752364,1621
22/03/2005,1.3191,1.3249,1.3079,1.3114,122528.0,111714.0,EC1 Curncy,Future,CME,USD,0.0,6.25,125000.0,163925,1.3114,1.3163,0.013219780633531372,1622
23/03/2005,1.3109,1.3112,1.2984,1.3004,146408.0,117626.0,EC1 Curncy,Future,CME,USD,0.0,6.25,125000.0,162550,1.3004,1.3049,0.013494965727955438,1623
24/03/2005,1.3016,1.3058,1.2959,1.3004,122530.0,117665.0,EC1 Curncy,Future,CME,USD,0.0,6.25,125000.0,162550,1.3004,1.3049,0.013948580572900356,1624
25/03/2005,1.3016,1.3058,1.2959,1.298,122530.0,117665.0,EC1 Curncy,Future,CME,USD,0.0,6.25,125000.0,162250,1.298,1.3025,0.014555153726384848,1625
28/03/2005,1.2976,1.2983,1.288,1.29,71928.0,113681.0,EC1 Curncy,Future,CME,USD,0.0,6.25,125000.0,161250,1.29,1.2945,0.015763433424607443,1626
29/03/2005,1.2915,1.2981,1.2902,1.295,84390.0,113518.0,EC1 Curncy,Future,CME,USD,0.0,6.25,125000.0,161875,1.295,1.2995,0.01674479720187846,1627
30/03/2005,1.2958,1.301,1.2936,1.2959,97207.0,123106.0,EC1 Curncy,Future,CME,USD,0.0,6.25,125000.0,161988,1.2959,1.3004,0.017550379862898736,1628
31/03/2005,1.2937,1.3043,1.2934,1.2982,122126.0,115593.0,EC1 Curncy,Future,CME,USD,0.0,6.25,125000.0,162275,1.2982,1.3027,0.01814189442511573,1629
01/04/2005,1.2988,1.308,1.2893,1.293,157604.0,119871.0,EC1 Curncy,Future,CME,USD,0.0,6.25,125000.0,161625,1.293,1.2975,0.018915027535411726,1630
04/04/2005,1.2918,1.2928,1.2841,1.2875,101939.0,116526.0,EC1 Curncy,Future,CME,USD,0.0,6.25,125000.0,160938,1.2875,1.292,0.019892688774154923,1631
05/04/2005,1.287,1.2897,1.2839,1.2896,88133.0,122701.0,EC1 Curncy,Future,CME,USD,0.0,6.25,125000.0,161200,1.2896,1.2941,0.020657401417701605,1632
06/04/2005,1.2878,1.2932,1.2861,1.2899,104730.0,125641.0,EC1 Curncy,Future,CME,USD,0.0,6.25,125000.0,161238,1.2899,1.2944,0.021322978997599367,1633
07/04/2005,1.2892,1.2962,1.2866,1.2873,119664.0,120797.0,EC1 Curncy,Future,CME,USD,0.0,6.25,125000.0,160913,1.2873,1.2918,0.0220432922525667,1634
08/04/2005,1.2873,1.2955,1.2828,1.2946,137207.0,119544.0,EC1 Curncy,Future,CME,USD,0.0,6.25,125000.0,161825,1.2946,1.2991,0.022295702126913872,1635
11/04/2005,1.2947,1.3024,1.2929,1.3003,103752.0,129626.0,EC1 Curncy,Future,CME,USD,0.0,6.25,125000.0,162538,1.3003,1.3048,0.022390460766408427,1636
12/04/2005,1.2994,1.304,1.2883,1.2946,211679.0,127534.0,EC1 Curncy,Future,CME,USD,0.0,6.25,125000.0,161825,1.2946,1.2991,0.022180616162137637,1637
13/04/2005,1.2936,1.2975,1.2869,1.2933,167146.0,136820.0,EC1 Curncy,Future,CME,USD,0.0,6.25,125000.0,161663,1.2933,1.2978,0.02158484576422593,1638
14/04/2005,1.2937,1.2939,1.2786,1.2846,168250.0,139066.0,EC1 Curncy,Future,CME,USD,0.0,6.25,125000.0,160575,1.2846,1.2891,0.02071476928825016,1639
15/04/2005,1.2819,1.296,1.2797,1.2928,188385.0,126363.0,EC1 Curncy,Future,CME,USD,0.0,6.25,125000.0,161600,1.2928,1.2973,0.01894703318900984,1640
18/04/2005,1.2934,1.3064,1.2893,1.3038,140901.0,114503.0,EC1 Curncy,Future,CME,USD,0.0,6.25,125000.0,162975,1.3038,1.3082,0.017467428736521195,1641
19/04/2005,1.3044,1.3096,1.3,1.3055,135253.0,115112.0,EC1 Curncy,Future,CME,USD,0.0,6.25,125000.0,163188,1.3055,1.3099,0.01620007407386721,1642
20/04/2005,1.3076,1.3123,1.3008,1.3101,177833.0,129028.0,EC1 Curncy,Future,CME,USD,0.0,6.25,125000.0,163763,1.3101,1.3145,0.01373791832843646,1643
21/04/2005,1.3106,1.3143,1.3042,1.307,182272.0,127227.0,EC1 Curncy,Future,CME,USD,0.0,6.25,125000.0,163375,1.307,1.3114,0.011139192071187026,1644
22/04/2005,1.307,1.3111,1.3038,1.3081,119751.0,127801.0,EC1 Curncy,Future,CME,USD,0.0,6.25,125000.0,163513,1.3081,1.3125,0.00872744139665994,1645
25/04/2005,1.3076,1.3076,1.297,1.3005,126150.0,132036.0,EC1 Curncy,Future,CME,USD,0.0,6.25,125000.0,162563,1.3005,1.3049,0.007427007023837872,1646
26/04/2005,1.301,1.3031,1.2961,1.299,102719.0,129589.0,EC1 Curncy,Future,CME,USD,0.0,6.25,125000.0,162375,1.299,1.3034,0.006834610449674958,1647
27/04/2005,1.3006,1.3008,1.292,1.2955,142124.0,131629.0,EC1 Curncy,Future,CME,USD,0.0,6.25,125000.0,161938,1.2955,1.2999,0.006796506455437748,1648
28/04/2005,1.2939,1.296,1.2896,1.2909,147263.0,133353.0,EC1 Curncy,Future,CME,USD,0.0,6.25,125000.0,161363,1.2909,1.2953,0.006839468790201623,1649
29/04/2005,1.2915,1.2994,1.2868,1.2879,164780.0,135144.0,EC1 Curncy,Future,CME,USD,0.0,6.25,125000.0,160988,1.2879,1.2923,0.007024509472706545,1650
02/05/2005,1.2874,1.2889,1.285,1.2877,73285.0,129322.0,EC1 Curncy,Future,CME,USD,0.0,6.25,125000.0,160963,1.2877,1.2921,0.0071180217288333986,1651
03/05/2005,1.2868,1.2931,1.2844,1.2879,125118.0,134561.0,EC1 Curncy,Future,CME,USD,0.0,6.25,125000.0,160988,1.2879,1.2923,0.007286917500938181,1652
04/05/2005,1.2888,1.2986,1.2879,1.2956,127967.0,138964.0,EC1 Curncy,Future,CME,USD,0.0,6.25,125000.0,161950,1.2956,1.3,0.007286341102740058,1653
05/05/2005,1.2966,1.3002,1.2938,1.2958,121423.0,137640.0,EC1 Curncy,Future,CME,USD,0.0,6.25,125000.0,161975,1.2958,1.3002,0.0072637983634927334,1654
06/05/2005,1.297,1.2976,1.282,1.2829,180447.0,144391.0,EC1 Curncy,Future,CME,USD,0.0,6.25,125000.0,160363,1.2829,1.2873,0.007667405036830605,1655
09/05/2005,1.2828,1.286,1.2801,1.2844,83770.0,136499.0,EC1 Curncy,Future,CME,USD,0.0,6.25,125000.0,160550,1.2844,1.2888,0.007815832222620276,1656
10/05/2005,1.287,1.2902,1.2826,1.2883,103098.0,145191.0,EC1 Curncy,Future,CME,USD,0.0,6.25,125000.0,161038,1.2883,1.2927,0.007855980736493035,1657
11/05/2005,1.289,1.2925,1.2788,1.281,206878.0,144474.0,EC1 Curncy,Future,CME,USD,0.0,6.25,125000.0,160125,1.281,1.2854,0.00827457350353992,1658
12/05/2005,1.2818,1.2826,1.2696,1.2718,166814.0,154611.0,EC1 Curncy,Future,CME,USD,0.0,6.25,125000.0,158975,1.2718,1.2762,0.009339079183668018,1659
13/05/2005,1.2688,1.2698,1.2619,1.2636,137546.0,145437.0,EC1 Curncy,Future,CME,USD,0.0,6.25,125000.0,157950,1.2636,1.268,0.011112068514254857,1660
16/05/2005,1.2638,1.266,1.2591,1.2645,123422.0,143531.0,EC1 Curncy,Future,CME,USD,0.0,6.25,125000.0,158063,1.2645,1.2689,0.01230940290992358,1661
17/05/2005,1.2642,1.2672,1.2603,1.2627,113534.0,152177.0,EC1 Curncy,Future,CME,USD,0.0,6.25,125000.0,157838,1.2627,1.267,0.01352327992754873,1662
18/05/2005,1.2618,1.2699,1.2595,1.2684,124786.0,152318.0,EC1 Curncy,Future,CME,USD,0.0,6.25,125000.0,158550,1.2684,1.2727,0.014157457398800397,1663
19/05/2005,1.2684,1.2698,1.2612,1.2648,104647.0,154016.0,EC1 Curncy,Future,CME,USD,0.0,6.25,125000.0,158100,1.2648,1.2691,0.014935360725434551,1664
20/05/2005,1.2647,1.2662,1.2542,1.2564,150289.0,162902.0,EC1 Curncy,Future,CME,USD,0.0,6.25,125000.0,157050,1.2564,1.2607,0.016172942424479485,1665
23/05/2005,1.2555,1.2605,1.2542,1.2585,97013.0,159164.0,EC1 Curncy,Future,CME,USD,0.0,6.25,125000.0,157313,1.2585,1.2628,0.01669076890576164,1666
24/05/2005,1.2576,1.2636,1.2564,1.2594,118257.0,157034.0,EC1 Curncy,Future,CME,USD,0.0,6.25,125000.0,157425,1.2594,1.2637,0.01684883576587863,1667
25/05/2005,1.2584,1.2627,1.2557,1.2606,118390.0,156173.0,EC1 Curncy,Future,CME,USD,0.0,6.25,125000.0,157575,1.2606,1.2649,0.016423345172819202,1668
26/05/2005,1.2608,1.2618,1.2495,1.2518,155105.0,164250.0,EC1 Curncy,Future,CME,USD,0.0,6.25,125000.0,156475,1.2518,1.2561,0.016482617106078096,1669
27/05/2005,1.2517,1.2595,1.2512,1.2518,12949.0,160643.0,EC1 Curncy,Future,CME,USD,0.0,6.25,125000.0,156475,1.2518,1.2561,0.01614382544500919,1670
30/05/2005,1.2542,1.2551,1.2468,1.259,99543.0,160643.0,EC1 Curncy,Future,CME,USD,0.0,6.25,125000.0,157375,1.259,1.2633,0.015697211004897342,1671
31/05/2005,1.2477,1.2551,1.2299,1.2306,224850.0,182135.0,EC1 Curncy,Future,CME,USD,0.0,6.25,125000.0,153825,1.2306,1.2349,0.017194488457999785,1672
01/06/2005,1.2307,1.2345,1.2161,1.2229,228016.0,177053.0,EC1 Curncy,Future,CME,USD,0.0,6.25,125000.0,152863,1.2229,1.2272,0.019098204976706716,1673
02/06/2005,1.2202,1.23,1.2184,1.2289,168483.0,173417.0,EC1 Curncy,Future,CME,USD,0.0,6.25,125000.0,153613,1.2289,1.2331,0.020154886090780092,1674
03/06/2005,1.2278,1.2347,1.2206,1.2225,177634.0,159857.0,EC1 Curncy,Future,CME,USD,0.0,6.25,125000.0,152813,1.2225,1.2267,0.021487215578858472,1675
06/06/2005,1.2229,1.2297,1.2222,1.2278,118101.0,140435.0,EC1 Curncy,Future,CME,USD,0.0,6.25,125000.0,153475,1.2278,1.232,0.022074368243108426,1676
07/06/2005,1.2265,1.2318,1.2239,1.2283,123424.0,126955.0,EC1 Curncy,Future,CME,USD,0.0,6.25,125000.0,153538,1.2283,1.2325,0.022340954918393757,1677
08/06/2005,1.2287,1.2356,1.2209,1.2237,166490.0,107663.0,EC1 Curncy,Future,CME,USD,0.0,6.25,125000.0,152963,1.2237,1.2279,0.022098806151744636,1678
09/06/2005,1.2279,1.23,1.2219,1.2259,125037.0,118890.0,EC1 Curncy,Future,CME,USD,0.0,6.25,125000.0,153238,1.2217,1.2259,0.021316327857593218,1679
10/06/2005,1.2272,1.2291,1.2148,1.216,172205.0,132982.0,EC1 Curncy,Future,CME,USD,0.0,6.25,125000.0,152000,1.2118,1.216,0.021683501408500023,1680
13/06/2005,1.2153,1.2162,1.2068,1.2149,155977.0,131896.0,EC1 Curncy,Future,CME,USD,0.0,6.25,125000.0,151863,1.2045,1.2149,0.021670676808361117,1681
14/06/2005,1.2154,1.2196,1.2062,1.2074,190217.0,138399.0,EC1 Curncy,Future,CME,USD,0.0,6.25,125000.0,150925,1.2074,1.2125,0.02146688379805341,1682
15/06/2005,1.2073,1.2174,1.2059,1.2157,203717.0,137480.0,EC1 Curncy,Future,CME,USD,0.0,6.25,125000.0,151963,1.2157,1.2208,0.020859024425872504,1683
16/06/2005,1.2162,1.2209,1.2097,1.2139,185563.0,139314.0,EC1 Curncy,Future,CME,USD,0.0,6.25,125000.0,151738,1.2139,1.219,0.02066240547465763,1684
17/06/2005,1.2146,1.2329,1.2131,1.2319,182902.0,169981.0,EC1 Curncy,Future,CME,USD,0.0,6.25,125000.0,153988,1.2319,1.237,0.02011932570107252,1685
20/06/2005,1.225,1.2279,1.2164,1.2187,150230.0,174008.0,EC1 Curncy,Future,CME,USD,0.0,6.25,125000.0,152338,1.2187,1.2238,0.01975715060425426,1686
21/06/2005,1.2193,1.2227,1.211,1.2215,166727.0,140686.0,EC1 Curncy,Future,CME,USD,0.0,6.25,125000.0,152688,1.2215,1.2266,0.01922661176596638,1687
22/06/2005,1.2215,1.2246,1.2136,1.2165,110831.0,142707.0,EC1 Curncy,Future,CME,USD,0.0,6.25,125000.0,152063,1.2165,1.2216,0.018276813179523736,1688
23/06/2005,1.2168,1.2183,1.2055,1.2061,141543.0,145849.0,EC1 Curncy,Future,CME,USD,0.0,6.25,125000.0,150763,1.2061,1.2112,0.01780941979213707,1689
24/06/2005,1.2071,1.2146,1.202,1.2129,106877.0,138644.0,EC1 Curncy,Future,CME,USD,0.0,6.25,125000.0,151613,1.2129,1.218,0.01732532635573069,1690
27/06/2005,1.2133,1.2223,1.2133,1.2195,74712.0,136145.0,EC1 Curncy,Future,CME,USD,0.0,6.25,125000.0,152438,1.2195,1.2246,0.016291652259135286,1691
28/06/2005,1.2206,1.2213,1.2088,1.2109,93779.0,137285.0,EC1 Curncy,Future,CME,USD,0.0,6.25,125000.0,151363,1.2109,1.216,0.015188546123069253,1692
29/06/2005,1.21,1.215,1.2052,1.2111,142713.0,136729.0,EC1 Curncy,Future,CME,USD,0.0,6.25,125000.0,151388,1.2111,1.2162,0.013574882442681308,1693
30/06/2005,1.2105,1.2158,1.2077,1.2137,130506.0,137568.0,EC1 Curncy,Future,CME,USD,0.0,6.25,125000.0,151713,1.2137,1.2188,0.012362533451223843,1694
01/07/2005,1.2135,1.2143,1.1975,1.2137,19750.0,145447.0,EC1 Curncy,Future,CME,USD,0.0,6.25,125000.0,151713,1.2137,1.2188,0.010795755338680083,1695
04/07/2005,1.1969,1.1986,1.1924,1.1995,164754.0,145447.0,EC1 Curncy,Future,CME,USD,0.0,6.25,125000.0,149938,1.1995,1.2047,0.008219489035172653,1696
05/07/2005,1.1937,1.1986,1.1902,1.1946,138052.0,146903.0,EC1 Curncy,Future,CME,USD,0.0,6.25,125000.0,149325,1.1946,1.1998,0.009063112048260975,1697
06/07/2005,1.1954,1.1986,1.1925,1.1959,100376.0,141864.0,EC1 Curncy,Future,CME,USD,0.0,6.25,125000.0,149488,1.1959,1.2011,0.009871170143369051,1698
07/07/2005,1.1966,1.2074,1.1941,1.1976,149475.0,146979.0,EC1 Curncy,Future,CME,USD,0.0,6.25,125000.0,149700,1.1976,1.2028,0.010104121271343478,1699
08/07/2005,1.198,1.2019,1.19,1.1989,154546.0,137389.0,EC1 Curncy,Future,CME,USD,0.0,6.25,125000.0,149863,1.1989,1.2041,0.010414288261775522,1700
11/07/2005,1.1994,1.212,1.199,1.2108,107711.0,139922.0,EC1 Curncy,Future,CME,USD,0.0,6.25,125000.0,151350,1.2108,1.216,0.009985392664588944,1701
12/07/2005,1.2105,1.2287,1.2085,1.2266,168242.0,138129.0,EC1 Curncy,Future,CME,USD,0.0,6.25,125000.0,153325,1.2266,1.2319,0.009880565098516739,1702
13/07/2005,1.2272,1.2272,1.2103,1.212,133725.0,141907.0,EC1 Curncy,Future,CME,USD,0.0,6.25,125000.0,151500,1.212,1.2173,0.009612063600810716,1703
14/07/2005,1.2114,1.2156,1.2087,1.2121,126159.0,139683.0,EC1 Curncy,Future,CME,USD,0.0,6.25,125000.0,151513,1.2121,1.2174,0.009182024105067146,1704
15/07/2005,1.2113,1.2166,1.205,1.2076,116570.0,140738.0,EC1 Curncy,Future,CME,USD,0.0,6.25,125000.0,150950,1.2076,1.2129,0.009171650160469303,1705
18/07/2005,1.2053,1.212,1.2053,1.2081,67931.0,138923.0,EC1 Curncy,Future,CME,USD,0.0,6.25,125000.0,151013,1.2081,1.2134,0.00916311991987656,1706
19/07/2005,1.208,1.2096,1.1982,1.2072,118407.0,140922.0,EC1 Curncy,Future,CME,USD,0.0,6.25,125000.0,150900,1.2072,1.2125,0.009166560605412771,1707
20/07/2005,1.2058,1.2219,1.2024,1.2186,165253.0,139959.0,EC1 Curncy,Future,CME,USD,0.0,6.25,125000.0,152325,1.2186,1.2239,0.00924547096327193,1708
21/07/2005,1.2177,1.2283,1.2124,1.2195,243025.0,143029.0,EC1 Curncy,Future,CME,USD,0.0,6.25,125000.0,152438,1.2195,1.2249,0.009380565014932167,1709
22/07/2005,1.2193,1.2216,1.2079,1.2091,121229.0,137270.0,EC1 Curncy,Future,CME,USD,0.0,6.25,125000.0,151138,1.2091,1.2145,0.008359222451841822,1710
25/07/2005,1.2081,1.2114,1.2053,1.2085,79461.0,135479.0,EC1 Curncy,Future,CME,USD,0.0,6.25,125000.0,151063,1.2085,1.2139,0.008189932844619647,1711
26/07/2005,1.2092,1.2095,1.2005,1.2049,125315.0,142623.0,EC1 Curncy,Future,CME,USD,0.0,6.25,125000.0,150613,1.2049,1.2103,0.007894770420942259,1712
27/07/2005,1.2047,1.211,1.1985,1.2103,156654.0,140019.0,EC1 Curncy,Future,CME,USD,0.0,6.25,125000.0,151288,1.2103,1.2157,0.007759849654861456,1713
28/07/2005,1.209,1.2176,1.206,1.2158,149931.0,138060.0,EC1 Curncy,Future,CME,USD,0.0,6.25,125000.0,151975,1.2158,1.2212,0.007841092610900414,1714
29/07/2005,1.2153,1.2185,1.21,1.2151,141348.0,138532.0,EC1 Curncy,Future,CME,USD,0.0,6.25,125000.0,151888,1.2151,1.2206,0.007892131102098873,1715
01/08/2005,1.2148,1.2273,1.214,1.2219,142476.0,142902.0,EC1 Curncy,Future,CME,USD,0.0,6.25,125000.0,152738,1.2219,1.2274,0.00803015151368363,1716
02/08/2005,1.22,1.2277,1.2196,1.2218,127199.0,140916.0,EC1 Curncy,Future,CME,USD,0.0,6.25,125000.0,152725,1.2218,1.2273,0.008382793885854035,1717
03/08/2005,1.2218,1.2369,1.2171,1.2361,146698.0,144529.0,EC1 Curncy,Future,CME,USD,0.0,6.25,125000.0,154513,1.2361,1.2416,0.009856701611900245,1718
04/08/2005,1.2358,1.2425,1.2322,1.2402,150943.0,146763.0,EC1 Curncy,Future,CME,USD,0.0,6.25,125000.0,155025,1.2402,1.2458,0.011435656226587746,1719
05/08/2005,1.2407,1.242,1.2332,1.2368,148519.0,144610.0,EC1 Curncy,Future,CME,USD,0.0,6.25,125000.0,154600,1.2368,1.2424,0.012445815896625153,1720
08/08/2005,1.2361,1.2412,1.2338,1.2383,68893.0,141084.0,EC1 Curncy,Future,CME,USD,0.0,6.25,125000.0,154788,1.2383,1.2439,0.013072258157360366,1721
09/08/2005,1.237,1.2439,1.2351,1.2388,112910.0,142590.0,EC1 Curncy,Future,CME,USD,0.0,6.25,125000.0,154850,1.2388,1.2444,0.01322409417185137,1722
10/08/2005,1.2395,1.2447,1.2354,1.2399,125878.0,145133.0,EC1 Curncy,Future,CME,USD,0.0,6.25,125000.0,154988,1.2399,1.2455,0.013295989370206557,1723
11/08/2005,1.2408,1.2495,1.2397,1.2455,129191.0,145842.0,EC1 Curncy,Future,CME,USD,0.0,6.25,125000.0,155688,1.2455,1.2511,0.013641550498359668,1724
12/08/2005,1.2485,1.2505,1.2402,1.2458,149430.0,144116.0,EC1 Curncy,Future,CME,USD,0.0,6.25,125000.0,155725,1.2458,1.2514,0.013817474443590681,1725
15/08/2005,1.247,1.2474,1.2361,1.2385,98895.0,142415.0,EC1 Curncy,Future,CME,USD,0.0,6.25,125000.0,154813,1.2385,1.2442,0.01398716673714179,1726
16/08/2005,1.2385,1.2391,1.2312,1.2374,107131.0,144514.0,EC1 Curncy,Future,CME,USD,0.0,6.25,125000.0,154675,1.2374,1.2431,0.014261922497777156,1727
17/08/2005,1.2372,1.2385,1.2277,1.2278,116866.0,145189.0,EC1 Curncy,Future,CME,USD,0.0,6.25,125000.0,153475,1.2278,1.2335,0.014075696548753703,1728
18/08/2005,1.2289,1.2309,1.2172,1.2192,124991.0,149148.0,EC1 Curncy,Future,CME,USD,0.0,6.25,125000.0,152400,1.2192,1.2249,0.013891301834814756,1729
19/08/2005,1.2189,1.221,1.214,1.2184,105706.0,142333.0,EC1 Curncy,Future,CME,USD,0.0,6.25,125000.0,152300,1.2184,1.2241,0.0135061714288663,1730
22/08/2005,1.2179,1.2258,1.2171,1.2239,87789.0,141702.0,EC1 Curncy,Future,CME,USD,0.0,6.25,125000.0,152988,1.2239,1.2296,0.013047206597553838,1731
23/08/2005,1.2239,1.2268,1.2205,1.2245,96591.0,140779.0,EC1 Curncy,Future,CME,USD,0.0,6.25,125000.0,153063,1.2245,1.2302,0.01247857764327517,1732
24/08/2005,1.2246,1.2293,1.2175,1.2281,132720.0,144873.0,EC1 Curncy,Future,CME,USD,0.0,6.25,125000.0,153513,1.2281,1.2338,0.012379724014125286,1733
25/08/2005,1.2285,1.234,1.2269,1.2321,98578.0,143989.0,EC1 Curncy,Future,CME,USD,0.0,6.25,125000.0,154013,1.2321,1.2378,0.012333157205918769,1734
26/08/2005,1.231,1.2354,1.2281,1.2295,89588.0,145244.0,EC1 Curncy,Future,CME,USD,0.0,6.25,125000.0,153688,1.2295,1.2352,0.011750385809236208,1735
29/08/2005,1.2297,1.2359,1.2226,1.2235,103166.0,149412.0,EC1 Curncy,Future,CME,USD,0.0,6.25,125000.0,152938,1.2235,1.2292,0.01107887930550264,1736
30/08/2005,1.2234,1.2248,1.218,1.223,110271.0,147930.0,EC1 Curncy,Future,CME,USD,0.0,6.25,125000.0,152875,1.223,1.2286,0.010007635418313815,1737
31/08/2005,1.2229,1.2368,1.2198,1.2344,174314.0,145630.0,EC1 Curncy,Future,CME,USD,0.0,6.25,125000.0,154300,1.2344,1.2399,0.009233143198962537,1738
01/09/2005,1.235,1.2533,1.2334,1.2505,230223.0,153076.0,EC1 Curncy,Future,CME,USD,0.0,6.25,125000.0,156313,1.2505,1.2557,0.009572051330089622,1739
02/09/2005,1.2507,1.2598,1.2476,1.2505,183776.0,148142.0,EC1 Curncy,Future,CME,USD,0.0,6.25,125000.0,156313,1.2505,1.2557,0.00964145044409082,1740
05/09/2005,1.2539,1.2593,1.252,1.2549,29550.0,148142.0,EC1 Curncy,Future,CME,USD,0.0,6.25,125000.0,156863,1.2549,1.2601,0.010287787257999077,1741
06/09/2005,1.2546,1.2593,1.2449,1.2487,152814.0,146246.0,EC1 Curncy,Future,CME,USD,0.0,6.25,125000.0,156088,1.2487,1.2539,0.01032432887241777,1742
07/09/2005,1.247,1.2543,1.2412,1.2425,142051.0,145518.0,EC1 Curncy,Future,CME,USD,0.0,6.25,125000.0,155313,1.2425,1.2479,0.010419969609640761,1743
08/09/2005,1.2418,1.2458,1.2386,1.2406,120783.0,142996.0,EC1 Curncy,Future,CME,USD,0.0,6.25,125000.0,155075,1.2406,1.246,0.010427458942578974,1744
09/09/2005,1.2402,1.2468,1.2379,1.2408,134857.0,129208.0,EC1 Curncy,Future,CME,USD,0.0,6.25,125000.0,155100,1.2408,1.2462,0.010475235876381758,1745
12/09/2005,1.2408,1.2418,1.2273,1.2279,124818.0,116409.0,EC1 Curncy,Future,CME,USD,0.0,6.25,125000.0,153488,1.2279,1.2333,0.01058126173947003,1746
13/09/2005,1.2336,1.2373,1.23,1.2324,115268.0,98140.0,EC1 Curncy,Future,CME,USD,0.0,6.25,125000.0,154050,1.227,1.2324,0.010574707245711714,1747
14/09/2005,1.2326,1.2388,1.2314,1.2332,153970.0,79216.0,EC1 Curncy,Future,CME,USD,0.0,6.25,125000.0,154150,1.2279,1.2332,0.010535775560718982,1748
15/09/2005,1.2339,1.2341,1.2245,1.2272,142232.0,116092.0,EC1 Curncy,Future,CME,USD,0.0,6.25,125000.0,153400,1.2219,1.2272,0.010406741404774576,1749
16/09/2005,1.2276,1.2364,1.2254,1.2295,112536.0,125746.0,EC1 Curncy,Future,CME,USD,0.0,6.25,125000.0,153688,1.2242,1.2295,0.010158124826915074,1750
19/09/2005,1.2225,1.2229,1.2155,1.2201,108972.0,128101.0,EC1 Curncy,Future,CME,USD,0.0,6.25,125000.0,152513,1.2149,1.2201,0.010447738192189167,1751
20/09/2005,1.219,1.2244,1.2165,1.2187,99841.0,116788.0,EC1 Curncy,Future,CME,USD,0.0,6.25,125000.0,152338,1.2187,1.2242,0.010770882043695466,1752
21/09/2005,1.2172,1.2294,1.2165,1.2258,116196.0,119840.0,EC1 Curncy,Future,CME,USD,0.0,6.25,125000.0,153225,1.2258,1.2314,0.010811316601869953,1753
22/09/2005,1.2275,1.2322,1.2184,1.22,125236.0,124884.0,EC1 Curncy,Future,CME,USD,0.0,6.25,125000.0,152500,1.22,1.2256,0.010772980089056233,1754
23/09/2005,1.2205,1.2224,1.209,1.2103,122966.0,128380.0,EC1 Curncy,Future,CME,USD,0.0,6.25,125000.0,151288,1.2103,1.2159,0.01130842164049453,1755
26/09/2005,1.2079,1.2131,1.206,1.2117,90328.0,128488.0,EC1 Curncy,Future,CME,USD,0.0,6.25,125000.0,151463,1.2117,1.2174,0.011906639604266016,1756
27/09/2005,1.2121,1.2134,1.2023,1.2063,133700.0,133749.0,EC1 Curncy,Future,CME,USD,0.0,6.25,125000.0,150788,1.2063,1.212,0.012853155254614184,1757
28/09/2005,1.2066,1.2106,1.2043,1.2075,115465.0,131536.0,EC1 Curncy,Future,CME,USD,0.0,6.25,125000.0,150938,1.2075,1.2132,0.013648347885338497,1758
29/09/2005,1.209,1.2124,1.2054,1.2085,119888.0,134699.0,EC1 Curncy,Future,CME,USD,0.0,6.25,125000.0,151063,1.2085,1.2142,0.014274627841006325,1759
30/09/2005,1.2084,1.2142,1.2045,1.2059,166158.0,137577.0,EC1 Curncy,Future,CME,USD,0.0,6.25,125000.0,150738,1.2059,1.2117,0.014983637742525735,1760
03/10/2005,1.2072,1.208,1.1949,1.196,97665.0,141715.0,EC1 Curncy,Future,CME,USD,0.0,6.25,125000.0,149500,1.196,1.2018,0.016265256427917724,1761
04/10/2005,1.1963,1.1995,1.1947,1.1972,90332.0,141279.0,EC1 Curncy,Future,CME,USD,0.0,6.25,125000.0,149650,1.1972,1.203,0.01729414833595249,1762
05/10/2005,1.1966,1.2034,1.1962,1.2,101102.0,134272.0,EC1 Curncy,Future,CME,USD,0.0,6.25,125000.0,150000,1.2,1.2058,0.01792544095225017,1763
06/10/2005,1.203,1.2249,1.203,1.2228,199646.0,135922.0,EC1 Curncy,Future,CME,USD,0.0,6.25,125000.0,152850,1.2228,1.2287,0.017072224030061745,1764
07/10/2005,1.2227,1.2228,1.2137,1.216,142603.0,124316.0,EC1 Curncy,Future,CME,USD,0.0,6.25,125000.0,152000,1.216,1.2219,0.016139031362898786,1765
10/10/2005,1.2163,1.2197,1.2084,1.216,60341.0,125064.0,EC1 Curncy,Future,CME,USD,0.0,6.25,125000.0,152000,1.216,1.2219,0.014616180531611046,1766
11/10/2005,1.2111,1.2111,1.2018,1.2026,105774.0,128264.0,EC1 Curncy,Future,CME,USD,0.0,6.25,125000.0,150325,1.2026,1.2085,0.013756665051263845,1767
12/10/2005,1.2033,1.2096,1.1995,1.2072,98779.0,127723.0,EC1 Curncy,Future,CME,USD,0.0,6.25,125000.0,150900,1.2072,1.2131,0.012966743358788207,1768
13/10/2005,1.2063,1.2079,1.1953,1.206,151630.0,136562.0,EC1 Curncy,Future,CME,USD,0.0,6.25,125000.0,150750,1.206,1.2119,0.012160752443798804,1769
14/10/2005,1.2069,1.2151,1.202,1.2133,190944.0,137026.0,EC1 Curncy,Future,CME,USD,0.0,6.25,125000.0,151663,1.2133,1.2192,0.010970288662232309,1770
17/10/2005,1.2118,1.2163,1.205,1.2074,105026.0,138076.0,EC1 Curncy,Future,CME,USD,0.0,6.25,125000.0,150925,1.2074,1.2133,0.010688228727563354,1771
18/10/2005,1.206,1.2063,1.1955,1.1993,115297.0,141541.0,EC1 Curncy,Future,CME,USD,0.0,6.25,125000.0,149913,1.1993,1.2052,0.010314189255554196,1772
19/10/2005,1.2003,1.2042,1.1914,1.2019,144893.0,145283.0,EC1 Curncy,Future,CME,USD,0.0,6.25,125000.0,150238,1.2019,1.2078,0.009547788574642176,1773
20/10/2005,1.2033,1.2063,1.1986,1.2029,112325.0,150722.0,EC1 Curncy,Future,CME,USD,0.0,6.25,125000.0,150363,1.2029,1.2088,0.00906383289045403,1774
21/10/2005,1.2057,1.213,1.1965,1.1981,148366.0,147507.0,EC1 Curncy,Future,CME,USD,0.0,6.25,125000.0,149763,1.1981,1.204,0.008418432158033966,1775
24/10/2005,1.1982,1.2059,1.1958,1.2012,100502.0,149876.0,EC1 Curncy,Future,CME,USD,0.0,6.25,125000.0,150150,1.2012,1.2071,0.008213123644474548,1776
25/10/2005,1.2016,1.2158,1.1971,1.2142,155498.0,147616.0,EC1 Curncy,Future,CME,USD,0.0,6.25,125000.0,151775,1.2142,1.2202,0.008018222995117336,1777
26/10/2005,1.2145,1.2172,1.2084,1.2111,110801.0,146595.0,EC1 Curncy,Future,CME,USD,0.0,6.25,125000.0,151388,1.2111,1.2171,0.007144046472373598,1778
27/10/2005,1.2092,1.2208,1.2076,1.2175,125903.0,146173.0,EC1 Curncy,Future,CME,USD,0.0,6.25,125000.0,152188,1.2175,1.2235,0.00697488829058224,1779
28/10/2005,1.2173,1.2204,1.2081,1.2095,134620.0,138599.0,EC1 Curncy,Future,CME,USD,0.0,6.25,125000.0,151188,1.2095,1.2155,0.006962068658052352,1780
31/10/2005,1.2094,1.2122,1.2,1.2023,114756.0,139784.0,EC1 Curncy,Future,CME,USD,0.0,6.25,125000.0,150288,1.2023,1.2082,0.0069629687154813165,1781
01/11/2005,1.2013,1.2065,1.2003,1.2033,110190.0,140694.0,EC1 Curncy,Future,CME,USD,0.0,6.25,125000.0,150413,1.2033,1.2092,0.006998209294724801,1782
02/11/2005,1.2063,1.2116,1.2019,1.21,120976.0,141407.0,EC1 Curncy,Future,CME,USD,0.0,6.25,125000.0,151250,1.21,1.2159,0.0070277971892173784,1783
03/11/2005,1.2105,1.2112,1.1963,1.197,174676.0,149312.0,EC1 Curncy,Future,CME,USD,0.0,6.25,125000.0,149625,1.197,1.2029,0.0072841220015027,1784
04/11/2005,1.197,1.2023,1.1829,1.185,233697.0,161028.0,EC1 Curncy,Future,CME,USD,0.0,6.25,125000.0,148125,1.185,1.1909,0.008444589984093339,1785
07/11/2005,1.1834,1.1859,1.1801,1.1842,129403.0,159160.0,EC1 Curncy,Future,CME,USD,0.0,6.25,125000.0,148025,1.1842,1.19,0.009286235333337204,1786
08/11/2005,1.1815,1.1824,1.1732,1.1812,136116.0,155810.0,EC1 Curncy,Future,CME,USD,0.0,6.25,125000.0,147650,1.1812,1.1869,0.010340575419165953,1787
09/11/2005,1.1805,1.1814,1.1741,1.1795,140925.0,160286.0,EC1 Curncy,Future,CME,USD,0.0,6.25,125000.0,147438,1.1795,1.1851,0.011456621084164943,1788
10/11/2005,1.1788,1.1829,1.17,1.171,169273.0,163600.0,EC1 Curncy,Future,CME,USD,0.0,6.25,125000.0,146375,1.171,1.1766,0.012474671672345398,1789
11/11/2005,1.1713,1.1755,1.1693,1.171,44550.0,160852.0,EC1 Curncy,Future,CME,USD,0.0,6.25,125000.0,146375,1.171,1.1766,0.013500830838612555,1790
14/11/2005,1.1738,1.1795,1.1681,1.1711,113824.0,164684.0,EC1 Curncy,Future,CME,USD,0.0,6.25,125000.0,146388,1.1711,1.1767,0.014211037963481535,1791
15/11/2005,1.1713,1.175,1.1662,1.1732,154379.0,170103.0,EC1 Curncy,Future,CME,USD,0.0,6.25,125000.0,146650,1.1732,1.1788,0.015001413266740026,1792
16/11/2005,1.1742,1.1758,1.1665,1.1706,136881.0,169030.0,EC1 Curncy,Future,CME,USD,0.0,6.25,125000.0,146325,1.1706,1.1762,0.01570699207358099,1793
17/11/2005,1.1692,1.1783,1.1661,1.1774,171309.0,171657.0,EC1 Curncy,Future,CME,USD,0.0,6.25,125000.0,147175,1.1774,1.183,0.015932972101888144,1794
18/11/2005,1.1764,1.1814,1.1681,1.1781,224251.0,174258.0,EC1 Curncy,Future,CME,USD,0.0,6.25,125000.0,147263,1.1781,1.1836,0.015722065173916923,1795
21/11/2005,1.1793,1.1856,1.1734,1.1744,188249.0,181068.0,EC1 Curncy,Future,CME,USD,0.0,6.25,125000.0,146800,1.1744,1.1798,0.0158231897332018,1796
22/11/2005,1.174,1.184,1.17,1.1822,194645.0,180004.0,EC1 Curncy,Future,CME,USD,0.0,6.25,125000.0,147775,1.1822,1.1876,0.015837052545625684,1797
23/11/2005,1.1837,1.189,1.178,1.1822,139899.0,178376.0,EC1 Curncy,Future,CME,USD,0.0,6.25,125000.0,147775,1.1822,1.1876,0.015747235736246413,1798
24/11/2005,1.183,1.1838,1.1784,1.1816,31119.0,178376.0,EC1 Curncy,Future,CME,USD,0.0,6.25,125000.0,147700,1.1816,1.187,0.015591591751098527,1799
25/11/2005,1.1795,1.1838,1.1722,1.1729,100324.0,174524.0,EC1 Curncy,Future,CME,USD,0.0,6.25,125000.0,146613,1.1729,1.1783,0.015797117880579747,1800
28/11/2005,1.1721,1.1918,1.1685,1.1887,162811.0,179226.0,EC1 Curncy,Future,CME,USD,0.0,6.25,125000.0,148588,1.1887,1.194,0.01556019815639473,1801
29/11/2005,1.1861,1.1874,1.1749,1.1802,168071.0,176071.0,EC1 Curncy,Future,CME,USD,0.0,6.25,125000.0,147525,1.1802,1.1855,0.014591176557527789,1802
30/11/2005,1.178,1.1817,1.1765,1.1804,132509.0,170934.0,EC1 Curncy,Future,CME,USD,0.0,6.25,125000.0,147550,1.1804,1.1857,0.013671868928556393,1803
01/12/2005,1.18,1.1813,1.1698,1.1754,178933.0,180210.0,EC1 Curncy,Future,CME,USD,0.0,6.25,125000.0,146925,1.1754,1.1808,0.01198855287345559,1804
02/12/2005,1.1746,1.176,1.167,1.1722,192772.0,180085.0,EC1 Curncy,Future,CME,USD,0.0,6.25,125000.0,146525,1.1722,1.1777,0.010859384574320334,1805
05/12/2005,1.1715,1.183,1.1697,1.1801,146583.0,176074.0,EC1 Curncy,Future,CME,USD,0.0,6.25,125000.0,147513,1.1801,1.1856,0.009986102008941927,1806
06/12/2005,1.1797,1.1816,1.1762,1.1802,133155.0,169092.0,EC1 Curncy,Future,CME,USD,0.0,6.25,125000.0,147525,1.1802,1.1857,0.008830483187968923,1807
07/12/2005,1.1789,1.181,1.171,1.1731,118971.0,167033.0,EC1 Curncy,Future,CME,USD,0.0,6.25,125000.0,146638,1.1731,1.1786,0.006337762486320757,1808
08/12/2005,1.1719,1.1856,1.1709,1.1817,175276.0,168582.0,EC1 Curncy,Future,CME,USD,0.0,6.25,125000.0,147713,1.1817,1.1872,0.005095462033321397,1809
09/12/2005,1.1824,1.1843,1.1772,1.1825,119654.0,155389.0,EC1 Curncy,Future,CME,USD,0.0,6.25,125000.0,147813,1.1825,1.188,0.004973469613829705,1810
12/12/2005,1.1799,1.1987,1.179,1.1952,171402.0,135566.0,EC1 Curncy,Future,CME,USD,0.0,6.25,125000.0,149400,1.1952,1.2008,0.0059530160422834,1811
13/12/2005,1.1957,1.1992,1.191,1.1957,101436.0,116709.0,EC1 Curncy,Future,CME,USD,0.0,6.25,125000.0,149463,1.1957,1.2013,0.006886235062282703,1812
14/12/2005,1.1995,1.2122,1.1993,1.2064,160589.0,108072.0,EC1 Curncy,Future,CME,USD,0.0,6.25,125000.0,150800,1.2008,1.2064,0.00882496458914529,1813
15/12/2005,1.205,1.2097,1.1992,1.2026,141323.0,124220.0,EC1 Curncy,Future,CME,USD,0.0,6.25,125000.0,150325,1.197,1.2026,0.00971523202671918,1814
16/12/2005,1.2029,1.2084,1.1994,1.2069,136584.0,112656.0,EC1 Curncy,Future,CME,USD,0.0,6.25,125000.0,150863,1.2013,1.2069,0.010748527030852991,1815
19/12/2005,1.2084,1.2096,1.2031,1.2064,77150.0,113261.0,EC1 Curncy,Future,CME,USD,0.0,6.25,125000.0,150800,1.2,1.2064,0.011469318491797933,1816
20/12/2005,1.2058,1.207,1.1894,1.1922,134252.0,118960.0,EC1 Curncy,Future,CME,USD,0.0,6.25,125000.0,149025,1.1922,1.1988,0.011351927883240418,1817
21/12/2005,1.1915,1.1966,1.1854,1.1896,97073.0,116414.0,EC1 Curncy,Future,CME,USD,0.0,6.25,125000.0,148700,1.1896,1.1962,0.010993965011145196,1818
22/12/2005,1.1885,1.195,1.186,1.193,106077.0,112108.0,EC1 Curncy,Future,CME,USD,0.0,6.25,125000.0,149125,1.193,1.1996,0.010955823413430831,1819
23/12/2005,1.1918,1.1937,1.188,1.193,58335.0,110126.0,EC1 Curncy,Future,CME,USD,0.0,6.25,125000.0,149125,1.193,1.1996,0.010904476145125309,1820
26/12/2005,1.1918,1.1937,1.188,1.191,58335.0,110126.0,EC1 Curncy,Future,CME,USD,0.0,6.25,125000.0,148875,1.191,1.1976,0.010622761725006709,1821
27/12/2005,1.19,1.1928,1.1876,1.1882,33711.0,107998.0,EC1 Curncy,Future,CME,USD,0.0,6.25,125000.0,148525,1.1882,1.1948,0.010567642436526003,1822
28/12/2005,1.188,1.1984,1.1862,1.1876,111692.0,115420.0,EC1 Curncy,Future,CME,USD,0.0,6.25,125000.0,148450,1.1876,1.1942,0.010506486885075486,1823
29/12/2005,1.1884,1.1929,1.1866,1.1891,62835.0,107386.0,EC1 Curncy,Future,CME,USD,0.0,6.25,125000.0,148638,1.1891,1.1957,0.010426709292306005,1824
30/12/2005,1.1886,1.1938,1.1825,1.1891,100646.0,108340.0,EC1 Curncy,Future,CME,USD,0.0,6.25,125000.0,148638,1.1891,1.1957,0.009929585422677752,1825
02/01/2006,1.1886,1.1938,1.1825,1.188,100646.0,108340.0,EC1 Curncy,Future,CME,USD,0.0,6.25,125000.0,148500,1.188,1.1946,0.00993092476390063,1826
03/01/2006,1.1869,1.2077,1.1857,1.2067,183133.0,114886.0,EC1 Curncy,Future,CME,USD,0.0,6.25,125000.0,150838,1.2067,1.2133,0.01037975272664263,1827
04/01/2006,1.2062,1.2193,1.2061,1.2171,186751.0,115099.0,EC1 Curncy,Future,CME,USD,0.0,6.25,125000.0,152138,1.2171,1.2237,0.011519874131237944,1828
05/01/2006,1.2158,1.2166,1.211,1.2153,129212.0,117834.0,EC1 Curncy,Future,CME,USD,0.0,6.25,125000.0,151913,1.2153,1.2219,0.011977224219306862,1829
06/01/2006,1.2145,1.2227,1.2124,1.2203,172364.0,119681.0,EC1 Curncy,Future,CME,USD,0.0,6.25,125000.0,152538,1.2203,1.2269,0.0123677672466052,1830
09/01/2006,1.2188,1.2198,1.2096,1.2131,104105.0,122198.0,EC1 Curncy,Future,CME,USD,0.0,6.25,125000.0,151638,1.2131,1.2197,0.012489462224859367,1831
10/01/2006,1.2125,1.2154,1.2079,1.2116,109797.0,123084.0,EC1 Curncy,Future,CME,USD,0.0,6.25,125000.0,151450,1.2116,1.2182,0.012396090781620564,1832
11/01/2006,1.2103,1.2188,1.2086,1.2166,132907.0,127909.0,EC1 Curncy,Future,CME,USD,0.0,6.25,125000.0,152075,1.2166,1.2232,0.01188307900613993,1833
12/01/2006,1.2178,1.2204,1.2045,1.2083,205836.0,121789.0,EC1 Curncy,Future,CME,USD,0.0,6.25,125000.0,151038,1.2083,1.215,0.011437474954412842,1834
13/01/2006,1.2074,1.2184,1.2069,1.2083,174473.0,122904.0,EC1 Curncy,Future,CME,USD,0.0,6.25,125000.0,151038,1.2083,1.215,0.010924442014712349,1835
16/01/2006,1.2074,1.2184,1.2069,1.2175,174473.0,122904.0,EC1 Curncy,Future,CME,USD,0.0,6.25,125000.0,152188,1.2175,1.2242,0.011313195834929748,1836
17/01/2006,1.2154,1.2214,1.2088,1.2135,150958.0,124945.0,EC1 Curncy,Future,CME,USD,0.0,6.25,125000.0,151688,1.2135,1.2202,0.011450039301219276,1837
18/01/2006,1.2151,1.2199,1.2107,1.2147,162972.0,130273.0,EC1 Curncy,Future,CME,USD,0.0,6.25,125000.0,151838,1.2147,1.2214,0.011675198784865714,1838
19/01/2006,1.2154,1.2162,1.2088,1.2126,132948.0,130225.0,EC1 Curncy,Future,CME,USD,0.0,6.25,125000.0,151575,1.2126,1.2193,0.011824562007369513,1839
20/01/2006,1.2128,1.2178,1.2075,1.2174,138809.0,134675.0,EC1 Curncy,Future,CME,USD,0.0,6.25,125000.0,152175,1.2174,1.2241,0.012129644127760842,1840
23/01/2006,1.2177,1.2347,1.2174,1.2336,133312.0,135760.0,EC1 Curncy,Future,CME,USD,0.0,6.25,125000.0,154200,1.2336,1.2404,0.013496063623619315,1841
24/01/2006,1.2332,1.2357,1.2291,1.2324,107324.0,139927.0,EC1 Curncy,Future,CME,USD,0.0,6.25,125000.0,154050,1.2324,1.2392,0.014268277167645928,1842
25/01/2006,1.2305,1.2359,1.2268,1.2291,132284.0,138257.0,EC1 Curncy,Future,CME,USD,0.0,6.25,125000.0,153638,1.2291,1.2359,0.014480782667593827,1843
26/01/2006,1.2274,1.2302,1.223,1.2244,116296.0,137272.0,EC1 Curncy,Future,CME,USD,0.0,6.25,125000.0,153050,1.2244,1.2313,0.014461615861747318,1844
27/01/2006,1.2237,1.2267,1.2118,1.2135,205539.0,135000.0,EC1 Curncy,Future,CME,USD,0.0,6.25,125000.0,151688,1.2135,1.2204,0.014060316497127703,1845
30/01/2006,1.2136,1.2146,1.2093,1.2117,98499.0,135568.0,EC1 Curncy,Future,CME,USD,0.0,6.25,125000.0,151463,1.2117,1.2186,0.013469821825079739,1846
31/01/2006,1.2119,1.222,1.2107,1.2178,171315.0,143296.0,EC1 Curncy,Future,CME,USD,0.0,6.25,125000.0,152225,1.2178,1.2247,0.012640362600259957,1847
01/02/2006,1.2177,1.2192,1.2077,1.2087,129946.0,139899.0,EC1 Curncy,Future,CME,USD,0.0,6.25,125000.0,151088,1.2087,1.2156,0.011577121115921258,1848
02/02/2006,1.2088,1.2135,1.206,1.2126,120943.0,140394.0,EC1 Curncy,Future,CME,USD,0.0,6.25,125000.0,151575,1.2126,1.2195,0.01043516011693328,1849
03/02/2006,1.2115,1.2138,1.1994,1.205,212528.0,145266.0,EC1 Curncy,Future,CME,USD,0.0,6.25,125000.0,150625,1.205,1.2119,0.009263140216256547,1850
06/02/2006,1.2054,1.2072,1.197,1.1992,120366.0,139795.0,EC1 Curncy,Future,CME,USD,0.0,6.25,125000.0,149900,1.1992,1.2061,0.008112798530677224,1851
07/02/2006,1.1995,1.204,1.1966,1.1994,107710.0,135507.0,EC1 Curncy,Future,CME,USD,0.0,6.25,125000.0,149925,1.1994,1.2063,0.008552442146312823,1852
08/02/2006,1.2009,1.2018,1.1945,1.1967,121275.0,137961.0,EC1 Curncy,Future,CME,USD,0.0,6.25,125000.0,149588,1.1967,1.2036,0.009280747096329853,1853
09/02/2006,1.1981,1.2018,1.1967,1.1991,110030.0,137465.0,EC1 Curncy,Future,CME,USD,0.0,6.25,125000.0,149888,1.1991,1.2061,0.009749516227282283,1854
10/02/2006,1.2006,1.2047,1.1912,1.1927,267852.0,148026.0,EC1 Curncy,Future,CME,USD,0.0,6.25,125000.0,149088,1.1927,1.1997,0.010480776052661858,1855
13/02/2006,1.1916,1.1939,1.1897,1.1928,91146.0,139684.0,EC1 Curncy,Future,CME,USD,0.0,6.25,125000.0,149100,1.1928,1.1998,0.011185359478624606,1856
14/02/2006,1.1919,1.1943,1.1878,1.193,113035.0,136120.0,EC1 Curncy,Future,CME,USD,0.0,6.25,125000.0,149125,1.193,1.2,0.01178562966778033,1857
15/02/2006,1.1932,1.1974,1.1888,1.1904,148284.0,138319.0,EC1 Curncy,Future,CME,USD,0.0,6.25,125000.0,148800,1.1904,1.1974,0.012399505366454747,1858
16/02/2006,1.1909,1.1925,1.1864,1.1906,100737.0,141395.0,EC1 Curncy,Future,CME,USD,0.0,6.25,125000.0,148825,1.1906,1.1976,0.012979076751939872,1859
17/02/2006,1.192,1.1966,1.1873,1.1906,214585.0,146932.0,EC1 Curncy,Future,CME,USD,0.0,6.25,125000.0,148825,1.1906,1.1976,0.013495215201424257,1860
20/02/2006,1.192,1.1966,1.1873,1.1925,214585.0,146932.0,EC1 Curncy,Future,CME,USD,0.0,6.25,125000.0,149063,1.1925,1.1995,0.013714195808216206,1861
21/02/2006,1.1954,1.199,1.1904,1.1935,102476.0,145398.0,EC1 Curncy,Future,CME,USD,0.0,6.25,125000.0,149188,1.1935,1.2006,0.013922852916438104,1862
22/02/2006,1.1922,1.1943,1.1865,1.1911,116259.0,149344.0,EC1 Curncy,Future,CME,USD,0.0,6.25,125000.0,148888,1.1911,1.1982,0.014146220932323627,1863
23/02/2006,1.1921,1.198,1.1904,1.1932,145291.0,151837.0,EC1 Curncy,Future,CME,USD,0.0,6.25,125000.0,149150,1.1932,1.2003,0.014278626217746521,1864
24/02/2006,1.1929,1.1944,1.1873,1.1885,117241.0,161113.0,EC1 Curncy,Future,CME,USD,0.0,6.25,125000.0,148563,1.1885,1.1956,0.014388846374864876,1865
27/02/2006,1.188,1.1896,1.1835,1.1864,76223.0,160727.0,EC1 Curncy,Future,CME,USD,0.0,6.25,125000.0,148300,1.1864,1.1934,0.01335974924912434,1866
28/02/2006,1.1857,1.195,1.1843,1.1929,128444.0,151890.0,EC1 Curncy,Future,CME,USD,0.0,6.25,125000.0,149113,1.1929,1.1999,0.011838696437227582,1867
01/03/2006,1.1936,1.1983,1.1898,1.1925,137966.0,151636.0,EC1 Curncy,Future,CME,USD,0.0,6.25,125000.0,149063,1.1925,1.1995,0.010278177529739248,1868
02/03/2006,1.1929,1.2052,1.1919,1.204,159811.0,148616.0,EC1 Curncy,Future,CME,USD,0.0,6.25,125000.0,150500,1.204,1.2111,0.008870497919104842,1869
03/03/2006,1.2041,1.2058,1.2001,1.2038,117263.0,147036.0,EC1 Curncy,Future,CME,USD,0.0,6.25,125000.0,150475,1.2038,1.2109,0.008358733955142148,1870
06/03/2006,1.2052,1.2098,1.1994,1.2024,107556.0,124368.0,EC1 Curncy,Future,CME,USD,0.0,6.25,125000.0,150300,1.2024,1.2095,0.007896849582767108,1871
07/03/2006,1.2013,1.2027,1.1872,1.1891,130509.0,114826.0,EC1 Curncy,Future,CME,USD,0.0,6.25,125000.0,148638,1.1891,1.1961,0.006781010249182961,1872
08/03/2006,1.189,1.1944,1.1876,1.1918,104544.0,107085.0,EC1 Curncy,Future,CME,USD,0.0,6.25,125000.0,148975,1.1918,1.1989,0.006289682026901628,1873
09/03/2006,1.2,1.2025,1.1965,1.1983,104817.0,103176.0,EC1 Curncy,Future,CME,USD,0.0,6.25,125000.0,149788,1.1912,1.1983,0.0052140035800588985,1874
10/03/2006,1.1979,1.1999,1.1932,1.1986,165052.0,123103.0,EC1 Curncy,Future,CME,USD,0.0,6.25,125000.0,149825,1.1915,1.1986,0.0048346216673285005,1875
13/03/2006,1.1985,1.2061,1.1982,1.2033,106827.0,124647.0,EC1 Curncy,Future,CME,USD,0.0,6.25,125000.0,150413,1.1926,1.2033,0.0050639510265734645,1876
14/03/2006,1.203,1.2104,1.2012,1.2092,157643.0,132906.0,EC1 Curncy,Future,CME,USD,0.0,6.25,125000.0,151150,1.2092,1.2157,0.005773502691855715,1877
15/03/2006,1.2087,1.2146,1.2077,1.2144,159339.0,134697.0,EC1 Curncy,Future,CME,USD,0.0,6.25,125000.0,151800,1.2144,1.2209,0.006946541105677007,1878
16/03/2006,1.2138,1.226,1.2105,1.2247,192538.0,150236.0,EC1 Curncy,Future,CME,USD,0.0,6.25,125000.0,153088,1.2247,1.2312,0.009029641927167074,1879
17/03/2006,1.2242,1.2278,1.2208,1.2263,123668.0,132925.0,EC1 Curncy,Future,CME,USD,0.0,6.25,125000.0,153288,1.2263,1.2327,0.010732158838409197,1880
20/03/2006,1.2248,1.2264,1.2215,1.2233,87573.0,135281.0,EC1 Curncy,Future,CME,USD,0.0,6.25,125000.0,152913,1.2233,1.2296,0.011780325405784437,1881
21/03/2006,1.2228,1.2233,1.214,1.2167,148999.0,139173.0,EC1 Curncy,Future,CME,USD,0.0,6.25,125000.0,152088,1.2167,1.223,0.012192254371779,1882
22/03/2006,1.2173,1.2179,1.2131,1.2145,107795.0,139414.0,EC1 Curncy,Future,CME,USD,0.0,6.25,125000.0,151813,1.2145,1.2208,0.012326912292466345,1883
23/03/2006,1.2142,1.2145,1.2018,1.2029,164003.0,139936.0,EC1 Curncy,Future,CME,USD,0.0,6.25,125000.0,150363,1.2029,1.2092,0.012126383082607727,1884
24/03/2006,1.2031,1.211,1.2013,1.2093,144951.0,135556.0,EC1 Curncy,Future,CME,USD,0.0,6.25,125000.0,151163,1.2093,1.2156,0.01198393090765646,1885
27/03/2006,1.2094,1.2122,1.2065,1.207,59372.0,133042.0,EC1 Curncy,Future,CME,USD,0.0,6.25,125000.0,150875,1.207,1.2133,0.011828247263767083,1886
28/03/2006,1.2072,1.2168,1.2053,1.2066,159146.0,138266.0,EC1 Curncy,Future,CME,USD,0.0,6.25,125000.0,150825,1.2066,1.2129,0.011674035292026354,1887
29/03/2006,1.2067,1.211,1.2039,1.2082,99257.0,136658.0,EC1 Curncy,Future,CME,USD,0.0,6.25,125000.0,151025,1.2082,1.2145,0.0114070767508364,1888
30/03/2006,1.2087,1.223,1.2081,1.2213,184738.0,153500.0,EC1 Curncy,Future,CME,USD,0.0,6.25,125000.0,152663,1.2213,1.2277,0.011647996966551725,1889
31/03/2006,1.2222,1.2232,1.2139,1.2179,140618.0,140062.0,EC1 Curncy,Future,CME,USD,0.0,6.25,125000.0,152238,1.2179,1.2243,0.01134668380333172,1890
03/04/2006,1.2174,1.2205,1.2089,1.2198,128644.0,156437.0,EC1 Curncy,Future,CME,USD,0.0,6.25,125000.0,152475,1.2198,1.2262,0.010821356969720352,1891
04/04/2006,1.2188,1.2334,1.2175,1.2322,161930.0,159215.0,EC1 Curncy,Future,CME,USD,0.0,6.25,125000.0,154025,1.2322,1.2387,0.011383587600844697,1892
05/04/2006,1.2316,1.2364,1.2299,1.2357,148868.0,160612.0,EC1 Curncy,Future,CME,USD,0.0,6.25,125000.0,154463,1.2357,1.2422,0.011956139287666975,1893
06/04/2006,1.2346,1.2386,1.2251,1.2283,220731.0,162543.0,EC1 Curncy,Future,CME,USD,0.0,6.25,125000.0,153538,1.2283,1.235,0.012324105106095431,1894
07/04/2006,1.2275,1.2281,1.2145,1.2161,202110.0,157695.0,EC1 Curncy,Future,CME,USD,0.0,6.25,125000.0,152013,1.2161,1.223,0.012218861103477863,1895
10/04/2006,1.2159,1.2184,1.213,1.2151,83107.0,154937.0,EC1 Curncy,Future,CME,USD,0.0,6.25,125000.0,151888,1.2151,1.222,0.0120347164486503,1896
11/04/2006,1.2166,1.2208,1.2143,1.2188,96824.0,156406.0,EC1 Curncy,Future,CME,USD,0.0,6.25,125000.0,152350,1.2188,1.2257,0.010973199168857107,1897
12/04/2006,1.2191,1.2218,1.2115,1.2154,148759.0,148456.0,EC1 Curncy,Future,CME,USD,0.0,6.25,125000.0,151925,1.2154,1.2223,0.009910561706216932,1898
13/04/2006,1.2153,1.2181,1.2117,1.2154,101394.0,145690.0,EC1 Curncy,Future,CME,USD,0.0,6.25,125000.0,151925,1.2154,1.2223,0.009252612243724964,1899
14/04/2006,1.2153,1.2181,1.2117,1.2153,101394.0,145690.0,EC1 Curncy,Future,CME,USD,0.0,6.25,125000.0,151913,1.2153,1.2222,0.008514444589405618,1900
17/04/2006,1.2168,1.2338,1.2162,1.2308,119778.0,156639.0,EC1 Curncy,Future,CME,USD,0.0,6.25,125000.0,153850,1.2308,1.2378,0.00848640677786455,1901
18/04/2006,1.2302,1.241,1.2274,1.2361,187134.0,162625.0,EC1 Curncy,Future,CME,USD,0.0,6.25,125000.0,154513,1.2361,1.2431,0.009036992493784209,1902
19/04/2006,1.2411,1.2443,1.2333,1.2433,198357.0,168339.0,EC1 Curncy,Future,CME,USD,0.0,6.25,125000.0,155413,1.2433,1.2503,0.010211594717086969,1903
20/04/2006,1.2428,1.2428,1.2332,1.2363,140459.0,167954.0,EC1 Curncy,Future,CME,USD,0.0,6.25,125000.0,154538,1.2363,1.2433,0.01068474301668984,1904
21/04/2006,1.2362,1.2406,1.2311,1.2388,143744.0,171273.0,EC1 Curncy,Future,CME,USD,0.0,6.25,125000.0,154850,1.2388,1.2458,0.01124505372742607,1905
24/04/2006,1.241,1.246,1.2377,1.2448,135775.0,175727.0,EC1 Curncy,Future,CME,USD,0.0,6.25,125000.0,155600,1.2448,1.2518,0.012208804200222058,1906
25/04/2006,1.2431,1.2485,1.241,1.2478,176103.0,173905.0,EC1 Curncy,Future,CME,USD,0.0,6.25,125000.0,155975,1.2478,1.2549,0.01320454214778706,1907
26/04/2006,1.2473,1.2515,1.2428,1.2499,192870.0,177073.0,EC1 Curncy,Future,CME,USD,0.0,6.25,125000.0,156238,1.2499,1.257,0.014110022442670858,1908
27/04/2006,1.249,1.259,1.2445,1.2578,206762.0,180850.0,EC1 Curncy,Future,CME,USD,0.0,6.25,125000.0,157225,1.2578,1.2647,0.014856760526193483,1909
28/04/2006,1.257,1.268,1.256,1.2652,179055.0,176571.0,EC1 Curncy,Future,CME,USD,0.0,6.25,125000.0,158150,1.2652,1.272,0.016265533088896274,1910
01/05/2006,1.266,1.2731,1.2595,1.2652,166063.0,186735.0,EC1 Curncy,Future,CME,USD,0.0,6.25,125000.0,158150,1.2652,1.2721,0.01713390109303669,1911
02/05/2006,1.2606,1.2708,1.2598,1.2669,165536.0,183161.0,EC1 Curncy,Future,CME,USD,0.0,6.25,125000.0,158363,1.2669,1.2738,0.017747593264044192,1912
03/05/2006,1.2651,1.2709,1.2628,1.2666,168363.0,181150.0,EC1 Curncy,Future,CME,USD,0.0,6.25,125000.0,158325,1.2666,1.2736,0.01809195769762347,1913
04/05/2006,1.2669,1.2762,1.2607,1.2751,237938.0,191128.0,EC1 Curncy,Future,CME,USD,0.0,6.25,125000.0,159388,1.2751,1.2821,0.019417725579117535,1914
05/05/2006,1.2734,1.2803,1.271,1.2772,197080.0,186407.0,EC1 Curncy,Future,CME,USD,0.0,6.25,125000.0,159650,1.2772,1.2842,0.020432104639493992,1915
08/05/2006,1.2778,1.2823,1.2727,1.274,140037.0,191139.0,EC1 Curncy,Future,CME,USD,0.0,6.25,125000.0,159250,1.274,1.281,0.021005441358511935,1916
09/05/2006,1.2737,1.2819,1.2696,1.2789,192678.0,194124.0,EC1 Curncy,Future,CME,USD,0.0,6.25,125000.0,159863,1.2789,1.2859,0.022079589368144296,1917
10/05/2006,1.2795,1.2867,1.2785,1.2843,232594.0,190895.0,EC1 Curncy,Future,CME,USD,0.0,6.25,125000.0,160538,1.2843,1.2913,0.023366087962383816,1918
11/05/2006,1.2815,1.2904,1.2717,1.2883,249638.0,192334.0,EC1 Curncy,Future,CME,USD,0.0,6.25,125000.0,161038,1.2883,1.2953,0.024470269035420145,1919
12/05/2006,1.2867,1.2988,1.2862,1.2938,271571.0,189085.0,EC1 Curncy,Future,CME,USD,0.0,6.25,125000.0,161725,1.2938,1.3009,0.025053394314260537,1920
15/05/2006,1.2975,1.3003,1.2808,1.2839,236140.0,191329.0,EC1 Curncy,Future,CME,USD,0.0,6.25,125000.0,160488,1.2839,1.291,0.024600770313125114,1921
16/05/2006,1.2828,1.2897,1.2799,1.289,190699.0,189929.0,EC1 Curncy,Future,CME,USD,0.0,6.25,125000.0,161125,1.289,1.2961,0.024325766174966006,1922
17/05/2006,1.2885,1.2949,1.2728,1.2775,316013.0,192528.0,EC1 Curncy,Future,CME,USD,0.0,6.25,125000.0,159688,1.2775,1.2847,0.022969405738919417,1923
18/05/2006,1.2755,1.2886,1.2751,1.285,195226.0,196147.0,EC1 Curncy,Future,CME,USD,0.0,6.25,125000.0,160625,1.285,1.2922,0.02149813015122678,1924
19/05/2006,1.2879,1.289,1.2718,1.28,202395.0,197427.0,EC1 Curncy,Future,CME,USD,0.0,6.25,125000.0,160000,1.28,1.2872,0.019316335918915954,1925
22/05/2006,1.2785,1.291,1.2716,1.2889,177790.0,195908.0,EC1 Curncy,Future,CME,USD,0.0,6.25,125000.0,161113,1.2889,1.2962,0.01844811824186196,1926
23/05/2006,1.2883,1.2903,1.2829,1.2892,156870.0,192064.0,EC1 Curncy,Future,CME,USD,0.0,6.25,125000.0,161150,1.2892,1.2965,0.017689425277993196,1927
24/05/2006,1.2829,1.292,1.2752,1.2806,231619.0,195600.0,EC1 Curncy,Future,CME,USD,0.0,6.25,125000.0,160075,1.2806,1.2879,0.01690741947585027,1928
25/05/2006,1.2775,1.284,1.2766,1.2827,152101.0,193540.0,EC1 Curncy,Future,CME,USD,0.0,6.25,125000.0,160338,1.2827,1.2899,0.015370726506328434,1929
26/05/2006,1.2843,1.2851,1.2717,1.2827,171554.0,185760.0,EC1 Curncy,Future,CME,USD,0.0,6.25,125000.0,160338,1.2827,1.2899,0.013685616537043591,1930
29/05/2006,1.2843,1.2851,1.2717,1.2737,171554.0,185760.0,EC1 Curncy,Future,CME,USD,0.0,6.25,125000.0,159213,1.2737,1.2809,0.012163220516472005,1931
30/05/2006,1.2766,1.2927,1.2736,1.2891,231257.0,188054.0,EC1 Curncy,Future,CME,USD,0.0,6.25,125000.0,161138,1.2891,1.2964,0.010887531094436112,1932
31/05/2006,1.2889,1.2919,1.2821,1.2824,177951.0,193486.0,EC1 Curncy,Future,CME,USD,0.0,6.25,125000.0,160300,1.2824,1.2897,0.00922884969352287,1933
01/06/2006,1.283,1.284,1.2736,1.2815,191433.0,196915.0,EC1 Curncy,Future,CME,USD,0.0,6.25,125000.0,160188,1.2815,1.2888,0.008095200223937064,1934
02/06/2006,1.2825,1.2954,1.2809,1.2932,230845.0,197627.0,EC1 Curncy,Future,CME,USD,0.0,6.25,125000.0,161650,1.2932,1.3005,0.00788671456727216,1935
05/06/2006,1.2937,1.2992,1.2916,1.2934,139060.0,191578.0,EC1 Curncy,Future,CME,USD,0.0,6.25,125000.0,161675,1.2934,1.3008,0.007512527315465507,1936
06/06/2006,1.2915,1.2945,1.2819,1.2849,152948.0,194337.0,EC1 Curncy,Future,CME,USD,0.0,6.25,125000.0,160613,1.2849,1.2923,0.00680250444069023,1937
07/06/2006,1.2835,1.2848,1.277,1.2808,125560.0,189411.0,EC1 Curncy,Future,CME,USD,0.0,6.25,125000.0,160100,1.2808,1.2882,0.005906809629481872,1938
08/06/2006,1.281,1.2815,1.2633,1.2646,236722.0,180145.0,EC1 Curncy,Future,CME,USD,0.0,6.25,125000.0,158075,1.2646,1.2721,0.006836768242301535,1939
09/06/2006,1.2661,1.2691,1.2602,1.2652,186243.0,157465.0,EC1 Curncy,Future,CME,USD,0.0,6.25,125000.0,158150,1.2652,1.2727,0.007647574778905143,1940
12/06/2006,1.2622,1.2656,1.257,1.2615,101188.0,148178.0,EC1 Curncy,Future,CME,USD,0.0,6.25,125000.0,157688,1.2615,1.269,0.00859081292228017,1941
13/06/2006,1.2586,1.2621,1.2534,1.2546,125072.0,133389.0,EC1 Curncy,Future,CME,USD,0.0,6.25,125000.0,156825,1.2546,1.2621,0.010203541868666129,1942
14/06/2006,1.2621,1.273,1.2612,1.2672,195804.0,105823.0,EC1 Curncy,Future,CME,USD,0.0,6.25,125000.0,158400,1.2595,1.2672,0.010556361431176334,1943
15/06/2006,1.2682,1.2739,1.2659,1.2692,158156.0,118374.0,EC1 Curncy,Future,CME,USD,0.0,6.25,125000.0,158650,1.2614,1.2692,0.010662577862113483,1944
16/06/2006,1.2711,1.2751,1.2693,1.2726,128380.0,129020.0,EC1 Curncy,Future,CME,USD,0.0,6.25,125000.0,159075,1.2648,1.2726,0.010339563175765133,1945
19/06/2006,1.2724,1.2729,1.2628,1.2656,99722.0,132158.0,EC1 Curncy,Future,CME,USD,0.0,6.25,125000.0,158200,1.2562,1.2656,0.010617535809482515,1946
20/06/2006,1.2651,1.2694,1.2613,1.2661,110203.0,131586.0,EC1 Curncy,Future,CME,USD,0.0,6.25,125000.0,158263,1.2661,1.2734,0.010635135165995005,1947
21/06/2006,1.2659,1.2756,1.2657,1.2736,113090.0,141972.0,EC1 Curncy,Future,CME,USD,0.0,6.25,125000.0,159200,1.2736,1.2809,0.010660469032785785,1948
22/06/2006,1.2739,1.2753,1.2623,1.2658,177656.0,143949.0,EC1 Curncy,Future,CME,USD,0.0,6.25,125000.0,158225,1.2658,1.2731,0.010761152354603584,1949
23/06/2006,1.2644,1.2662,1.255,1.2591,161440.0,145511.0,EC1 Curncy,Future,CME,USD,0.0,6.25,125000.0,157388,1.2591,1.2664,0.011266858479584979,1950
26/06/2006,1.2578,1.2677,1.2575,1.2652,103608.0,146628.0,EC1 Curncy,Future,CME,USD,0.0,6.25,125000.0,158150,1.2652,1.2725,0.01109053650636444,1951
27/06/2006,1.2658,1.2689,1.2632,1.2656,105249.0,146955.0,EC1 Curncy,Future,CME,USD,0.0,6.25,125000.0,158200,1.2656,1.2729,0.010794708580241614,1952
28/06/2006,1.2646,1.2655,1.2585,1.2626,126844.0,147886.0,EC1 Curncy,Future,CME,USD,0.0,6.25,125000.0,157825,1.2626,1.2699,0.010910533136943703,1953
29/06/2006,1.2617,1.2736,1.2586,1.2732,175090.0,151672.0,EC1 Curncy,Future,CME,USD,0.0,6.25,125000.0,159150,1.2732,1.2805,0.010719331446768607,1954
30/06/2006,1.2733,1.286,1.2723,1.285,167015.0,154334.0,EC1 Curncy,Future,CME,USD,0.0,6.25,125000.0,160625,1.285,1.2922,0.010819601040042178,1955
03/07/2006,1.2855,1.2889,1.2826,1.285,110526.0,160903.0,EC1 Curncy,Future,CME,USD,0.0,6.25,125000.0,160625,1.285,1.2922,0.011098686108379921,1956
04/07/2006,1.2855,1.2889,1.2826,1.2862,110526.0,160903.0,EC1 Curncy,Future,CME,USD,0.0,6.25,125000.0,160775,1.2862,1.2934,0.010938269211001635,1957
05/07/2006,1.2858,1.2905,1.2771,1.28,187752.0,167289.0,EC1 Curncy,Future,CME,USD,0.0,6.25,125000.0,160000,1.28,1.2873,0.01086227109458915,1958
06/07/2006,1.2788,1.2847,1.2783,1.2838,151547.0,159531.0,EC1 Curncy,Future,CME,USD,0.0,6.25,125000.0,160475,1.2838,1.2911,0.01094783083533049,1959
07/07/2006,1.2838,1.2925,1.2827,1.2877,162436.0,164816.0,EC1 Curncy,Future,CME,USD,0.0,6.25,125000.0,160963,1.2877,1.295,0.010573000204877897,1960
10/07/2006,1.287,1.2875,1.278,1.2792,101853.0,162041.0,EC1 Curncy,Future,CME,USD,0.0,6.25,125000.0,159900,1.2792,1.2865,0.009767613150902554,1961
11/07/2006,1.2796,1.2837,1.2764,1.2828,111246.0,166587.0,EC1 Curncy,Future,CME,USD,0.0,6.25,125000.0,160350,1.2828,1.2901,0.009662052921904588,1962
12/07/2006,1.2825,1.2837,1.2731,1.2758,148382.0,160128.0,EC1 Curncy,Future,CME,USD,0.0,6.25,125000.0,159475,1.2758,1.2831,0.009524981189781227,1963
13/07/2006,1.2758,1.2785,1.2718,1.275,132068.0,154802.0,EC1 Curncy,Future,CME,USD,0.0,6.25,125000.0,159375,1.275,1.2822,0.009419946921242026,1964
14/07/2006,1.2745,1.276,1.2679,1.2706,142561.0,154235.0,EC1 Curncy,Future,CME,USD,0.0,6.25,125000.0,158825,1.2706,1.2778,0.009311551965113869,1965
17/07/2006,1.269,1.2698,1.2555,1.2576,138706.0,150632.0,EC1 Curncy,Future,CME,USD,0.0,6.25,125000.0,157200,1.2576,1.2647,0.009533881685809657,1966
18/07/2006,1.257,1.2612,1.2524,1.2562,181321.0,151353.0,EC1 Curncy,Future,CME,USD,0.0,6.25,125000.0,157025,1.2562,1.2633,0.009414285244546346,1967
19/07/2006,1.2556,1.2662,1.2503,1.2652,200280.0,144766.0,EC1 Curncy,Future,CME,USD,0.0,6.25,125000.0,158150,1.2652,1.2723,0.009468901731405644,1968
20/07/2006,1.2641,1.2704,1.2636,1.2687,117966.0,148323.0,EC1 Curncy,Future,CME,USD,0.0,6.25,125000.0,158588,1.2687,1.2758,0.009476353025593952,1969
21/07/2006,1.2676,1.2744,1.2674,1.2737,99069.0,147683.0,EC1 Curncy,Future,CME,USD,0.0,6.25,125000.0,159213,1.2737,1.2808,0.009480221516347429,1970
24/07/2006,1.2748,1.2754,1.2655,1.2675,82343.0,140460.0,EC1 Curncy,Future,CME,USD,0.0,6.25,125000.0,158438,1.2675,1.2746,0.00943115934897099,1971
25/07/2006,1.268,1.2718,1.2608,1.2628,124269.0,144847.0,EC1 Curncy,Future,CME,USD,0.0,6.25,125000.0,157850,1.2628,1.2699,0.009546102171341128,1972
26/07/2006,1.2625,1.2764,1.2603,1.2742,139132.0,150258.0,EC1 Curncy,Future,CME,USD,0.0,6.25,125000.0,159275,1.2742,1.2812,0.009550218147544256,1973
27/07/2006,1.2757,1.2815,1.2723,1.2735,165855.0,150233.0,EC1 Curncy,Future,CME,USD,0.0,6.25,125000.0,159188,1.2735,1.2805,0.009454193073217924,1974
28/07/2006,1.2738,1.2813,1.27,1.2792,167131.0,155225.0,EC1 Curncy,Future,CME,USD,0.0,6.25,125000.0,159900,1.2792,1.2861,0.00910215725340301,1975
31/07/2006,1.2806,1.2825,1.2782,1.2813,117101.0,152100.0,EC1 Curncy,Future,CME,USD,0.0,6.25,125000.0,160163,1.2813,1.2882,0.009063455926540379,1976
01/08/2006,1.2809,1.2869,1.276,1.2855,206863.0,155833.0,EC1 Curncy,Future,CME,USD,0.0,6.25,125000.0,160688,1.2855,1.2924,0.009159554210349705,1977
02/08/2006,1.2861,1.2874,1.2813,1.2843,120613.0,161080.0,EC1 Curncy,Future,CME,USD,0.0,6.25,125000.0,160538,1.2843,1.2913,0.00897245785718697,1978
03/08/2006,1.2828,1.2871,1.2777,1.2846,179354.0,165809.0,EC1 Curncy,Future,CME,USD,0.0,6.25,125000.0,160575,1.2846,1.2916,0.009125316432814452,1979
04/08/2006,1.2837,1.2945,1.281,1.2914,182201.0,174805.0,EC1 Curncy,Future,CME,USD,0.0,6.25,125000.0,161425,1.2914,1.2982,0.009465442409047349,1980
07/08/2006,1.2918,1.2926,1.2863,1.2876,84250.0,174238.0,EC1 Curncy,Future,CME,USD,0.0,6.25,125000.0,160950,1.2876,1.2944,0.009576676528541881,1981
08/08/2006,1.2853,1.2928,1.2839,1.2889,131407.0,175601.0,EC1 Curncy,Future,CME,USD,0.0,6.25,125000.0,161113,1.2889,1.2957,0.009704109095240235,1982
09/08/2006,1.2855,1.2937,1.2795,1.2891,126360.0,180968.0,EC1 Curncy,Future,CME,USD,0.0,6.25,125000.0,161138,1.2891,1.2959,0.009999838331975947,1983
10/08/2006,1.2893,1.2943,1.2776,1.2827,183851.0,172294.0,EC1 Curncy,Future,CME,USD,0.0,6.25,125000.0,160338,1.2827,1.2895,0.009971270397112013,1984
11/08/2006,1.2824,1.2828,1.2743,1.2751,137470.0,165542.0,EC1 Curncy,Future,CME,USD,0.0,6.25,125000.0,159388,1.2751,1.2819,0.009723468174078893,1985
14/08/2006,1.2739,1.2791,1.2735,1.2744,89382.0,165778.0,EC1 Curncy,Future,CME,USD,0.0,6.25,125000.0,159300,1.2744,1.2812,0.00971531951776812,1986
15/08/2006,1.2748,1.2832,1.2722,1.2811,148247.0,176277.0,EC1 Curncy,Future,CME,USD,0.0,6.25,125000.0,160138,1.2811,1.2878,0.009673847907235597,1987
16/08/2006,1.2811,1.2892,1.2796,1.2867,109616.0,178818.0,EC1 Curncy,Future,CME,USD,0.0,6.25,125000.0,160838,1.2867,1.2934,0.00989626528876714,1988
17/08/2006,1.2867,1.2911,1.2836,1.285,131245.0,177557.0,EC1 Curncy,Future,CME,USD,0.0,6.25,125000.0,160625,1.285,1.2917,0.010026933728662426,1989
18/08/2006,1.2852,1.2869,1.2803,1.2849,118631.0,177449.0,EC1 Curncy,Future,CME,USD,0.0,6.25,125000.0,160613,1.2849,1.2916,0.010049963515637814,1990
21/08/2006,1.2846,1.2961,1.2846,1.2922,132191.0,180052.0,EC1 Curncy,Future,CME,USD,0.0,6.25,125000.0,161525,1.2922,1.2989,0.00954374664369166,1991
22/08/2006,1.2912,1.2912,1.2805,1.2819,160475.0,172437.0,EC1 Curncy,Future,CME,USD,0.0,6.25,125000.0,160238,1.2819,1.2886,0.00828276322646228,1992
23/08/2006,1.2827,1.288,1.2795,1.2815,144402.0,166365.0,EC1 Curncy,Future,CME,USD,0.0,6.25,125000.0,160188,1.2815,1.2882,0.007684200240252619,1993
24/08/2006,1.2806,1.2877,1.2767,1.2783,157584.0,165737.0,EC1 Curncy,Future,CME,USD,0.0,6.25,125000.0,159788,1.2783,1.285,0.007288602975351024,1994
25/08/2006,1.2782,1.2802,1.274,1.2779,115063.0,162603.0,EC1 Curncy,Future,CME,USD,0.0,6.25,125000.0,159738,1.2779,1.2846,0.007158263290232811,1995
28/08/2006,1.2775,1.2838,1.2771,1.2804,72596.0,164785.0,EC1 Curncy,Future,CME,USD,0.0,6.25,125000.0,160050,1.2804,1.2871,0.0065651224917963975,1996
29/08/2006,1.2801,1.2855,1.2765,1.2849,176752.0,165502.0,EC1 Curncy,Future,CME,USD,0.0,6.25,125000.0,160613,1.2849,1.2916,0.005261406655919178,1997
30/08/2006,1.2845,1.2868,1.2827,1.2846,105041.0,161545.0,EC1 Curncy,Future,CME,USD,0.0,6.25,125000.0,160575,1.2846,1.2912,0.004967225919190774,1998
31/08/2006,1.2848,1.2892,1.2797,1.2823,195291.0,171295.0,EC1 Curncy,Future,CME,USD,0.0,6.25,125000.0,160288,1.2823,1.2889,0.004554733801106781,1999
01/09/2006,1.2819,1.286,1.2766,1.2823,168825.0,165527.0,EC1 Curncy,Future,CME,USD,0.0,6.25,125000.0,160288,1.2823,1.2889,0.004476240982373152,2000
04/09/2006,1.2819,1.286,1.2766,1.2849,168825.0,165527.0,EC1 Curncy,Future,CME,USD,0.0,6.25,125000.0,160613,1.2849,1.2915,0.004458512457342234,2001
05/09/2006,1.2854,1.2882,1.2806,1.2828,126693.0,164055.0,EC1 Curncy,Future,CME,USD,0.0,6.25,125000.0,160350,1.2828,1.2894,0.00444577702232992,2002
06/09/2006,1.2828,1.2842,1.278,1.2824,146233.0,158333.0,EC1 Curncy,Future,CME,USD,0.0,6.25,125000.0,160300,1.2824,1.2889,0.004449408200230371,2003
07/09/2006,1.2814,1.2838,1.2713,1.2742,181305.0,153219.0,EC1 Curncy,Future,CME,USD,0.0,6.25,125000.0,159275,1.2742,1.2807,0.004814993942427526,2004
08/09/2006,1.274,1.2746,1.2658,1.268,174559.0,137883.0,EC1 Curncy,Future,CME,USD,0.0,6.25,125000.0,158500,1.268,1.2745,0.0053760177330083965,2005
11/09/2006,1.2675,1.2746,1.2654,1.2707,117673.0,130666.0,EC1 Curncy,Future,CME,USD,0.0,6.25,125000.0,158838,1.2707,1.2772,0.005715790992122244,2006
12/09/2006,1.2704,1.2741,1.2676,1.2696,159297.0,101069.0,EC1 Curncy,Future,CME,USD,0.0,6.25,125000.0,158700,1.2696,1.2761,0.005970669979069747,2007
13/09/2006,1.2753,1.2787,1.2734,1.2761,125848.0,97672.0,EC1 Curncy,Future,CME,USD,0.0,6.25,125000.0,159513,1.2696,1.2761,0.005772887781024503,2008
14/09/2006,1.2764,1.282,1.2742,1.2789,162606.0,122513.0,EC1 Curncy,Future,CME,USD,0.0,6.25,125000.0,159863,1.2724,1.2789,0.005754207156417801,2009
15/09/2006,1.2791,1.2802,1.2695,1.2725,182878.0,131087.0,EC1 Curncy,Future,CME,USD,0.0,6.25,125000.0,159063,1.266,1.2725,0.005869625200894052,2010
18/09/2006,1.2701,1.2776,1.2696,1.2765,130302.0,132504.0,EC1 Curncy,Future,CME,USD,0.0,6.25,125000.0,159563,1.2679,1.2765,0.0058016721726559094,2011
19/09/2006,1.2769,1.279,1.2714,1.2741,176542.0,130612.0,EC1 Curncy,Future,CME,USD,0.0,6.25,125000.0,159263,1.2741,1.2795,0.005915381080903009,2012
20/09/2006,1.2736,1.2793,1.2727,1.2759,113332.0,132443.0,EC1 Curncy,Future,CME,USD,0.0,6.25,125000.0,159488,1.2759,1.2812,0.005779007988600487,2013
21/09/2006,1.275,1.286,1.2745,1.2847,184713.0,142415.0,EC1 Curncy,Future,CME,USD,0.0,6.25,125000.0,160588,1.2847,1.29,0.005767003843618308,2014
22/09/2006,1.2842,1.2891,1.2838,1.2843,122695.0,137603.0,EC1 Curncy,Future,CME,USD,0.0,6.25,125000.0,160538,1.2843,1.2896,0.0057439301294765505,2015
25/09/2006,1.2846,1.2879,1.279,1.2821,119265.0,138127.0,EC1 Curncy,Future,CME,USD,0.0,6.25,125000.0,160263,1.2821,1.2874,0.005118147451208449,2016
26/09/2006,1.2805,1.282,1.272,1.2757,161182.0,136073.0,EC1 Curncy,Future,CME,USD,0.0,6.25,125000.0,159463,1.2757,1.281,0.005115522130305645,2017
27/09/2006,1.2741,1.2775,1.2728,1.2763,130965.0,139640.0,EC1 Curncy,Future,CME,USD,0.0,6.25,125000.0,159538,1.2763,1.2816,0.005099401925616546,2018
28/09/2006,1.2759,1.2788,1.2732,1.2766,124279.0,142138.0,EC1 Curncy,Future,CME,USD,0.0,6.25,125000.0,159575,1.2766,1.2819,0.005112331496716114,2019
29/09/2006,1.2751,1.2767,1.2692,1.2739,176470.0,142380.0,EC1 Curncy,Future,CME,USD,0.0,6.25,125000.0,159238,1.2739,1.2792,0.005188956221211567,2020
02/10/2006,1.2733,1.2812,1.2715,1.2792,148810.0,142189.0,EC1 Curncy,Future,CME,USD,0.0,6.25,125000.0,159900,1.2792,1.2845,0.005173167952584819,2021
03/10/2006,1.2791,1.2817,1.2772,1.2781,92973.0,141181.0,EC1 Curncy,Future,CME,USD,0.0,6.25,125000.0,159763,1.2781,1.2834,0.004978011651150101,2022
04/10/2006,1.2782,1.2791,1.2719,1.2762,151803.0,141148.0,EC1 Curncy,Future,CME,USD,0.0,6.25,125000.0,159525,1.2762,1.2815,0.004784412189495047,2023
05/10/2006,1.2766,1.2774,1.2719,1.274,147883.0,146841.0,EC1 Curncy,Future,CME,USD,0.0,6.25,125000.0,159250,1.274,1.2793,0.004727402387392539,2024
06/10/2006,1.2739,1.2765,1.262,1.2656,239131.0,145604.0,EC1 Curncy,Future,CME,USD,0.0,6.25,125000.0,158200,1.2656,1.2709,0.005138719036134357,2025
09/10/2006,1.2637,1.2661,1.2633,1.2656,48394.0,147829.0,EC1 Curncy,Future,CME,USD,0.0,6.25,125000.0,158200,1.2656,1.2709,0.005277073052270735,2026
10/10/2006,1.2641,1.2661,1.2564,1.258,146583.0,149352.0,EC1 Curncy,Future,CME,USD,0.0,6.25,125000.0,157250,1.258,1.2633,0.0061562786377547815,2027
11/10/2006,1.2581,1.2603,1.2547,1.2563,126163.0,147539.0,EC1 Curncy,Future,CME,USD,0.0,6.25,125000.0,157038,1.2563,1.2616,0.006967680149496203,2028
12/10/2006,1.2567,1.261,1.256,1.2592,115683.0,144594.0,EC1 Curncy,Future,CME,USD,0.0,6.25,125000.0,157400,1.2592,1.2645,0.007546758686064342,2029
13/10/2006,1.2601,1.2621,1.2526,1.2558,170733.0,151790.0,EC1 Curncy,Future,CME,USD,0.0,6.25,125000.0,156975,1.2558,1.2611,0.008253276117136214,2030
16/10/2006,1.2546,1.2579,1.2532,1.2567,104637.0,152813.0,EC1 Curncy,Future,CME,USD,0.0,6.25,125000.0,157088,1.2567,1.262,0.008843937659909294,2031
17/10/2006,1.2575,1.2608,1.2549,1.2583,144587.0,152563.0,EC1 Curncy,Future,CME,USD,0.0,6.25,125000.0,157288,1.2583,1.2636,0.009254966234353965,2032
18/10/2006,1.2577,1.26,1.254,1.2574,145742.0,153952.0,EC1 Curncy,Future,CME,USD,0.0,6.25,125000.0,157175,1.2574,1.2627,0.00962636483824697,2033
19/10/2006,1.2572,1.2681,1.2571,1.2667,201595.0,152203.0,EC1 Curncy,Future,CME,USD,0.0,6.25,125000.0,158338,1.2667,1.272,0.009511191653294978,2034
20/10/2006,1.2663,1.2678,1.2636,1.2658,104927.0,147415.0,EC1 Curncy,Future,CME,USD,0.0,6.25,125000.0,158225,1.2658,1.2711,0.009543540572853981,2035
23/10/2006,1.2656,1.2658,1.2573,1.2589,123179.0,156956.0,EC1 Curncy,Future,CME,USD,0.0,6.25,125000.0,157363,1.2589,1.2642,0.009701145980366558,2036
24/10/2006,1.2586,1.2614,1.2562,1.2602,109008.0,155697.0,EC1 Curncy,Future,CME,USD,0.0,6.25,125000.0,157525,1.2602,1.2655,0.009819114012936869,2037
25/10/2006,1.2591,1.266,1.259,1.2648,144316.0,157279.0,EC1 Curncy,Future,CME,USD,0.0,6.25,125000.0,158100,1.2648,1.2701,0.009738141506419823,2038
26/10/2006,1.2641,1.2736,1.264,1.2725,163788.0,155748.0,EC1 Curncy,Future,CME,USD,0.0,6.25,125000.0,159063,1.2725,1.2778,0.009177668549204652,2039
27/10/2006,1.2723,1.2784,1.2697,1.2768,182081.0,152455.0,EC1 Curncy,Future,CME,USD,0.0,6.25,125000.0,159600,1.2768,1.2821,0.008731958543136948,2040
30/10/2006,1.2763,1.2772,1.2732,1.2762,111472.0,151574.0,EC1 Curncy,Future,CME,USD,0.0,6.25,125000.0,159525,1.2762,1.2814,0.008397862823305945,2041
31/10/2006,1.275,1.2816,1.2711,1.2796,190506.0,158805.0,EC1 Curncy,Future,CME,USD,0.0,6.25,125000.0,159950,1.2796,1.2848,0.008592589830724086,2042
01/11/2006,1.2798,1.2831,1.2774,1.2807,149764.0,157973.0,EC1 Curncy,Future,CME,USD,0.0,6.25,125000.0,160088,1.2807,1.2859,0.008821341545690677,2043
02/11/2006,1.2786,1.2814,1.2767,1.281,116848.0,161918.0,EC1 Curncy,Future,CME,USD,0.0,6.25,125000.0,160125,1.281,1.2862,0.009046822646601426,2044
03/11/2006,1.2807,1.2824,1.2711,1.2745,217849.0,158438.0,EC1 Curncy,Future,CME,USD,0.0,6.25,125000.0,159313,1.2745,1.2798,0.009064182257603838,2045
06/11/2006,1.2743,1.2754,1.2718,1.2749,92128.0,156561.0,EC1 Curncy,Future,CME,USD,0.0,6.25,125000.0,159363,1.2749,1.2802,0.008880227099145316,2046
07/11/2006,1.2759,1.285,1.275,1.2795,200123.0,173608.0,EC1 Curncy,Future,CME,USD,0.0,6.25,125000.0,159938,1.2795,1.2848,0.008952323720635952,2047
08/11/2006,1.2811,1.2834,1.2773,1.2799,136308.0,173610.0,EC1 Curncy,Future,CME,USD,0.0,6.25,125000.0,159988,1.2799,1.2851,0.00912574563158504,2048
09/11/2006,1.2784,1.2874,1.2775,1.2799,198959.0,176508.0,EC1 Curncy,Future,CME,USD,0.0,6.25,125000.0,159988,1.2799,1.29,0.009361798260255622,2049
10/11/2006,1.2784,1.2874,1.2775,1.2848,198959.0,176508.0,EC1 Curncy,Future,CME,USD,0.0,6.25,125000.0,160600,1.2848,1.2922,0.009911693430777593,2050
13/11/2006,1.2873,1.2903,1.2819,1.2833,146928.0,169066.0,EC1 Curncy,Future,CME,USD,0.0,6.25,125000.0,160413,1.2833,1.2886,0.010286751997871579,2051
14/11/2006,1.2832,1.2895,1.2813,1.2845,222190.0,165988.0,EC1 Curncy,Future,CME,USD,0.0,6.25,125000.0,160563,1.2845,1.2898,0.010399059252277297,2052
15/11/2006,1.2832,1.2857,1.2795,1.2845,170108.0,170445.0,EC1 Curncy,Future,CME,USD,0.0,6.25,125000.0,160563,1.2845,1.2898,0.010297778077447873,2053
16/11/2006,1.2851,1.2863,1.2803,1.2817,168938.0,163595.0,EC1 Curncy,Future,CME,USD,0.0,6.25,125000.0,160213,1.2817,1.2869,0.010127400127,2054
17/11/2006,1.2816,1.2866,1.2782,1.2834,203609.0,174193.0,EC1 Curncy,Future,CME,USD,0.0,6.25,125000.0,160425,1.2834,1.2887,0.009697207501768309,2055
20/11/2006,1.2845,1.287,1.2824,1.2832,113856.0,168760.0,EC1 Curncy,Future,CME,USD,0.0,6.25,125000.0,160400,1.2832,1.2885,0.009177735741038933,2056
21/11/2006,1.2835,1.2873,1.2815,1.2861,126151.0,173413.0,EC1 Curncy,Future,CME,USD,0.0,6.25,125000.0,160763,1.2861,1.2914,0.008754509314195457,2057
22/11/2006,1.2865,1.2975,1.2857,1.2861,213214.0,192049.0,EC1 Curncy,Future,CME,USD,0.0,6.25,125000.0,160763,1.2861,1.2914,0.008063963045487819,2058
23/11/2006,1.2865,1.2975,1.2857,1.2943,213214.0,192049.0,EC1 Curncy,Future,CME,USD,0.0,6.25,125000.0,161788,1.2943,1.2996,0.008449491108876614,2059
24/11/2006,1.2965,1.3125,1.2943,1.3104,232075.0,198623.0,EC1 Curncy,Future,CME,USD,0.0,6.25,125000.0,163800,1.3104,1.3159,0.010225528511148229,2060
27/11/2006,1.3162,1.318,1.3099,1.3142,183794.0,193648.0,EC1 Curncy,Future,CME,USD,0.0,6.25,125000.0,164275,1.3142,1.3197,0.01137259132002418,2061
28/11/2006,1.3147,1.3224,1.3133,1.3204,266111.0,199467.0,EC1 Curncy,Future,CME,USD,0.0,6.25,125000.0,165050,1.3204,1.3259,0.01278786273512007,2062
29/11/2006,1.3208,1.3231,1.3142,1.317,206436.0,203546.0,EC1 Curncy,Future,CME,USD,0.0,6.25,125000.0,164625,1.317,1.3225,0.013638556863988854,2063
30/11/2006,1.3164,1.3286,1.3153,1.326,238314.0,208792.0,EC1 Curncy,Future,CME,USD,0.0,6.25,125000.0,165750,1.326,1.3315,0.015390031405607187,2064
01/12/2006,1.325,1.3359,1.3231,1.3343,273684.0,205684.0,EC1 Curncy,Future,CME,USD,0.0,6.25,125000.0,166788,1.3343,1.3398,0.017636531215979676,2065
04/12/2006,1.337,1.3372,1.3292,1.3337,167825.0,198387.0,EC1 Curncy,Future,CME,USD,0.0,6.25,125000.0,166713,1.3337,1.3392,0.01927032866002919,2066
05/12/2006,1.3349,1.3373,1.3296,1.3337,250131.0,201417.0,EC1 Curncy,Future,CME,USD,0.0,6.25,125000.0,166713,1.3337,1.3392,0.02063201395886646,2067
06/12/2006,1.3325,1.335,1.3263,1.3294,183557.0,196026.0,EC1 Curncy,Future,CME,USD,0.0,6.25,125000.0,166175,1.3294,1.3349,0.02144186947692557,2068
07/12/2006,1.3287,1.3331,1.3281,1.3287,179865.0,198382.0,EC1 Curncy,Future,CME,USD,0.0,6.25,125000.0,166088,1.3287,1.3342,0.02201520080911137,2069
08/12/2006,1.3291,1.337,1.3196,1.3204,360527.0,181712.0,EC1 Curncy,Future,CME,USD,0.0,6.25,125000.0,165050,1.3204,1.3259,0.02175267263270158,2070
11/12/2006,1.3188,1.3269,1.3134,1.3255,232381.0,147382.0,EC1 Curncy,Future,CME,USD,0.0,6.25,125000.0,165688,1.3255,1.331,0.021539952800910894,2071
12/12/2006,1.3252,1.3297,1.3216,1.3278,210964.0,120300.0,EC1 Curncy,Future,CME,USD,0.0,6.25,125000.0,165975,1.3278,1.3333,0.02147332686533354,2072
13/12/2006,1.3345,1.3348,1.325,1.3261,165668.0,140793.0,EC1 Curncy,Future,CME,USD,0.0,6.25,125000.0,165763,1.3206,1.3261,0.021179791468884702,2073
14/12/2006,1.3265,1.331,1.3196,1.3209,229008.0,175322.0,EC1 Curncy,Future,CME,USD,0.0,6.25,125000.0,165113,1.3154,1.3209,0.020557980607672267,2074
15/12/2006,1.3207,1.3243,1.3114,1.3136,287723.0,184881.0,EC1 Curncy,Future,CME,USD,0.0,6.25,125000.0,164200,1.3082,1.3136,0.019954191706641998,2075
18/12/2006,1.3136,1.3173,1.3105,1.3152,149425.0,190170.0,EC1 Curncy,Future,CME,USD,0.0,6.25,125000.0,164400,1.306,1.3152,0.019182849979397683,2076
19/12/2006,1.3153,1.327,1.3137,1.3246,235342.0,192420.0,EC1 Curncy,Future,CME,USD,0.0,6.25,125000.0,165575,1.3246,1.3292,0.018518439459056273,2077
20/12/2006,1.325,1.3297,1.3213,1.323,172314.0,197983.0,EC1 Curncy,Future,CME,USD,0.0,6.25,125000.0,165375,1.323,1.3276,0.017642923982871647,2078
21/12/2006,1.3226,1.3265,1.3191,1.3228,166500.0,195261.0,EC1 Curncy,Future,CME,USD,0.0,6.25,125000.0,165350,1.3228,1.3274,0.016336608175058127,2079
22/12/2006,1.3229,1.3264,1.3157,1.3228,150600.0,187784.0,EC1 Curncy,Future,CME,USD,0.0,6.25,125000.0,165350,1.3228,1.3274,0.014894208046486782,2080
25/12/2006,1.3229,1.3264,1.3157,1.3168,150600.0,187784.0,EC1 Curncy,Future,CME,USD,0.0,6.25,125000.0,164600,1.3168,1.3214,0.013063438801939622,2081
26/12/2006,1.317,1.319,1.3139,1.3149,28377.0,184987.0,EC1 Curncy,Future,CME,USD,0.0,6.25,125000.0,164363,1.3149,1.3195,0.011179724206437898,2082
27/12/2006,1.3151,1.3227,1.3145,1.3171,113521.0,187048.0,EC1 Curncy,Future,CME,USD,0.0,6.25,125000.0,164638,1.3171,1.3217,0.008693823477926028,2083
28/12/2006,1.3172,1.3248,1.3152,1.3193,157067.0,191074.0,EC1 Curncy,Future,CME,USD,0.0,6.25,125000.0,164913,1.3193,1.3239,0.00665138331466949,2084
29/12/2006,1.3196,1.3252,1.3184,1.3193,91805.0,191465.0,EC1 Curncy,Future,CME,USD,0.0,6.25,125000.0,164913,1.3193,1.3239,0.006208931738390631,2085
01/01/2007,1.3196,1.3252,1.3184,1.3236,91805.0,191465.0,EC1 Curncy,Future,CME,USD,0.0,6.25,125000.0,165450,1.3236,1.3282,0.005952050066881023,2086
02/01/2007,1.3319,1.3343,1.331,1.3333,65707.0,189213.0,EC1 Curncy,Future,CME,USD,0.0,6.25,125000.0,166663,1.3333,1.3379,0.006261517387874463,2087
03/01/2007,1.3325,1.3335,1.3191,1.3211,192918.0,187633.0,EC1 Curncy,Future,CME,USD,0.0,6.25,125000.0,165138,1.3211,1.3257,0.006134063362240908,2088
04/01/2007,1.3208,1.3224,1.3117,1.3131,201070.0,176370.0,EC1 Curncy,Future,CME,USD,0.0,6.25,125000.0,164138,1.3131,1.3176,0.006470767599905791,2089
05/01/2007,1.3133,1.3149,1.3023,1.3052,212449.0,174877.0,EC1 Curncy,Future,CME,USD,0.0,6.25,125000.0,163150,1.3052,1.3097,0.00699447877486238,2090
08/01/2007,1.3051,1.3078,1.3013,1.3061,162185.0,183685.0,EC1 Curncy,Future,CME,USD,0.0,6.25,125000.0,163263,1.3061,1.3106,0.007256578624393836,2091
09/01/2007,1.3068,1.3094,1.3026,1.3042,142870.0,181333.0,EC1 Curncy,Future,CME,USD,0.0,6.25,125000.0,163025,1.3042,1.3087,0.007495216252073903,2092
10/01/2007,1.3035,1.3042,1.2969,1.2978,173822.0,180063.0,EC1 Curncy,Future,CME,USD,0.0,6.25,125000.0,162225,1.2978,1.3023,0.008415438194098802,2093
11/01/2007,1.2977,1.3054,1.292,1.2928,296710.0,169651.0,EC1 Curncy,Future,CME,USD,0.0,6.25,125000.0,161600,1.2928,1.2973,0.009588574798445085,2094
12/01/2007,1.2931,1.2982,1.2901,1.2928,179188.0,162944.0,EC1 Curncy,Future,CME,USD,0.0,6.25,125000.0,161600,1.2928,1.2973,0.010714605296761331,2095
15/01/2007,1.2931,1.2982,1.2901,1.296,179188.0,162944.0,EC1 Curncy,Future,CME,USD,0.0,6.25,125000.0,162000,1.296,1.3006,0.011235172450778382,2096
16/01/2007,1.297,1.3026,1.2946,1.2959,214344.0,162669.0,EC1 Curncy,Future,CME,USD,0.0,6.25,125000.0,161988,1.2959,1.3005,0.011506364905219809,2097
17/01/2007,1.2954,1.2987,1.2925,1.2968,130841.0,159329.0,EC1 Curncy,Future,CME,USD,0.0,6.25,125000.0,162100,1.2968,1.3014,0.011664011602592728,2098
18/01/2007,1.2974,1.3013,1.2931,1.2993,224976.0,163978.0,EC1 Curncy,Future,CME,USD,0.0,6.25,125000.0,162413,1.2993,1.3039,0.01180421817256126,2099
19/01/2007,1.2997,1.3035,1.2948,1.2999,171218.0,165783.0,EC1 Curncy,Future,CME,USD,0.0,6.25,125000.0,162488,1.2999,1.3045,0.012018531524223896,2100
22/01/2007,1.2992,1.3016,1.2957,1.2987,130212.0,161891.0,EC1 Curncy,Future,CME,USD,0.0,6.25,125000.0,162338,1.2987,1.3033,0.0122265530710323,2101
23/01/2007,1.2978,1.3077,1.2961,1.3055,149744.0,167447.0,EC1 Curncy,Future,CME,USD,0.0,6.25,125000.0,163188,1.3055,1.3101,0.011887012520622771,2102
24/01/2007,1.3055,1.3069,1.298,1.2994,182751.0,168817.0,EC1 Curncy,Future,CME,USD,0.0,6.25,125000.0,162425,1.2994,1.304,0.011707974490297224,2103
25/01/2007,1.2994,1.3033,1.2944,1.2958,202017.0,170407.0,EC1 Curncy,Future,CME,USD,0.0,6.25,125000.0,161975,1.2958,1.3004,0.011586270610747003,2104
26/01/2007,1.2958,1.2975,1.2901,1.2938,197602.0,170593.0,EC1 Curncy,Future,CME,USD,0.0,6.25,125000.0,161725,1.2938,1.2984,0.01144144513011663,2105
29/01/2007,1.295,1.2997,1.2927,1.2986,107740.0,170349.0,EC1 Curncy,Future,CME,USD,0.0,6.25,125000.0,162325,1.2986,1.3032,0.011326602903436775,2106
30/01/2007,1.2989,1.301,1.2972,1.299,110519.0,171895.0,EC1 Curncy,Future,CME,USD,0.0,6.25,125000.0,162375,1.299,1.3037,0.01122932470508123,2107
31/01/2007,1.2994,1.3065,1.2952,1.3057,245712.0,171573.0,EC1 Curncy,Future,CME,USD,0.0,6.25,125000.0,163213,1.3057,1.3104,0.01094432882054224,2108
01/02/2007,1.3051,1.3084,1.3029,1.3049,160441.0,172908.0,EC1 Curncy,Future,CME,USD,0.0,6.25,125000.0,163113,1.3049,1.3096,0.010504129346697718,2109
02/02/2007,1.3049,1.3092,1.2977,1.2991,237780.0,182042.0,EC1 Curncy,Future,CME,USD,0.0,6.25,125000.0,162388,1.2991,1.3038,0.010040371839005562,2110
05/02/2007,1.2982,1.2992,1.2939,1.2954,124688.0,182044.0,EC1 Curncy,Future,CME,USD,0.0,6.25,125000.0,161925,1.2954,1.3001,0.009193925530778684,2111
06/02/2007,1.2954,1.3016,1.2938,1.3005,125431.0,180036.0,EC1 Curncy,Future,CME,USD,0.0,6.25,125000.0,162563,1.3005,1.3052,0.0064830856849842225,2112
07/02/2007,1.3009,1.3049,1.2996,1.303,140395.0,182146.0,EC1 Curncy,Future,CME,USD,0.0,6.25,125000.0,162875,1.303,1.3077,0.004935460127031648,2113
08/02/2007,1.3037,1.3065,1.2997,1.3061,170366.0,182612.0,EC1 Curncy,Future,CME,USD,0.0,6.25,125000.0,163263,1.3061,1.3108,0.004319810952521115,2114
09/02/2007,1.306,1.3066,1.3005,1.3027,132104.0,177831.0,EC1 Curncy,Future,CME,USD,0.0,6.25,125000.0,162838,1.3027,1.3074,0.004214649056033268,2115
12/02/2007,1.304,1.3058,1.2962,1.2982,122428.0,176621.0,EC1 Curncy,Future,CME,USD,0.0,6.25,125000.0,162275,1.2982,1.3029,0.003996902967572641,2116
13/02/2007,1.2984,1.3065,1.2975,1.3052,164675.0,184016.0,EC1 Curncy,Future,CME,USD,0.0,6.25,125000.0,163150,1.3052,1.3099,0.004052846736002234,2117
14/02/2007,1.3057,1.3172,1.3043,1.3143,213526.0,198738.0,EC1 Curncy,Future,CME,USD,0.0,6.25,125000.0,164288,1.3143,1.319,0.005023053520073139,2118
15/02/2007,1.315,1.3191,1.3136,1.3165,190394.0,194482.0,EC1 Curncy,Future,CME,USD,0.0,6.25,125000.0,164563,1.3165,1.3212,0.005790169830455079,2119
16/02/2007,1.3156,1.3164,1.3111,1.3165,137212.0,194463.0,EC1 Curncy,Future,CME,USD,0.0,6.25,125000.0,164563,1.3165,1.3212,0.00632050367182118,2120
19/02/2007,1.3156,1.3164,1.3111,1.3153,137212.0,194463.0,EC1 Curncy,Future,CME,USD,0.0,6.25,125000.0,164413,1.3153,1.32,0.00673826634470363,2121
20/02/2007,1.3168,1.3207,1.3139,1.3151,132108.0,198072.0,EC1 Curncy,Future,CME,USD,0.0,6.25,125000.0,164388,1.3151,1.3198,0.007025626899584094,2122
21/02/2007,1.3151,1.3181,1.3127,1.3156,156334.0,199624.0,EC1 Curncy,Future,CME,USD,0.0,6.25,125000.0,164450,1.3156,1.3203,0.007289597611127369,2123
22/02/2007,1.3156,1.3157,1.3094,1.3141,141785.0,204731.0,EC1 Curncy,Future,CME,USD,0.0,6.25,125000.0,164263,1.3141,1.3188,0.007476690444228385,2124
23/02/2007,1.314,1.3202,1.3114,1.3178,155406.0,217769.0,EC1 Curncy,Future,CME,USD,0.0,6.25,125000.0,164725,1.3178,1.3225,0.007840520815958438,2125
26/02/2007,1.3186,1.3211,1.3164,1.3196,110004.0,213802.0,EC1 Curncy,Future,CME,USD,0.0,6.25,125000.0,164950,1.3196,1.3243,0.008194607983229267,2126
27/02/2007,1.32,1.3272,1.3173,1.3255,211276.0,215942.0,EC1 Curncy,Future,CME,USD,0.0,6.25,125000.0,165688,1.3255,1.3302,0.009044607970063281,2127
28/02/2007,1.3252,1.3252,1.3192,1.3242,188830.0,213309.0,EC1 Curncy,Future,CME,USD,0.0,6.25,125000.0,165525,1.3242,1.3289,0.009511922343325699,2128
01/03/2007,1.3237,1.325,1.3164,1.3205,235910.0,206660.0,EC1 Curncy,Future,CME,USD,0.0,6.25,125000.0,165063,1.3205,1.3251,0.009463760704152013,2129
02/03/2007,1.3186,1.321,1.3151,1.3199,187576.0,206660.0,EC1 Curncy,Future,CME,USD,0.0,6.25,125000.0,164988,1.3199,1.3245,0.00914110314269807,2130
05/03/2007,1.3212,1.3219,1.3079,1.3107,234569.0,194777.0,EC1 Curncy,Future,CME,USD,0.0,6.25,125000.0,163838,1.3107,1.3153,0.008819754342692379,2131
06/03/2007,1.3092,1.314,1.3089,1.3128,144582.0,187386.0,EC1 Curncy,Future,CME,USD,0.0,6.25,125000.0,164100,1.3128,1.3174,0.008488066132249275,2132
07/03/2007,1.3135,1.3194,1.3117,1.3188,133066.0,193271.0,EC1 Curncy,Future,CME,USD,0.0,6.25,125000.0,164850,1.3188,1.3235,0.008540634246477257,2133
08/03/2007,1.3184,1.3188,1.3121,1.3142,154842.0,193350.0,EC1 Curncy,Future,CME,USD,0.0,6.25,125000.0,164275,1.3142,1.3189,0.008434348423683806,2134
09/03/2007,1.3139,1.3164,1.309,1.3119,171483.0,176340.0,EC1 Curncy,Future,CME,USD,0.0,6.25,125000.0,163988,1.3119,1.3166,0.007991468367291914,2135
12/03/2007,1.3121,1.3205,1.3113,1.3192,195892.0,161379.0,EC1 Curncy,Future,CME,USD,0.0,6.25,125000.0,164900,1.3192,1.3239,0.00724261232788885,2136
13/03/2007,1.3195,1.3226,1.3159,1.3199,161701.0,133874.0,EC1 Curncy,Future,CME,USD,0.0,6.25,125000.0,164988,1.3199,1.3246,0.006815269620400117,2137
14/03/2007,1.3248,1.3296,1.3226,1.3278,191280.0,140464.0,EC1 Curncy,Future,CME,USD,0.0,6.25,125000.0,165975,1.3231,1.3278,0.006905642620259299,2138
15/03/2007,1.3268,1.3301,1.3243,1.3282,202691.0,169770.0,EC1 Curncy,Future,CME,USD,0.0,6.25,125000.0,166025,1.3235,1.3282,0.007091426748692332,2139
16/03/2007,1.3287,1.3391,1.3282,1.3357,184020.0,178262.0,EC1 Curncy,Future,CME,USD,0.0,6.25,125000.0,166963,1.3309,1.3357,0.007535139901293163,2140
19/03/2007,1.3366,1.3373,1.3328,1.3348,121359.0,181095.0,EC1 Curncy,Future,CME,USD,0.0,6.25,125000.0,166850,1.3306,1.3348,0.007176052768204168,2141
20/03/2007,1.3349,1.3369,1.3319,1.3355,142369.0,181062.0,EC1 Curncy,Future,CME,USD,0.0,6.25,125000.0,166938,1.3355,1.3393,0.007311992432438813,2142
21/03/2007,1.3368,1.3436,1.3336,1.3427,162786.0,182320.0,EC1 Curncy,Future,CME,USD,0.0,6.25,125000.0,167838,1.3427,1.3465,0.00847473303406674,2143
22/03/2007,1.343,1.3458,1.3356,1.3377,205050.0,185949.0,EC1 Curncy,Future,CME,USD,0.0,6.25,125000.0,167213,1.3377,1.3415,0.009016512629542357,2144
23/03/2007,1.3376,1.3387,1.3321,1.3334,206621.0,180697.0,EC1 Curncy,Future,CME,USD,0.0,6.25,125000.0,166675,1.3334,1.3373,0.009206016148803243,2145
26/03/2007,1.3336,1.3392,1.3298,1.3374,167734.0,188258.0,EC1 Curncy,Future,CME,USD,0.0,6.25,125000.0,167175,1.3374,1.3413,0.009508329681496152,2146
27/03/2007,1.337,1.3409,1.3366,1.3388,195373.0,191148.0,EC1 Curncy,Future,CME,USD,0.0,6.25,125000.0,167350,1.3388,1.3427,0.009790374524604004,2147
28/03/2007,1.3399,1.3418,1.3351,1.3366,182871.0,191491.0,EC1 Curncy,Future,CME,USD,0.0,6.25,125000.0,167075,1.3366,1.3405,0.009880406536778233,2148
29/03/2007,1.3354,1.3396,1.3343,1.3377,132133.0,197618.0,EC1 Curncy,Future,CME,USD,0.0,6.25,125000.0,167213,1.3377,1.3416,0.009872441440630115,2149
30/03/2007,1.3373,1.3442,1.3328,1.3394,260144.0,203861.0,EC1 Curncy,Future,CME,USD,0.0,6.25,125000.0,167425,1.3394,1.3433,0.01002765675512807,2150
02/04/2007,1.3412,1.3425,1.3372,1.3405,132995.0,202012.0,EC1 Curncy,Future,CME,USD,0.0,6.25,125000.0,167563,1.3405,1.3443,0.010226807908563687,2151
03/04/2007,1.3406,1.3421,1.3359,1.337,117542.0,196504.0,EC1 Curncy,Future,CME,USD,0.0,6.25,125000.0,167125,1.337,1.3408,0.01036031370174948,2152
04/04/2007,1.3367,1.3419,1.3355,1.3404,149189.0,203013.0,EC1 Curncy,Future,CME,USD,0.0,6.25,125000.0,167550,1.3404,1.3442,0.010577216079794071,2153
05/04/2007,1.3408,1.348,1.339,1.3404,146626.0,212040.0,EC1 Curncy,Future,CME,USD,0.0,6.25,125000.0,167550,1.3404,1.3501,0.010639121204246602,2154
06/04/2007,1.3408,1.348,1.339,1.3463,146626.0,212040.0,EC1 Curncy,Future,CME,USD,0.0,6.25,125000.0,168288,1.3463,1.3448,0.010896150696399334,2155
09/04/2007,1.3409,1.3416,1.3377,1.3395,51800.0,204708.0,EC1 Curncy,Future,CME,USD,0.0,6.25,125000.0,167438,1.3395,1.3434,0.010144698122597688,2156
10/04/2007,1.3395,1.3493,1.3387,1.3461,141492.0,210045.0,EC1 Curncy,Future,CME,USD,0.0,6.25,125000.0,168263,1.3461,1.35,0.009657012995674662,2157
11/04/2007,1.3467,1.3478,1.3443,1.3462,108102.0,208253.0,EC1 Curncy,Future,CME,USD,0.0,6.25,125000.0,168275,1.3462,1.3501,0.009460660653391118,2158
12/04/2007,1.3467,1.354,1.3463,1.3516,173176.0,214778.0,EC1 Curncy,Future,CME,USD,0.0,6.25,125000.0,168950,1.3516,1.3555,0.009032594680670697,2159
13/04/2007,1.3522,1.3589,1.3516,1.3573,217549.0,214027.0,EC1 Curncy,Future,CME,USD,0.0,6.25,125000.0,169663,1.3573,1.3613,0.00849379577487417,2160
16/04/2007,1.3585,1.3612,1.3566,1.3582,121450.0,216731.0,EC1 Curncy,Future,CME,USD,0.0,6.25,125000.0,169775,1.3582,1.3622,0.008477709989452449,2161
17/04/2007,1.3564,1.3628,1.3558,1.3599,177688.0,215332.0,EC1 Curncy,Future,CME,USD,0.0,6.25,125000.0,169988,1.3599,1.3639,0.008385994276088347,2162
18/04/2007,1.3606,1.365,1.3589,1.3611,153877.0,209935.0,EC1 Curncy,Future,CME,USD,0.0,6.25,125000.0,170138,1.3611,1.3651,0.008808825120217738,2163
19/04/2007,1.3644,1.3651,1.3592,1.3633,146384.0,221599.0,EC1 Curncy,Future,CME,USD,0.0,6.25,125000.0,170413,1.3633,1.3673,0.009222797840057568,2164
20/04/2007,1.3648,1.3668,1.3616,1.3628,124055.0,215957.0,EC1 Curncy,Future,CME,USD,0.0,6.25,125000.0,170350,1.3628,1.3668,0.009793776935648004,2165
23/04/2007,1.3632,1.3637,1.357,1.3603,103016.0,223508.0,EC1 Curncy,Future,CME,USD,0.0,6.25,125000.0,170038,1.3603,1.3643,0.010014343047111223,2166
24/04/2007,1.3605,1.3673,1.3578,1.3654,159301.0,230049.0,EC1 Curncy,Future,CME,USD,0.0,6.25,125000.0,170675,1.3654,1.3694,0.010482127646549195,2167
25/04/2007,1.3669,1.3695,1.365,1.3671,136143.0,227944.0,EC1 Curncy,Future,CME,USD,0.0,6.25,125000.0,170888,1.3671,1.3711,0.011159722218699934,2168
26/04/2007,1.3672,1.3681,1.3611,1.363,169072.0,224487.0,EC1 Curncy,Future,CME,USD,0.0,6.25,125000.0,170375,1.363,1.367,0.011316187520474317,2169
27/04/2007,1.3622,1.3715,1.3607,1.3669,220301.0,231623.0,EC1 Curncy,Future,CME,USD,0.0,6.25,125000.0,170863,1.3669,1.371,0.01135214810796605,2170
30/04/2007,1.3661,1.3705,1.3615,1.3676,171545.0,236224.0,EC1 Curncy,Future,CME,USD,0.0,6.25,125000.0,170950,1.3676,1.3717,0.01150278516991385,2171
01/05/2007,1.367,1.37,1.3616,1.3645,190303.0,232628.0,EC1 Curncy,Future,CME,USD,0.0,6.25,125000.0,170563,1.3645,1.3685,0.01144679285499586,2172
02/05/2007,1.363,1.3638,1.3583,1.3622,144811.0,231927.0,EC1 Curncy,Future,CME,USD,0.0,6.25,125000.0,170275,1.3622,1.3662,0.011079723221505956,2173
03/05/2007,1.3608,1.3646,1.357,1.3577,171596.0,225285.0,EC1 Curncy,Future,CME,USD,0.0,6.25,125000.0,169713,1.3577,1.3617,0.0105804977828002,2174
04/05/2007,1.3577,1.3634,1.3555,1.3616,174153.0,228789.0,EC1 Curncy,Future,CME,USD,0.0,6.25,125000.0,170200,1.3616,1.3656,0.010176577682690495,2175
07/05/2007,1.3623,1.365,1.3613,1.3625,87388.0,231170.0,EC1 Curncy,Future,CME,USD,0.0,6.25,125000.0,170313,1.3625,1.3665,0.009770707923780587,2176
08/05/2007,1.362,1.3643,1.3537,1.3565,180475.0,220167.0,EC1 Curncy,Future,CME,USD,0.0,6.25,125000.0,169563,1.3565,1.3605,0.008900743414559471,2177
09/05/2007,1.3564,1.3588,1.3541,1.3548,124877.0,222101.0,EC1 Curncy,Future,CME,USD,0.0,6.25,125000.0,169350,1.3548,1.3588,0.008211847132760094,2178
10/05/2007,1.3548,1.3584,1.3484,1.3502,210308.0,219763.0,EC1 Curncy,Future,CME,USD,0.0,6.25,125000.0,168775,1.3502,1.3542,0.007558961568792655,2179
11/05/2007,1.3498,1.3551,1.3482,1.3546,143290.0,218052.0,EC1 Curncy,Future,CME,USD,0.0,6.25,125000.0,169325,1.3546,1.3586,0.007192292170452251,2180
14/05/2007,1.355,1.3578,1.3543,1.3559,86082.0,220500.0,EC1 Curncy,Future,CME,USD,0.0,6.25,125000.0,169488,1.3559,1.3599,0.006050476565126423,2181
15/05/2007,1.356,1.3628,1.3546,1.3609,172362.0,233473.0,EC1 Curncy,Future,CME,USD,0.0,6.25,125000.0,170113,1.3609,1.3649,0.005417231765253668,2182
16/05/2007,1.361,1.3628,1.3521,1.3539,188111.0,218923.0,EC1 Curncy,Future,CME,USD,0.0,6.25,125000.0,169238,1.3539,1.3579,0.004802683277620749,2183
17/05/2007,1.3533,1.356,1.3492,1.3509,129969.0,217408.0,EC1 Curncy,Future,CME,USD,0.0,6.25,125000.0,168863,1.3509,1.3549,0.004855399056562847,2184
18/05/2007,1.3512,1.3538,1.348,1.3522,128734.0,218745.0,EC1 Curncy,Future,CME,USD,0.0,6.25,125000.0,169025,1.3522,1.3562,0.005074199444096841,2185
21/05/2007,1.3532,1.3546,1.3451,1.3483,120067.0,213136.0,EC1 Curncy,Future,CME,USD,0.0,6.25,125000.0,168538,1.3483,1.3523,0.005563712788999391,2186
22/05/2007,1.348,1.349,1.3453,1.3469,82374.0,215038.0,EC1 Curncy,Future,CME,USD,0.0,6.25,125000.0,168363,1.3469,1.3509,0.006093786452757634,2187
23/05/2007,1.3463,1.3516,1.343,1.3471,182684.0,205188.0,EC1 Curncy,Future,CME,USD,0.0,6.25,125000.0,168388,1.3471,1.3511,0.006507091003806283,2188
24/05/2007,1.3469,1.3473,1.3427,1.3445,152865.0,205308.0,EC1 Curncy,Future,CME,USD,0.0,6.25,125000.0,168063,1.3445,1.3485,0.006972907093302061,2189
25/05/2007,1.3442,1.3485,1.3423,1.3445,128796.0,207987.0,EC1 Curncy,Future,CME,USD,0.0,6.25,125000.0,168063,1.3445,1.3485,0.007347335117702715,2190
28/05/2007,1.3442,1.3485,1.3423,1.3462,128796.0,207987.0,EC1 Curncy,Future,CME,USD,0.0,6.25,125000.0,168275,1.3462,1.3502,0.007604158949669031,2191
29/05/2007,1.3459,1.3531,1.343,1.3461,208130.0,209619.0,EC1 Curncy,Future,CME,USD,0.0,6.25,125000.0,168263,1.3461,1.3501,0.007614726959331544,2192
30/05/2007,1.3459,1.3468,1.3416,1.3439,143588.0,207386.0,EC1 Curncy,Future,CME,USD,0.0,6.25,125000.0,167988,1.3439,1.3479,0.007550986690394227,2193
31/05/2007,1.3439,1.3487,1.3432,1.3463,175276.0,205187.0,EC1 Curncy,Future,CME,USD,0.0,6.25,125000.0,168288,1.3463,1.3503,0.0075095894249851665,2194
01/06/2007,1.3462,1.3472,1.34,1.3452,254080.0,200623.0,EC1 Curncy,Future,CME,USD,0.0,6.25,125000.0,168150,1.3452,1.3492,0.007187721010991994,2195
04/06/2007,1.3449,1.3507,1.3439,1.3495,163566.0,200900.0,EC1 Curncy,Future,CME,USD,0.0,6.25,125000.0,168688,1.3495,1.3535,0.006538047618761656,2196
05/06/2007,1.3499,1.3562,1.3496,1.3529,188052.0,206336.0,EC1 Curncy,Future,CME,USD,0.0,6.25,125000.0,169113,1.3529,1.3569,0.0060259383777022816,2197
06/06/2007,1.3526,1.3544,1.3491,1.3512,186888.0,203325.0,EC1 Curncy,Future,CME,USD,0.0,6.25,125000.0,168900,1.3512,1.3552,0.005624019914486014,2198
07/06/2007,1.3505,1.3517,1.3426,1.3437,208718.0,187983.0,EC1 Curncy,Future,CME,USD,0.0,6.25,125000.0,167963,1.3437,1.3477,0.005664532931484573,2199
08/06/2007,1.3431,1.3433,1.3323,1.3366,252774.0,157757.0,EC1 Curncy,Future,CME,USD,0.0,6.25,125000.0,167075,1.3366,1.3406,0.005883190744135492,2200
11/06/2007,1.3363,1.3377,1.3337,1.3361,115648.0,142445.0,EC1 Curncy,Future,CME,USD,0.0,6.25,125000.0,167013,1.3361,1.3401,0.005880198409228244,2201
12/06/2007,1.3361,1.3372,1.3304,1.332,160462.0,127777.0,EC1 Curncy,Future,CME,USD,0.0,6.25,125000.0,166500,1.332,1.336,0.006540341479252586,2202
13/06/2007,1.3346,1.3358,1.3306,1.335,144249.0,133917.0,EC1 Curncy,Future,CME,USD,0.0,6.25,125000.0,166875,1.331,1.335,0.0068460256109102256,2203
14/06/2007,1.3353,1.3366,1.332,1.3348,149297.0,155040.0,EC1 Curncy,Future,CME,USD,0.0,6.25,125000.0,166850,1.3308,1.3348,0.007226843478673389,2204
15/06/2007,1.3349,1.3431,1.3346,1.3419,206985.0,178712.0,EC1 Curncy,Future,CME,USD,0.0,6.25,125000.0,167738,1.3379,1.3419,0.00706871039619311,2205
18/06/2007,1.3432,1.346,1.3417,1.3453,128075.0,180367.0,EC1 Curncy,Future,CME,USD,0.0,6.25,125000.0,168163,1.3402,1.3453,0.006752214451465946,2206
19/06/2007,1.3454,1.3478,1.3424,1.3464,122960.0,182390.0,EC1 Curncy,Future,CME,USD,0.0,6.25,125000.0,168300,1.3464,1.3497,0.005942788346552823,2207
20/06/2007,1.3464,1.3478,1.3435,1.3458,112842.0,183673.0,EC1 Curncy,Future,CME,USD,0.0,6.25,125000.0,168225,1.3458,1.3491,0.00564237834002,2208
21/06/2007,1.344,1.3446,1.341,1.3427,137897.0,188067.0,EC1 Curncy,Future,CME,USD,0.0,6.25,125000.0,167838,1.3427,1.346,0.005493138143653692,2209
22/06/2007,1.3427,1.3509,1.3418,1.3503,179634.0,191092.0,EC1 Curncy,Future,CME,USD,0.0,6.25,125000.0,168788,1.3503,1.3536,0.0053900773029642605,2210
25/06/2007,1.3505,1.3512,1.3477,1.3503,133550.0,180687.0,EC1 Curncy,Future,CME,USD,0.0,6.25,125000.0,168788,1.3503,1.3536,0.00546884509428299,2211
26/06/2007,1.3501,1.3516,1.3468,1.3504,140360.0,182290.0,EC1 Curncy,Future,CME,USD,0.0,6.25,125000.0,168800,1.3504,1.3537,0.005584212865921985,2212
27/06/2007,1.3493,1.3497,1.3452,1.3482,134165.0,179511.0,EC1 Curncy,Future,CME,USD,0.0,6.25,125000.0,168525,1.3482,1.3515,0.005611069416661584,2213
28/06/2007,1.3488,1.3518,1.3459,1.3468,137082.0,185905.0,EC1 Curncy,Future,CME,USD,0.0,6.25,125000.0,168350,1.3468,1.3501,0.005631731527567183,2214
29/06/2007,1.3481,1.3577,1.3465,1.3568,174475.0,195053.0,EC1 Curncy,Future,CME,USD,0.0,6.25,125000.0,169600,1.3568,1.3601,0.006146901658444695,2215
02/07/2007,1.3572,1.3673,1.3563,1.3659,202550.0,200831.0,EC1 Curncy,Future,CME,USD,0.0,6.25,125000.0,170738,1.3659,1.3692,0.007437566806327418,2216
03/07/2007,1.3664,1.367,1.3618,1.3659,129468.0,193268.0,EC1 Curncy,Future,CME,USD,0.0,6.25,125000.0,170738,1.3659,1.3692,0.008458924281406977,2217
04/07/2007,1.3664,1.367,1.3618,1.3653,17785.0,193268.0,EC1 Curncy,Future,CME,USD,0.0,6.25,125000.0,170663,1.3653,1.3686,0.009226877405993641,2218
05/07/2007,1.365,1.3693,1.3611,1.3632,188593.0,197482.0,EC1 Curncy,Future,CME,USD,0.0,6.25,125000.0,170400,1.3632,1.3665,0.009746466026132928,2219
06/07/2007,1.3626,1.3674,1.3601,1.3653,152015.0,206446.0,EC1 Curncy,Future,CME,USD,0.0,6.25,125000.0,170663,1.3653,1.3686,0.010310994132408201,2220
09/07/2007,1.3661,1.3671,1.3642,1.3654,86956.0,202884.0,EC1 Curncy,Future,CME,USD,0.0,6.25,125000.0,170675,1.3654,1.3687,0.010827492784506974,2221
10/07/2007,1.3659,1.378,1.3626,1.3761,250146.0,221872.0,EC1 Curncy,Future,CME,USD,0.0,6.25,125000.0,172013,1.3761,1.3794,0.012053356378973559,2222
11/07/2007,1.3798,1.3812,1.3762,1.3793,196278.0,222803.0,EC1 Curncy,Future,CME,USD,0.0,6.25,125000.0,172413,1.3793,1.3826,0.013364505228347685,2223
12/07/2007,1.3775,1.3828,1.3772,1.3813,143744.0,227507.0,EC1 Curncy,Future,CME,USD,0.0,6.25,125000.0,172663,1.3813,1.3846,0.014507575032783826,2224
13/07/2007,1.3819,1.3844,1.3793,1.3817,185249.0,215084.0,EC1 Curncy,Future,CME,USD,0.0,6.25,125000.0,172713,1.3817,1.385,0.015161720438827856,2225
16/07/2007,1.3815,1.3832,1.3788,1.3811,118473.0,220351.0,EC1 Curncy,Future,CME,USD,0.0,6.25,125000.0,172638,1.3811,1.3844,0.015505572116666805,2226
17/07/2007,1.3802,1.3828,1.3786,1.3811,132860.0,219453.0,EC1 Curncy,Future,CME,USD,0.0,6.25,125000.0,172638,1.3811,1.3843,0.015357086312138508,2227
18/07/2007,1.381,1.3863,1.378,1.3823,181818.0,224177.0,EC1 Curncy,Future,CME,USD,0.0,6.25,125000.0,172788,1.3823,1.3856,0.015234940104852941,2228
19/07/2007,1.3831,1.3858,1.3813,1.3832,139274.0,226222.0,EC1 Curncy,Future,CME,USD,0.0,6.25,125000.0,172900,1.3832,1.3865,0.014898713590948272,2229
20/07/2007,1.3826,1.387,1.3806,1.3847,144875.0,231880.0,EC1 Curncy,Future,CME,USD,0.0,6.25,125000.0,173088,1.3847,1.388,0.014894403870752677,2230
23/07/2007,1.3859,1.3871,1.382,1.3829,126109.0,227613.0,EC1 Curncy,Future,CME,USD,0.0,6.25,125000.0,172863,1.3829,1.3862,0.01480536164136987,2231
24/07/2007,1.3833,1.3878,1.3824,1.3853,139782.0,223838.0,EC1 Curncy,Future,CME,USD,0.0,6.25,125000.0,173163,1.3853,1.3886,0.014736890219165409,2232
25/07/2007,1.3851,1.3854,1.372,1.3732,248699.0,214736.0,EC1 Curncy,Future,CME,USD,0.0,6.25,125000.0,171650,1.3732,1.3765,0.0140792139931552,2233
26/07/2007,1.3748,1.3795,1.3715,1.3763,247397.0,226009.0,EC1 Curncy,Future,CME,USD,0.0,6.25,125000.0,172038,1.3763,1.3795,0.013098407027766611,2234
27/07/2007,1.3761,1.3776,1.3647,1.367,233544.0,216144.0,EC1 Curncy,Future,CME,USD,0.0,6.25,125000.0,170875,1.367,1.3701,0.012479449774130272,2235
30/07/2007,1.3636,1.3728,1.3631,1.371,144036.0,216144.0,EC1 Curncy,Future,CME,USD,0.0,6.25,125000.0,171375,1.371,1.3741,0.01175894411352623,2236
31/07/2007,1.372,1.3749,1.3701,1.3711,161842.0,212308.0,EC1 Curncy,Future,CME,USD,0.0,6.25,125000.0,171388,1.3711,1.3742,0.0109340324978951,2237
01/08/2007,1.37,1.3732,1.3659,1.3679,195666.0,212229.0,EC1 Curncy,Future,CME,USD,0.0,6.25,125000.0,170988,1.3679,1.371,0.009796873650899365,2238
02/08/2007,1.3696,1.3726,1.3671,1.3712,136156.0,214719.0,EC1 Curncy,Future,CME,USD,0.0,6.25,125000.0,171400,1.3712,1.3743,0.008180362665045958,2239
03/08/2007,1.3722,1.3839,1.3703,1.3821,198574.0,219854.0,EC1 Curncy,Future,CME,USD,0.0,6.25,125000.0,172763,1.3821,1.3851,0.0075314297003735665,2240
06/08/2007,1.3819,1.386,1.3796,1.3818,177660.0,222003.0,EC1 Curncy,Future,CME,USD,0.0,6.25,125000.0,172725,1.3818,1.3847,0.007419766393334985,2241
07/08/2007,1.3814,1.3835,1.3754,1.3779,159381.0,224424.0,EC1 Curncy,Future,CME,USD,0.0,6.25,125000.0,172238,1.3779,1.3809,0.007161349965729843,2242
08/08/2007,1.376,1.3845,1.3739,1.3816,170989.0,226836.0,EC1 Curncy,Future,CME,USD,0.0,6.25,125000.0,172700,1.3816,1.3846,0.006892266197097496,2243
09/08/2007,1.3813,1.3835,1.3672,1.3703,278443.0,222602.0,EC1 Curncy,Future,CME,USD,0.0,6.25,125000.0,171288,1.3703,1.3733,0.006450974086522392,2244
10/08/2007,1.3698,1.3725,1.3661,1.3716,179836.0,218411.0,EC1 Curncy,Future,CME,USD,0.0,6.25,125000.0,171450,1.3716,1.3746,0.0060944291500501565,2245
13/08/2007,1.3706,1.3728,1.3622,1.3638,154249.0,216533.0,EC1 Curncy,Future,CME,USD,0.0,6.25,125000.0,170475,1.3638,1.3668,0.006229280322127776,2246
14/08/2007,1.3626,1.3644,1.3546,1.3558,178334.0,214017.0,EC1 Curncy,Future,CME,USD,0.0,6.25,125000.0,169475,1.3558,1.3588,0.007540833287176489,2247
15/08/2007,1.3551,1.3553,1.3451,1.3478,213781.0,211204.0,EC1 Curncy,Future,CME,USD,0.0,6.25,125000.0,168475,1.3478,1.3506,0.009405804945085779,2248
16/08/2007,1.3439,1.3461,1.337,1.3419,260416.0,213628.0,EC1 Curncy,Future,CME,USD,0.0,6.25,125000.0,167738,1.3419,1.3446,0.011390664305986764,2249
17/08/2007,1.3438,1.3559,1.3383,1.3488,302914.0,211972.0,EC1 Curncy,Future,CME,USD,0.0,6.25,125000.0,168600,1.3488,1.3513,0.01225740320507133,2250
20/08/2007,1.3504,1.3522,1.3472,1.3494,124404.0,207485.0,EC1 Curncy,Future,CME,USD,0.0,6.25,125000.0,168675,1.3494,1.3517,0.012906587465258624,2251
21/08/2007,1.3488,1.3533,1.3469,1.348,144729.0,209941.0,EC1 Curncy,Future,CME,USD,0.0,6.25,125000.0,168500,1.348,1.3503,0.013490499125868152,2252
22/08/2007,1.3475,1.3563,1.3462,1.3544,151463.0,213730.0,EC1 Curncy,Future,CME,USD,0.0,6.25,125000.0,169300,1.3544,1.3567,0.013539356213094447,2253
23/08/2007,1.3559,1.3599,1.3546,1.3568,128232.0,211470.0,EC1 Curncy,Future,CME,USD,0.0,6.25,125000.0,169600,1.3568,1.3591,0.0133620569773171,2254
24/08/2007,1.3577,1.3694,1.3563,1.3682,148872.0,214518.0,EC1 Curncy,Future,CME,USD,0.0,6.25,125000.0,171025,1.3682,1.3707,0.012865265899509204,2255
27/08/2007,1.3683,1.3695,1.3644,1.3662,83428.0,214195.0,EC1 Curncy,Future,CME,USD,0.0,6.25,125000.0,170775,1.3662,1.3687,0.012411596727727936,2256
28/08/2007,1.3653,1.3691,1.361,1.3642,129318.0,214903.0,EC1 Curncy,Future,CME,USD,0.0,6.25,125000.0,170525,1.3642,1.3667,0.011742150569568625,2257
29/08/2007,1.3613,1.3692,1.3572,1.367,168740.0,220237.0,EC1 Curncy,Future,CME,USD,0.0,6.25,125000.0,170875,1.367,1.3696,0.011629584400646324,2258
30/08/2007,1.3686,1.3686,1.3602,1.3647,169905.0,223758.0,EC1 Curncy,Future,CME,USD,0.0,6.25,125000.0,170588,1.3647,1.3677,0.011383943370602896,2259
31/08/2007,1.3641,1.373,1.363,1.3647,189816.0,218166.0,EC1 Curncy,Future,CME,USD,0.0,6.25,125000.0,170588,1.3647,1.3677,0.011371511186517577,2260
03/09/2007,1.3641,1.373,1.363,1.3647,189816.0,218166.0,EC1 Curncy,Future,CME,USD,0.0,6.25,125000.0,170588,1.3647,1.3684,0.011286986606933513,2261
04/09/2007,1.3641,1.3664,1.3559,1.3619,192186.0,213184.0,EC1 Curncy,Future,CME,USD,0.0,6.25,125000.0,170238,1.3619,1.3656,0.011198062332315933,2262
05/09/2007,1.3614,1.368,1.3576,1.366,168246.0,207122.0,EC1 Curncy,Future,CME,USD,0.0,6.25,125000.0,170750,1.366,1.3696,0.011174849737920432,2263
06/09/2007,1.3655,1.3716,1.364,1.3691,154470.0,198770.0,EC1 Curncy,Future,CME,USD,0.0,6.25,125000.0,171138,1.3691,1.3727,0.011123365797504866,2264
07/09/2007,1.3696,1.3804,1.3668,1.3773,192392.0,193361.0,EC1 Curncy,Future,CME,USD,0.0,6.25,125000.0,172163,1.3773,1.3805,0.010827283438845713,2265
10/09/2007,1.3783,1.382,1.3771,1.3809,107238.0,181410.0,EC1 Curncy,Future,CME,USD,0.0,6.25,125000.0,172613,1.3809,1.3842,0.010764718605941496,2266
11/09/2007,1.3808,1.3852,1.3782,1.3836,125226.0,172423.0,EC1 Curncy,Future,CME,USD,0.0,6.25,125000.0,172950,1.3836,1.387,0.011140209453376593,2267
12/09/2007,1.3841,1.3918,1.3827,1.3911,141825.0,148920.0,EC1 Curncy,Future,CME,USD,0.0,6.25,125000.0,173888,1.3911,1.3947,0.011916603263168778,2268
13/09/2007,1.3944,1.3964,1.3898,1.3919,191879.0,158762.0,EC1 Curncy,Future,CME,USD,0.0,6.25,125000.0,173988,1.3886,1.3919,0.013120115599024167,2269
14/09/2007,1.3905,1.393,1.3875,1.3907,179607.0,186871.0,EC1 Curncy,Future,CME,USD,0.0,6.25,125000.0,173838,1.3875,1.3907,0.014055813743729596,2270
17/09/2007,1.3906,1.3921,1.3881,1.3899,111679.0,191317.0,EC1 Curncy,Future,CME,USD,0.0,6.25,125000.0,173738,1.3875,1.3899,0.0148659005781153,2271
18/09/2007,1.3894,1.4013,1.3859,1.3998,164059.0,202310.0,EC1 Curncy,Future,CME,USD,0.0,6.25,125000.0,174975,1.3998,1.401,0.01608834982210398,2272
19/09/2007,1.4009,1.4011,1.3957,1.3982,141168.0,195059.0,EC1 Curncy,Future,CME,USD,0.0,6.25,125000.0,174775,1.3982,1.3992,0.016555645562718973,2273
20/09/2007,1.3985,1.4119,1.3983,1.4097,193325.0,205806.0,EC1 Curncy,Future,CME,USD,0.0,6.25,125000.0,176213,1.4097,1.4107,0.01723582315987123,2274
21/09/2007,1.4088,1.414,1.4061,1.4102,114373.0,200930.0,EC1 Curncy,Future,CME,USD,0.0,6.25,125000.0,176275,1.4102,1.4112,0.01798884098540904,2275
24/09/2007,1.4112,1.4152,1.4087,1.4107,97456.0,201347.0,EC1 Curncy,Future,CME,USD,0.0,6.25,125000.0,176338,1.4107,1.4118,0.018448678362734953,2276
25/09/2007,1.41,1.4176,1.4081,1.4164,133630.0,208293.0,EC1 Curncy,Future,CME,USD,0.0,6.25,125000.0,177050,1.4164,1.4175,0.018881708962157594,2277
26/09/2007,1.4167,1.4183,1.4133,1.4155,115732.0,207354.0,EC1 Curncy,Future,CME,USD,0.0,6.25,125000.0,176938,1.4155,1.4165,0.01928143061769368,2278
27/09/2007,1.4151,1.4214,1.4146,1.4182,155508.0,209858.0,EC1 Curncy,Future,CME,USD,0.0,6.25,125000.0,177275,1.4182,1.419,0.01968793454542438,2279
28/09/2007,1.4167,1.43,1.4166,1.4293,185998.0,209615.0,EC1 Curncy,Future,CME,USD,0.0,6.25,125000.0,178663,1.4293,1.4303,0.02117038576246455,2280
01/10/2007,1.4292,1.4302,1.4231,1.426,139039.0,209987.0,EC1 Curncy,Future,CME,USD,0.0,6.25,125000.0,178250,1.426,1.4271,0.021959313134329646,2281
02/10/2007,1.4252,1.426,1.416,1.4175,167039.0,212931.0,EC1 Curncy,Future,CME,USD,0.0,6.25,125000.0,177188,1.4175,1.4187,0.021890028171099404,2282
03/10/2007,1.4171,1.4222,1.4105,1.4126,161489.0,208935.0,EC1 Curncy,Future,CME,USD,0.0,6.25,125000.0,176575,1.4126,1.4138,0.021565429124678022,2283
04/10/2007,1.4111,1.417,1.4087,1.4137,170040.0,211912.0,EC1 Curncy,Future,CME,USD,0.0,6.25,125000.0,176713,1.4137,1.4149,0.020969852963993223,2284
05/10/2007,1.4153,1.4177,1.4051,1.4137,214433.0,205691.0,EC1 Curncy,Future,CME,USD,0.0,6.25,125000.0,176713,1.4137,1.4149,0.020159325385492102,2285
08/10/2007,1.4153,1.4177,1.4051,1.4158,97522.0,200617.0,EC1 Curncy,Future,CME,USD,0.0,6.25,125000.0,176975,1.4158,1.4173,0.019172361183001523,2286
09/10/2007,1.4072,1.4134,1.4033,1.4119,168708.0,202686.0,EC1 Curncy,Future,CME,USD,0.0,6.25,125000.0,176488,1.4119,1.4136,0.01752748603379223,2287
10/10/2007,1.4122,1.4193,1.4114,1.415,150990.0,201891.0,EC1 Curncy,Future,CME,USD,0.0,6.25,125000.0,176875,1.415,1.4167,0.015958334290628002,2288
11/10/2007,1.4163,1.4262,1.4154,1.4232,230395.0,209826.0,EC1 Curncy,Future,CME,USD,0.0,6.25,125000.0,177900,1.4232,1.4249,0.01458873195305485,2289
12/10/2007,1.4219,1.4233,1.4172,1.4192,174452.0,202418.0,EC1 Curncy,Future,CME,USD,0.0,6.25,125000.0,177400,1.4192,1.4209,0.01345573979130854,2290
15/10/2007,1.4195,1.4262,1.418,1.4217,138907.0,204101.0,EC1 Curncy,Future,CME,USD,0.0,6.25,125000.0,177713,1.4217,1.4234,0.012444409722095776,2291
16/10/2007,1.4233,1.4245,1.4162,1.4183,182068.0,206615.0,EC1 Curncy,Future,CME,USD,0.0,6.25,125000.0,177288,1.4183,1.42,0.011278627280453113,2292
17/10/2007,1.4191,1.425,1.4175,1.4204,172840.0,219400.0,EC1 Curncy,Future,CME,USD,0.0,6.25,125000.0,177550,1.4204,1.4218,0.010604244433152193,2293
18/10/2007,1.4229,1.4327,1.4214,1.4311,151039.0,223781.0,EC1 Curncy,Future,CME,USD,0.0,6.25,125000.0,178888,1.4311,1.4323,0.01034477001507016,2294
19/10/2007,1.4304,1.434,1.4259,1.4311,169465.0,217288.0,EC1 Curncy,Future,CME,USD,0.0,6.25,125000.0,178888,1.4311,1.4321,0.009697030473192135,2295
22/10/2007,1.4347,1.4363,1.4139,1.4171,276091.0,196967.0,EC1 Curncy,Future,CME,USD,0.0,6.25,125000.0,177138,1.4171,1.4181,0.008090381119865467,2296
23/10/2007,1.419,1.4294,1.4184,1.4264,178220.0,192890.0,EC1 Curncy,Future,CME,USD,0.0,6.25,125000.0,178300,1.4264,1.4274,0.007510086550633135,2297
24/10/2007,1.4267,1.4282,1.4201,1.4269,165903.0,194443.0,EC1 Curncy,Future,CME,USD,0.0,6.25,125000.0,178363,1.4269,1.4276,0.006532475283636761,2298
25/10/2007,1.4273,1.4356,1.4259,1.433,166297.0,201838.0,EC1 Curncy,Future,CME,USD,0.0,6.25,125000.0,179125,1.433,1.4337,0.006826082331614849,2299
26/10/2007,1.4339,1.4407,1.4327,1.4396,120854.0,197943.0,EC1 Curncy,Future,CME,USD,0.0,6.25,125000.0,179950,1.4396,1.4403,0.0075933918638494404,2300
29/10/2007,1.4418,1.4448,1.4388,1.4435,120050.0,199330.0,EC1 Curncy,Future,CME,USD,0.0,6.25,125000.0,180438,1.4435,1.4442,0.00852152568487383,2301
30/10/2007,1.4434,1.4452,1.4385,1.4445,115856.0,195911.0,EC1 Curncy,Future,CME,USD,0.0,6.25,125000.0,180563,1.4445,1.4452,0.009509071107699673,2302
31/10/2007,1.4449,1.4517,1.4428,1.451,184974.0,202786.0,EC1 Curncy,Future,CME,USD,0.0,6.25,125000.0,181375,1.451,1.4517,0.010836878394227636,2303
01/11/2007,1.449,1.4493,1.4413,1.4469,177741.0,207333.0,EC1 Curncy,Future,CME,USD,0.0,6.25,125000.0,180863,1.4469,1.4478,0.011598860576134287,2304
02/11/2007,1.4428,1.4537,1.4428,1.4507,210814.0,212733.0,EC1 Curncy,Future,CME,USD,0.0,6.25,125000.0,181338,1.4507,1.4516,0.012600784367038261,2305
05/11/2007,1.4526,1.4533,1.4452,1.4479,127734.0,212781.0,EC1 Curncy,Future,CME,USD,0.0,6.25,125000.0,180988,1.4479,1.4489,0.013283289000266048,2306
06/11/2007,1.4483,1.458,1.4477,1.4563,146701.0,214039.0,EC1 Curncy,Future,CME,USD,0.0,6.25,125000.0,182038,1.4563,1.4574,0.014270861922039257,2307
07/11/2007,1.4572,1.4739,1.4563,1.4678,250189.0,219149.0,EC1 Curncy,Future,CME,USD,0.0,6.25,125000.0,183475,1.4678,1.4689,0.015776663145224745,2308
08/11/2007,1.4636,1.4712,1.4628,1.4676,213434.0,218121.0,EC1 Curncy,Future,CME,USD,0.0,6.25,125000.0,183450,1.4676,1.4685,0.016890931491914302,2309
09/11/2007,1.4683,1.476,1.4637,1.4676,220003.0,213502.0,EC1 Curncy,Future,CME,USD,0.0,6.25,125000.0,183450,1.4676,1.4685,0.01766408786203971,2310
12/11/2007,1.4677,1.4686,1.4533,1.4562,164425.0,212151.0,EC1 Curncy,Future,CME,USD,0.0,6.25,125000.0,182025,1.4562,1.4571,0.01760796410712622,2311
13/11/2007,1.4541,1.464,1.4528,1.4605,148962.0,214707.0,EC1 Curncy,Future,CME,USD,0.0,6.25,125000.0,182563,1.4605,1.4614,0.017356843030857577,2312
14/11/2007,1.4624,1.4734,1.462,1.4664,213535.0,224128.0,EC1 Curncy,Future,CME,USD,0.0,6.25,125000.0,183300,1.4664,1.4675,0.017397760392202203,2313
15/11/2007,1.4656,1.4712,1.4612,1.4621,186648.0,216215.0,EC1 Curncy,Future,CME,USD,0.0,6.25,125000.0,182763,1.4621,1.4635,0.017442049764801192,2314
16/11/2007,1.4625,1.4681,1.4589,1.4665,170714.0,221569.0,EC1 Curncy,Future,CME,USD,0.0,6.25,125000.0,183313,1.4665,1.4678,0.017323228144059073,2315
19/11/2007,1.4674,1.4696,1.4629,1.4674,114413.0,218640.0,EC1 Curncy,Future,CME,USD,0.0,6.25,125000.0,183425,1.4674,1.4687,0.01718993213088521,2316
20/11/2007,1.4675,1.4862,1.4642,1.4821,198574.0,221308.0,EC1 Curncy,Future,CME,USD,0.0,6.25,125000.0,185263,1.4821,1.4834,0.01753473410114201,2317
21/11/2007,1.4845,1.4879,1.4782,1.4821,122343.0,214582.0,EC1 Curncy,Future,CME,USD,0.0,6.25,125000.0,185263,1.4821,1.4834,0.017650470248628862,2318
22/11/2007,1.4845,1.4879,1.4782,1.4849,28187.0,214582.0,EC1 Curncy,Future,CME,USD,0.0,6.25,125000.0,185613,1.4849,1.486,0.01830289321385323,2319
23/11/2007,1.4857,1.4977,1.4786,1.4838,168393.0,214256.0,EC1 Curncy,Future,CME,USD,0.0,6.25,125000.0,185475,1.4838,1.4848,0.018606542756004676,2320
26/11/2007,1.4835,1.4893,1.481,1.4872,150736.0,214945.0,EC1 Curncy,Future,CME,USD,0.0,6.25,125000.0,185900,1.4872,1.4883,0.01777085816717,2321
27/11/2007,1.4871,1.4918,1.4815,1.4852,169397.0,210234.0,EC1 Curncy,Future,CME,USD,0.0,6.25,125000.0,185650,1.4852,1.4863,0.01719175965390548,2322
28/11/2007,1.4837,1.4868,1.4719,1.4864,218114.0,212038.0,EC1 Curncy,Future,CME,USD,0.0,6.25,125000.0,185800,1.4864,1.4876,0.01635701480499929,2323
29/11/2007,1.4841,1.4851,1.4728,1.4758,162056.0,207524.0,EC1 Curncy,Future,CME,USD,0.0,6.25,125000.0,184475,1.4758,1.477,0.015234336217821205,2324
30/11/2007,1.4754,1.479,1.4633,1.4643,203176.0,202395.0,EC1 Curncy,Future,CME,USD,0.0,6.25,125000.0,183038,1.4643,1.4655,0.014275687957652957,2325
03/12/2007,1.4656,1.4714,1.4624,1.4676,128454.0,202723.0,EC1 Curncy,Future,CME,USD,0.0,6.25,125000.0,183450,1.4676,1.4687,0.013470805469518267,2326
04/12/2007,1.4673,1.4774,1.464,1.477,160513.0,211349.0,EC1 Curncy,Future,CME,USD,0.0,6.25,125000.0,184625,1.477,1.4781,0.01274219107261092,2327
05/12/2007,1.4769,1.4774,1.4596,1.462,202661.0,206099.0,EC1 Curncy,Future,CME,USD,0.0,6.25,125000.0,182750,1.462,1.463,0.012296575403918571,2328
06/12/2007,1.462,1.4656,1.4527,1.4637,200007.0,206149.0,EC1 Curncy,Future,CME,USD,0.0,6.25,125000.0,182963,1.4637,1.4647,0.011476348141471205,2329
07/12/2007,1.4642,1.4677,1.4601,1.4657,131279.0,202601.0,EC1 Curncy,Future,CME,USD,0.0,6.25,125000.0,183213,1.4657,1.4668,0.010822502791140533,2330
10/12/2007,1.466,1.4738,1.4642,1.4714,110404.0,193531.0,EC1 Curncy,Future,CME,USD,0.0,6.25,125000.0,183925,1.4714,1.4726,0.00977835534897885,2331
11/12/2007,1.4721,1.4752,1.4641,1.4675,160639.0,175379.0,EC1 Curncy,Future,CME,USD,0.0,6.25,125000.0,183438,1.4675,1.4685,0.009317551538050802,2332
12/12/2007,1.4669,1.4759,1.4661,1.4727,134992.0,156960.0,EC1 Curncy,Future,CME,USD,0.0,6.25,125000.0,184088,1.472,1.4727,0.009286823999493292,2333
13/12/2007,1.472,1.4745,1.4586,1.4631,191977.0,132057.0,EC1 Curncy,Future,CME,USD,0.0,6.25,125000.0,182888,1.4622,1.4631,0.009413320349247972,2334
14/12/2007,1.4631,1.4667,1.4423,1.4435,236886.0,149519.0,EC1 Curncy,Future,CME,USD,0.0,6.25,125000.0,180438,1.4424,1.4435,0.01094586984502558,2335
17/12/2007,1.4402,1.4465,1.4342,1.4407,154876.0,153056.0,EC1 Curncy,Future,CME,USD,0.0,6.25,125000.0,180088,1.4383,1.4407,0.012166644292117341,2336
18/12/2007,1.4423,1.445,1.4379,1.442,116355.0,148267.0,EC1 Curncy,Future,CME,USD,0.0,6.25,125000.0,180250,1.442,1.4417,0.013279246966510715,2337
19/12/2007,1.4421,1.4437,1.4338,1.4394,114918.0,148429.0,EC1 Curncy,Future,CME,USD,0.0,6.25,125000.0,179925,1.4394,1.439,0.014556696053623999,2338
20/12/2007,1.4387,1.4405,1.4323,1.4336,115898.0,159247.0,EC1 Curncy,Future,CME,USD,0.0,6.25,125000.0,179200,1.4336,1.4332,0.01608693258510154,2339
21/12/2007,1.4334,1.4422,1.4331,1.437,95551.0,158273.0,EC1 Curncy,Future,CME,USD,0.0,6.25,125000.0,179625,1.437,1.4366,0.017172290664447705,2340
24/12/2007,1.437,1.4427,1.437,1.437,19041.0,155496.0,EC1 Curncy,Future,CME,USD,0.0,6.25,125000.0,179625,1.437,1.4366,0.01810834338081817,2341
25/12/2007,1.437,1.4427,1.437,1.4415,19041.0,155496.0,EC1 Curncy,Future,CME,USD,0.0,6.25,125000.0,180188,1.4415,1.4411,0.01829570714669523,2342
26/12/2007,1.4441,1.4518,1.444,1.4513,47542.0,163137.0,EC1 Curncy,Future,CME,USD,0.0,6.25,125000.0,181413,1.4513,1.4509,0.017990704081024135,2343
27/12/2007,1.4497,1.4654,1.448,1.4641,112823.0,170387.0,EC1 Curncy,Future,CME,USD,0.0,6.25,125000.0,183013,1.4641,1.4637,0.017345964948588245,2344
28/12/2007,1.4625,1.4744,1.4604,1.4726,99726.0,170740.0,EC1 Curncy,Future,CME,USD,0.0,6.25,125000.0,184075,1.4726,1.4722,0.016869027832025634,2345
31/12/2007,1.4739,1.4759,1.458,1.4726,72563.0,163552.0,EC1 Curncy,Future,CME,USD,0.0,6.25,125000.0,184075,1.4726,1.4722,0.016142978865882427,2346
01/01/2008,1.4739,1.4759,1.458,1.459,72563.0,163552.0,EC1 Curncy,Future,CME,USD,0.0,6.25,125000.0,182375,1.459,1.4581,0.015258849891052341,2347
02/01/2008,1.4678,1.4759,1.4653,1.4733,110704.0,169851.0,EC1 Curncy,Future,CME,USD,0.0,6.25,125000.0,184163,1.4733,1.4724,0.014478687785765408,2348
03/01/2008,1.4731,1.4788,1.4693,1.4749,135924.0,172396.0,EC1 Curncy,Future,CME,USD,0.0,6.25,125000.0,184363,1.4749,1.4738,0.014434507265496553,2349
04/01/2008,1.4748,1.483,1.47,1.4777,187828.0,173346.0,EC1 Curncy,Future,CME,USD,0.0,6.25,125000.0,184713,1.4777,1.4763,0.014907628919371066,2350
07/01/2008,1.4752,1.4761,1.466,1.4696,107872.0,173864.0,EC1 Curncy,Future,CME,USD,0.0,6.25,125000.0,183700,1.4696,1.4682,0.014961887135797226,2351
08/01/2008,1.4692,1.4754,1.4681,1.471,101773.0,176419.0,EC1 Curncy,Future,CME,USD,0.0,6.25,125000.0,183875,1.471,1.4693,0.014705647441181786,2352
09/01/2008,1.4711,1.4742,1.4638,1.4662,131038.0,173465.0,EC1 Curncy,Future,CME,USD,0.0,6.25,125000.0,183275,1.4662,1.464,0.014769057744634051,2353
10/01/2008,1.4658,1.4813,1.464,1.4791,221810.0,183383.0,EC1 Curncy,Future,CME,USD,0.0,6.25,125000.0,184888,1.4791,1.4768,0.015291936873103977,2354
11/01/2008,1.4804,1.4814,1.4757,1.478,130632.0,174508.0,EC1 Curncy,Future,CME,USD,0.0,6.25,125000.0,184750,1.478,1.4748,0.015693659016653615,2355
14/01/2008,1.4799,1.4908,1.4774,1.4868,129807.0,172240.0,EC1 Curncy,Future,CME,USD,0.0,6.25,125000.0,185850,1.4868,1.4835,0.016445939721736438,2356
15/01/2008,1.4857,1.4916,1.4792,1.4828,189779.0,173644.0,EC1 Curncy,Future,CME,USD,0.0,6.25,125000.0,185350,1.4828,1.4798,0.016990315869076223,2357
16/01/2008,1.4774,1.4853,1.4587,1.4654,302395.0,166760.0,EC1 Curncy,Future,CME,USD,0.0,6.25,125000.0,183175,1.4654,1.4627,0.01684619937347845,2358
17/01/2008,1.4646,1.471,1.4581,1.4667,194283.0,165106.0,EC1 Curncy,Future,CME,USD,0.0,6.25,125000.0,183338,1.4667,1.464,0.016881245017207246,2359
18/01/2008,1.4634,1.4689,1.4596,1.4667,156011.0,164815.0,EC1 Curncy,Future,CME,USD,0.0,6.25,125000.0,183338,1.4667,1.464,0.01651093072273568,2360
21/01/2008,1.4634,1.4689,1.4596,1.4618,113766.0,164815.0,EC1 Curncy,Future,CME,USD,0.0,6.25,125000.0,182725,1.4618,1.4588,0.01590713885852209,2361
22/01/2008,1.4428,1.4639,1.4355,1.4595,413877.0,180437.0,EC1 Curncy,Future,CME,USD,0.0,6.25,125000.0,182438,1.4595,1.4555,0.015328010307852448,2362
23/01/2008,1.4652,1.4654,1.4485,1.4573,231322.0,177859.0,EC1 Curncy,Future,CME,USD,0.0,6.25,125000.0,182163,1.4573,1.4529,0.014553665059506208,2363
24/01/2008,1.4614,1.4763,1.4571,1.4741,206831.0,182516.0,EC1 Curncy,Future,CME,USD,0.0,6.25,125000.0,184263,1.4741,1.4697,0.013193811680643262,2364
25/01/2008,1.4739,1.476,1.4642,1.4657,164776.0,177093.0,EC1 Curncy,Future,CME,USD,0.0,6.25,125000.0,183213,1.4657,1.4614,0.011749408495647875,2365
28/01/2008,1.4673,1.4781,1.4643,1.476,120652.0,178664.0,EC1 Curncy,Future,CME,USD,0.0,6.25,125000.0,184500,1.476,1.4713,0.010071127047038468,2366
29/01/2008,1.4772,1.4776,1.4719,1.476,107022.0,180741.0,EC1 Curncy,Future,CME,USD,0.0,6.25,125000.0,184500,1.476,1.4714,0.00844242856040716,2367
30/01/2008,1.4754,1.489,1.4738,1.4879,143607.0,184424.0,EC1 Curncy,Future,CME,USD,0.0,6.25,125000.0,185988,1.4879,1.4831,0.008248733235931853,2368
31/01/2008,1.4837,1.4896,1.4783,1.4859,167648.0,187318.0,EC1 Curncy,Future,CME,USD,0.0,6.25,125000.0,185738,1.4859,1.481,0.00859092932483015,2369
01/02/2008,1.483,1.4946,1.4768,1.4788,216503.0,191143.0,EC1 Curncy,Future,CME,USD,0.0,6.25,125000.0,184850,1.4788,1.4739,0.00868995205189445,2370
04/02/2008,1.4783,1.4833,1.4777,1.481,103979.0,194621.0,EC1 Curncy,Future,CME,USD,0.0,6.25,125000.0,185125,1.481,1.4762,0.008854336037457692,2371
05/02/2008,1.4816,1.4817,1.4605,1.4635,209752.0,192332.0,EC1 Curncy,Future,CME,USD,0.0,6.25,125000.0,182938,1.4635,1.4586,0.00860327069574244,2372
06/02/2008,1.4631,1.4656,1.4575,1.4612,142182.0,189830.0,EC1 Curncy,Future,CME,USD,0.0,6.25,125000.0,182650,1.4612,1.4562,0.008921793541522777,2373
07/02/2008,1.4608,1.4638,1.4424,1.4445,241908.0,191081.0,EC1 Curncy,Future,CME,USD,0.0,6.25,125000.0,180563,1.4445,1.4397,0.01051647596223342,2374
08/02/2008,1.4477,1.4534,1.4436,1.4492,114884.0,186309.0,EC1 Curncy,Future,CME,USD,0.0,6.25,125000.0,181150,1.4492,1.4446,0.011311620868126803,2375
11/02/2008,1.4509,1.4563,1.4466,1.4501,124316.0,194897.0,EC1 Curncy,Future,CME,USD,0.0,6.25,125000.0,181263,1.4501,1.4452,0.012004926766300895,2376
12/02/2008,1.4505,1.4603,1.4483,1.4579,162640.0,200176.0,EC1 Curncy,Future,CME,USD,0.0,6.25,125000.0,182238,1.4579,1.453,0.012216576170552785,2377
13/02/2008,1.4565,1.4587,1.4518,1.4564,115724.0,196418.0,EC1 Curncy,Future,CME,USD,0.0,6.25,125000.0,182050,1.4564,1.4514,0.012461070044914053,2378
14/02/2008,1.4562,1.4637,1.4538,1.4621,164287.0,198435.0,EC1 Curncy,Future,CME,USD,0.0,6.25,125000.0,182763,1.4621,1.4571,0.01232113090037839,2379
15/02/2008,1.463,1.4698,1.462,1.4621,121762.0,197350.0,EC1 Curncy,Future,CME,USD,0.0,6.25,125000.0,182763,1.4621,1.4571,0.012182921105558542,2380
18/02/2008,1.463,1.4698,1.462,1.4657,56787.0,197350.0,EC1 Curncy,Future,CME,USD,0.0,6.25,125000.0,183213,1.4657,1.4607,0.01147721365710931,2381
19/02/2008,1.4669,1.4747,1.46,1.4722,200508.0,202197.0,EC1 Curncy,Future,CME,USD,0.0,6.25,125000.0,184025,1.4722,1.4672,0.01103059835174893,2382
20/02/2008,1.4717,1.4722,1.4604,1.4707,184230.0,201842.0,EC1 Curncy,Future,CME,USD,0.0,6.25,125000.0,183838,1.4707,1.4657,0.011071284177137632,2383
21/02/2008,1.4707,1.483,1.4694,1.4809,182821.0,204084.0,EC1 Curncy,Future,CME,USD,0.0,6.25,125000.0,185113,1.4809,1.4758,0.011459723673120032,2384
22/02/2008,1.4811,1.4855,1.4781,1.4817,131394.0,200856.0,EC1 Curncy,Future,CME,USD,0.0,6.25,125000.0,185213,1.4817,1.4766,0.011846529730864797,2385
25/02/2008,1.4828,1.4837,1.4787,1.4815,102093.0,196115.0,EC1 Curncy,Future,CME,USD,0.0,6.25,125000.0,185188,1.4815,1.4765,0.012118349722532005,2386
26/02/2008,1.4821,1.4978,1.4771,1.4961,200818.0,208300.0,EC1 Curncy,Future,CME,USD,0.0,6.25,125000.0,187013,1.4961,1.4911,0.013201515064475791,2387
27/02/2008,1.499,1.5137,1.4975,1.5111,238082.0,210196.0,EC1 Curncy,Future,CME,USD,0.0,6.25,125000.0,188888,1.5111,1.5061,0.015335631711721755,2388
28/02/2008,1.5113,1.5223,1.5067,1.5208,168931.0,210169.0,EC1 Curncy,Future,CME,USD,0.0,6.25,125000.0,190100,1.5208,1.5156,0.018215057873388302,2389
29/02/2008,1.5186,1.5234,1.5138,1.5185,178908.0,203244.0,EC1 Curncy,Future,CME,USD,0.0,6.25,125000.0,189813,1.5185,1.5132,0.02021677356382244,2390
03/03/2008,1.5185,1.5272,1.5151,1.5188,199910.0,206688.0,EC1 Curncy,Future,CME,USD,0.0,6.25,125000.0,189850,1.5188,1.5133,0.02198093264621691,2391
04/03/2008,1.5196,1.5246,1.5168,1.5202,168295.0,211666.0,EC1 Curncy,Future,CME,USD,0.0,6.25,125000.0,190025,1.5202,1.5146,0.02358408926933959,2392
05/03/2008,1.5199,1.5299,1.514,1.5259,220616.0,216391.0,EC1 Curncy,Future,CME,USD,0.0,6.25,125000.0,190738,1.5259,1.5202,0.025331231053072972,2393
06/03/2008,1.5271,1.539,1.5263,1.5361,221492.0,218638.0,EC1 Curncy,Future,CME,USD,0.0,6.25,125000.0,192013,1.5361,1.5301,0.027646759906557246,2394
07/03/2008,1.5388,1.546,1.531,1.5346,237966.0,210944.0,EC1 Curncy,Future,CME,USD,0.0,6.25,125000.0,191825,1.5346,1.5281,0.02951011577969164,2395
10/03/2008,1.5352,1.5402,1.531,1.5347,170115.0,197075.0,EC1 Curncy,Future,CME,USD,0.0,6.25,125000.0,191838,1.5347,1.5279,0.03112375834199318,2396
11/03/2008,1.5346,1.5493,1.528,1.5314,294169.0,183275.0,EC1 Curncy,Future,CME,USD,0.0,6.25,125000.0,191425,1.5314,1.5249,0.031934219890228065,2397
12/03/2008,1.5337,1.5569,1.5332,1.5521,250642.0,143025.0,EC1 Curncy,Future,CME,USD,0.0,6.25,125000.0,194013,1.5521,1.5455,0.03367259419761732,2398
13/03/2008,1.5497,1.5575,1.5455,1.5516,208392.0,132373.0,EC1 Curncy,Future,CME,USD,0.0,6.25,125000.0,193950,1.5585,1.5516,0.03400177054209648,2399
14/03/2008,1.5559,1.562,1.5463,1.559,292542.0,163759.0,EC1 Curncy,Future,CME,USD,0.0,6.25,125000.0,194875,1.5665,1.559,0.03456332738607999,2400
17/03/2008,1.5658,1.582,1.5591,1.5655,250130.0,157225.0,EC1 Curncy,Future,CME,USD,0.0,6.25,125000.0,195688,1.5755,1.5655,0.03503367998556026,2401
18/03/2008,1.5655,1.5757,1.5541,1.5637,251839.0,160339.0,EC1 Curncy,Future,CME,USD,0.0,6.25,125000.0,195463,1.5637,1.5554,0.03528194628036573,2402
19/03/2008,1.5547,1.5716,1.5514,1.5544,246508.0,168453.0,EC1 Curncy,Future,CME,USD,0.0,6.25,125000.0,194300,1.5544,1.5461,0.034403464941735885,2403
20/03/2008,1.5571,1.5578,1.533,1.5544,212770.0,158840.0,EC1 Curncy,Future,CME,USD,0.0,6.25,125000.0,194300,1.5544,1.5461,0.03344530510147211,2404
21/03/2008,1.5571,1.5578,1.533,1.5361,212770.0,158840.0,EC1 Curncy,Future,CME,USD,0.0,6.25,125000.0,192013,1.5361,1.5279,0.03145683444548313,2405
24/03/2008,1.5347,1.5388,1.5273,1.5351,96880.0,156960.0,EC1 Curncy,Future,CME,USD,0.0,6.25,125000.0,191888,1.5351,1.5275,0.029316046231779726,2406
25/03/2008,1.5367,1.5594,1.534,1.553,160322.0,161114.0,EC1 Curncy,Future,CME,USD,0.0,6.25,125000.0,194125,1.553,1.5452,0.027746661661008643,2407
26/03/2008,1.5569,1.5797,1.5521,1.5754,207089.0,162251.0,EC1 Curncy,Future,CME,USD,0.0,6.25,125000.0,196925,1.5754,1.5672,0.02669534104165843,2408
27/03/2008,1.578,1.5788,1.5667,1.572,182881.0,159884.0,EC1 Curncy,Future,CME,USD,0.0,6.25,125000.0,196500,1.572,1.5638,0.02566948772369819,2409
28/03/2008,1.5723,1.5783,1.5685,1.5703,148124.0,159639.0,EC1 Curncy,Future,CME,USD,0.0,6.25,125000.0,196288,1.5703,1.5623,0.024017075869689004,2410
31/03/2008,1.5742,1.5843,1.5705,1.5729,184774.0,165367.0,EC1 Curncy,Future,CME,USD,0.0,6.25,125000.0,196613,1.5729,1.565,0.021767925946149232,2411
01/04/2008,1.571,1.5732,1.551,1.5548,220910.0,163103.0,EC1 Curncy,Future,CME,USD,0.0,6.25,125000.0,194350,1.5548,1.5469,0.01960770426805969,2412
02/04/2008,1.5569,1.565,1.5482,1.561,196644.0,166380.0,EC1 Curncy,Future,CME,USD,0.0,6.25,125000.0,195125,1.561,1.5532,0.01853449306914916,2413
03/04/2008,1.5638,1.5638,1.5461,1.5628,222417.0,169663.0,EC1 Curncy,Future,CME,USD,0.0,6.25,125000.0,195350,1.5628,1.555,0.017965673751082257,2414
04/04/2008,1.5632,1.5727,1.5589,1.5672,160552.0,166856.0,EC1 Curncy,Future,CME,USD,0.0,6.25,125000.0,195900,1.5672,1.5592,0.01719275525709338,2415
07/04/2008,1.5681,1.5692,1.5577,1.5661,122834.0,171611.0,EC1 Curncy,Future,CME,USD,0.0,6.25,125000.0,195763,1.5661,1.5581,0.016126151638367767,2416
08/04/2008,1.5656,1.5752,1.5624,1.5673,128837.0,171489.0,EC1 Curncy,Future,CME,USD,0.0,6.25,125000.0,195913,1.5673,1.5593,0.01491164198415512,2417
09/04/2008,1.5659,1.5817,1.5634,1.5777,162537.0,177893.0,EC1 Curncy,Future,CME,USD,0.0,6.25,125000.0,197213,1.5777,1.5697,0.01439133767225744,2418
10/04/2008,1.5785,1.5867,1.5677,1.5697,220286.0,169490.0,EC1 Curncy,Future,CME,USD,0.0,6.25,125000.0,196213,1.5697,1.5619,0.013982796572822136,2419
11/04/2008,1.5698,1.5809,1.569,1.5786,171039.0,171062.0,EC1 Curncy,Future,CME,USD,0.0,6.25,125000.0,197325,1.5786,1.5705,0.013719132625531164,2420
14/04/2008,1.5656,1.584,1.562,1.576,183899.0,172791.0,EC1 Curncy,Future,CME,USD,0.0,6.25,125000.0,197000,1.576,1.5679,0.013083777487034652,2421
15/04/2008,1.5792,1.583,1.5706,1.5744,173721.0,171861.0,EC1 Curncy,Future,CME,USD,0.0,6.25,125000.0,196800,1.5744,1.5665,0.011774303942493692,2422
16/04/2008,1.5744,1.594,1.5715,1.5913,203898.0,179276.0,EC1 Curncy,Future,CME,USD,0.0,6.25,125000.0,198913,1.5913,1.5837,0.012845340270446105,2423
17/04/2008,1.5906,1.5946,1.5807,1.5849,220529.0,174442.0,EC1 Curncy,Future,CME,USD,0.0,6.25,125000.0,198113,1.5849,1.578,0.013183514958596383,2424
18/04/2008,1.586,1.5921,1.5675,1.5767,299015.0,176929.0,EC1 Curncy,Future,CME,USD,0.0,6.25,125000.0,197088,1.5767,1.5699,0.013281162097630205,2425
21/04/2008,1.5771,1.5914,1.5757,1.5882,177273.0,177481.0,EC1 Curncy,Future,CME,USD,0.0,6.25,125000.0,198525,1.5882,1.5814,0.013971399357145847,2426
22/04/2008,1.5876,1.5985,1.5801,1.5964,273206.0,174290.0,EC1 Curncy,Future,CME,USD,0.0,6.25,125000.0,199550,1.5964,1.5888,0.015099605955018984,2427
23/04/2008,1.5962,1.5964,1.5826,1.5859,212089.0,173495.0,EC1 Curncy,Future,CME,USD,0.0,6.25,125000.0,198238,1.5859,1.5784,0.015173483449651052,2428
24/04/2008,1.5852,1.5858,1.5604,1.5651,341366.0,181082.0,EC1 Curncy,Future,CME,USD,0.0,6.25,125000.0,195638,1.5651,1.5579,0.014865005886202364,2429
25/04/2008,1.5647,1.5675,1.5522,1.5562,233861.0,186822.0,EC1 Curncy,Future,CME,USD,0.0,6.25,125000.0,194525,1.5562,1.5492,0.013407087677673499,2430
28/04/2008,1.5574,1.5663,1.5561,1.5612,169914.0,187491.0,EC1 Curncy,Future,CME,USD,0.0,6.25,125000.0,195150,1.5612,1.5543,0.011338778593694114,2431
29/04/2008,1.5625,1.563,1.5509,1.5531,209822.0,187333.0,EC1 Curncy,Future,CME,USD,0.0,6.25,125000.0,194138,1.5531,1.5462,0.011331737142357409,2432
30/04/2008,1.5536,1.5616,1.5485,1.5609,282480.0,191594.0,EC1 Curncy,Future,CME,USD,0.0,6.25,125000.0,195113,1.5609,1.5536,0.011530883169275764,2433
01/05/2008,1.5593,1.5615,1.5401,1.543,216167.0,198123.0,EC1 Curncy,Future,CME,USD,0.0,6.25,125000.0,192875,1.543,1.5359,0.01287253924692002,2434
02/05/2008,1.5442,1.5469,1.5329,1.5386,268016.0,195487.0,EC1 Curncy,Future,CME,USD,0.0,6.25,125000.0,192325,1.5386,1.5312,0.014364597685403725,2435
05/05/2008,1.5402,1.549,1.5393,1.5468,137146.0,196495.0,EC1 Curncy,Future,CME,USD,0.0,6.25,125000.0,193350,1.5468,1.5395,0.015018074665665843,2436
06/05/2008,1.5471,1.5567,1.5422,1.55,196868.0,199414.0,EC1 Curncy,Future,CME,USD,0.0,6.25,125000.0,193750,1.55,1.5427,0.01522519512727228,2437
07/05/2008,1.5502,1.551,1.5337,1.5371,226968.0,202193.0,EC1 Curncy,Future,CME,USD,0.0,6.25,125000.0,192138,1.5371,1.5298,0.016386730403902722,2438
08/05/2008,1.5367,1.5415,1.5255,1.5375,289995.0,204253.0,EC1 Curncy,Future,CME,USD,0.0,6.25,125000.0,192188,1.5375,1.53,0.01740690667513513,2439
09/05/2008,1.5375,1.5463,1.5367,1.5452,179763.0,206701.0,EC1 Curncy,Future,CME,USD,0.0,6.25,125000.0,193150,1.5452,1.5377,0.01789282165181159,2440
12/05/2008,1.5434,1.5547,1.534,1.5512,208153.0,202508.0,EC1 Curncy,Future,CME,USD,0.0,6.25,125000.0,193900,1.5512,1.5437,0.018105570045252435,2441
13/05/2008,1.5518,1.5542,1.5405,1.5454,233436.0,202812.0,EC1 Curncy,Future,CME,USD,0.0,6.25,125000.0,193175,1.5454,1.5382,0.01849114833274421,2442
14/05/2008,1.5447,1.5463,1.5373,1.5434,195111.0,200431.0,EC1 Curncy,Future,CME,USD,0.0,6.25,125000.0,192925,1.5434,1.5364,0.018676333508754497,2443
15/05/2008,1.5456,1.5525,1.5396,1.543,228130.0,200035.0,EC1 Curncy,Future,CME,USD,0.0,6.25,125000.0,192875,1.543,1.5358,0.0189945711541544,2444
16/05/2008,1.5423,1.558,1.5415,1.5558,257162.0,203992.0,EC1 Curncy,Future,CME,USD,0.0,6.25,125000.0,194475,1.5558,1.5483,0.018669090318765978,2445
19/05/2008,1.5562,1.5612,1.5463,1.5489,191356.0,204420.0,EC1 Curncy,Future,CME,USD,0.0,6.25,125000.0,193613,1.5489,1.5414,0.01850506507230521,2446
20/05/2008,1.5496,1.5667,1.5482,1.5646,238387.0,207329.0,EC1 Curncy,Future,CME,USD,0.0,6.25,125000.0,195575,1.5646,1.5569,0.018272171007580173,2447
21/05/2008,1.5631,1.5775,1.561,1.5759,217125.0,209083.0,EC1 Curncy,Future,CME,USD,0.0,6.25,125000.0,196988,1.5759,1.5682,0.017368673908225083,2448
22/05/2008,1.5775,1.5796,1.5675,1.5681,183729.0,207793.0,EC1 Curncy,Future,CME,USD,0.0,6.25,125000.0,196013,1.5681,1.5605,0.016600615450345944,2449
23/05/2008,1.5709,1.5778,1.5678,1.5681,162580.0,212377.0,EC1 Curncy,Future,CME,USD,0.0,6.25,125000.0,196013,1.5681,1.5605,0.01627264268632892,2450
26/05/2008,1.5709,1.5778,1.5678,1.5773,162580.0,212377.0,EC1 Curncy,Future,CME,USD,0.0,6.25,125000.0,197163,1.5773,1.5696,0.015536358432086684,2451
27/05/2008,1.5754,1.5804,1.5666,1.5687,228545.0,216284.0,EC1 Curncy,Future,CME,USD,0.0,6.25,125000.0,196088,1.5687,1.5611,0.013436517405821597,2452
28/05/2008,1.5662,1.5747,1.5595,1.562,226447.0,216599.0,EC1 Curncy,Future,CME,USD,0.0,6.25,125000.0,195250,1.562,1.5547,0.011963300826428358,2453
29/05/2008,1.5636,1.5653,1.5474,1.5497,244373.0,218353.0,EC1 Curncy,Future,CME,USD,0.0,6.25,125000.0,193713,1.5497,1.5427,0.011799990112861388,2454
30/05/2008,1.5504,1.5559,1.545,1.5546,186392.0,217472.0,EC1 Curncy,Future,CME,USD,0.0,6.25,125000.0,194325,1.5546,1.5475,0.011792281373719014,2455
02/06/2008,1.5546,1.558,1.5476,1.5532,182921.0,216032.0,EC1 Curncy,Future,CME,USD,0.0,6.25,125000.0,194150,1.5532,1.546,0.011697032387047147,2456
03/06/2008,1.5528,1.562,1.54,1.5457,366033.0,221071.0,EC1 Curncy,Future,CME,USD,0.0,6.25,125000.0,193213,1.5457,1.5385,0.011805553777649134,2457
04/06/2008,1.5424,1.5475,1.541,1.5433,208893.0,221621.0,EC1 Curncy,Future,CME,USD,0.0,6.25,125000.0,192913,1.5433,1.5363,0.01186355343044284,2458
05/06/2008,1.542,1.5595,1.5357,1.5583,349062.0,225572.0,EC1 Curncy,Future,CME,USD,0.0,6.25,125000.0,194788,1.5583,1.5508,0.011737137640709794,2459
06/06/2008,1.5578,1.5772,1.5566,1.5759,249458.0,211567.0,EC1 Curncy,Future,CME,USD,0.0,6.25,125000.0,196988,1.5759,1.5684,0.012154502594935229,2460
09/06/2008,1.5778,1.5839,1.5607,1.5646,314873.0,195773.0,EC1 Curncy,Future,CME,USD,0.0,6.25,125000.0,195575,1.5646,1.5572,0.012188382446560106,2461
10/06/2008,1.5637,1.565,1.5435,1.5443,317538.0,189588.0,EC1 Curncy,Future,CME,USD,0.0,6.25,125000.0,193038,1.5443,1.5371,0.012347824369645714,2462
11/06/2008,1.5452,1.5583,1.5449,1.5565,237241.0,166846.0,EC1 Curncy,Future,CME,USD,0.0,6.25,125000.0,194563,1.5565,1.5493,0.011753514367921748,2463
12/06/2008,1.5484,1.5493,1.5308,1.5351,176810.0,141524.0,EC1 Curncy,Future,CME,USD,0.0,6.25,125000.0,191888,1.5419,1.5351,0.01191994546954574,2464
13/06/2008,1.538,1.5414,1.5236,1.5282,223904.0,129488.0,EC1 Curncy,Future,CME,USD,0.0,6.25,125000.0,191025,1.535,1.5282,0.0129952722171161,2465
16/06/2008,1.5334,1.5452,1.5278,1.5418,188675.0,131045.0,EC1 Curncy,Future,CME,USD,0.0,6.25,125000.0,192725,1.5467,1.5418,0.013251461554496018,2466
17/06/2008,1.5402,1.5485,1.5394,1.5445,195102.0,130011.0,EC1 Curncy,Future,CME,USD,0.0,6.25,125000.0,193063,1.5445,1.5382,0.013279526848886086,2467
18/06/2008,1.544,1.5472,1.5394,1.5458,166387.0,130920.0,EC1 Curncy,Future,CME,USD,0.0,6.25,125000.0,193225,1.5458,1.5391,0.013201675398610798,2468
19/06/2008,1.5465,1.552,1.5398,1.5427,185002.0,134851.0,EC1 Curncy,Future,CME,USD,0.0,6.25,125000.0,192838,1.5427,1.5359,0.013213127310757494,2469
20/06/2008,1.5436,1.5587,1.5424,1.5557,209696.0,154991.0,EC1 Curncy,Future,CME,USD,0.0,6.25,125000.0,194463,1.5557,1.5488,0.013212872511189694,2470
23/06/2008,1.5542,1.557,1.5401,1.5455,207678.0,142773.0,EC1 Curncy,Future,CME,USD,0.0,6.25,125000.0,193188,1.5455,1.5387,0.013294876205903028,2471
24/06/2008,1.5452,1.5558,1.5426,1.5511,185131.0,145237.0,EC1 Curncy,Future,CME,USD,0.0,6.25,125000.0,193888,1.5511,1.5442,0.013153829607011436,2472
25/06/2008,1.5508,1.5624,1.5472,1.5603,206446.0,153160.0,EC1 Curncy,Future,CME,USD,0.0,6.25,125000.0,195038,1.5603,1.5533,0.012435064669325013,2473
26/06/2008,1.5596,1.5706,1.5568,1.5696,213281.0,163974.0,EC1 Curncy,Future,CME,USD,0.0,6.25,125000.0,196200,1.5696,1.5625,0.012511128379578514,2474
27/06/2008,1.5693,1.5734,1.5658,1.5712,169171.0,163642.0,EC1 Curncy,Future,CME,USD,0.0,6.25,125000.0,196400,1.5712,1.5639,0.012674096943383926,2475
30/06/2008,1.5723,1.5776,1.567,1.569,186691.0,167460.0,EC1 Curncy,Future,CME,USD,0.0,6.25,125000.0,196125,1.569,1.5616,0.012130571572008867,2476
01/07/2008,1.5694,1.5768,1.5663,1.573,205890.0,177226.0,EC1 Curncy,Future,CME,USD,0.0,6.25,125000.0,196625,1.573,1.5657,0.01238304889746308,2477
02/07/2008,1.5735,1.5833,1.5718,1.5828,206111.0,184609.0,EC1 Curncy,Future,CME,USD,0.0,6.25,125000.0,197850,1.5828,1.5755,0.013604946404290679,2478
03/07/2008,1.5834,1.5853,1.5625,1.5828,307800.0,169239.0,EC1 Curncy,Future,CME,USD,0.0,6.25,125000.0,197850,1.5828,1.5755,0.014686388255692582,2479
04/07/2008,1.5834,1.5853,1.5625,1.5639,45021.0,169239.0,EC1 Curncy,Future,CME,USD,0.0,6.25,125000.0,195488,1.5639,1.5567,0.014771733141271611,2480
07/07/2008,1.5638,1.5698,1.5555,1.5673,251828.0,172887.0,EC1 Curncy,Future,CME,USD,0.0,6.25,125000.0,195913,1.5673,1.5601,0.014921156121324431,2481
08/07/2008,1.5669,1.5686,1.558,1.5601,183596.0,173456.0,EC1 Curncy,Future,CME,USD,0.0,6.25,125000.0,195013,1.5601,1.5529,0.014753579226646428,2482
09/07/2008,1.5615,1.5695,1.5596,1.5689,156366.0,178580.0,EC1 Curncy,Future,CME,USD,0.0,6.25,125000.0,196113,1.5689,1.5617,0.01462694659399531,2483
10/07/2008,1.5686,1.575,1.5638,1.5728,179281.0,177812.0,EC1 Curncy,Future,CME,USD,0.0,6.25,125000.0,196600,1.5728,1.5656,0.014909389658766028,2484
11/07/2008,1.5733,1.5896,1.5712,1.5836,253117.0,183422.0,EC1 Curncy,Future,CME,USD,0.0,6.25,125000.0,197950,1.5836,1.5762,0.01534753183186957,2485
14/07/2008,1.5891,1.594,1.579,1.5863,188740.0,176173.0,EC1 Curncy,Future,CME,USD,0.0,6.25,125000.0,198288,1.5863,1.5789,0.016250162050378943,2486
15/07/2008,1.5853,1.5988,1.5814,1.5823,276838.0,179959.0,EC1 Curncy,Future,CME,USD,0.0,6.25,125000.0,197788,1.5823,1.5747,0.01648503664934447,2487
16/07/2008,1.5861,1.5898,1.5748,1.5759,212972.0,174140.0,EC1 Curncy,Future,CME,USD,0.0,6.25,125000.0,196988,1.5759,1.5683,0.016688741714008602,2488
17/07/2008,1.5771,1.5847,1.5735,1.577,223062.0,172126.0,EC1 Curncy,Future,CME,USD,0.0,6.25,125000.0,197125,1.577,1.5694,0.015918167817419948,2489
18/07/2008,1.5811,1.5841,1.576,1.5796,151468.0,169910.0,EC1 Curncy,Future,CME,USD,0.0,6.25,125000.0,197450,1.5796,1.572,0.014330503596531216,2490
21/07/2008,1.5795,1.5885,1.5783,1.5847,133607.0,172493.0,EC1 Curncy,Future,CME,USD,0.0,6.25,125000.0,198088,1.5847,1.5771,0.013855115781911774,2491
22/07/2008,1.5878,1.5901,1.571,1.574,240160.0,168100.0,EC1 Curncy,Future,CME,USD,0.0,6.25,125000.0,196750,1.574,1.5665,0.0130137388938321,2492
23/07/2008,1.5744,1.5754,1.5626,1.5633,233124.0,159166.0,EC1 Curncy,Future,CME,USD,0.0,6.25,125000.0,195413,1.5633,1.5561,0.012154076133688643,2493
24/07/2008,1.5641,1.5672,1.5585,1.5616,201891.0,150196.0,EC1 Curncy,Future,CME,USD,0.0,6.25,125000.0,195200,1.5616,1.5544,0.010928324055567443,2494
25/07/2008,1.5638,1.5714,1.5622,1.5653,184428.0,146219.0,EC1 Curncy,Future,CME,USD,0.0,6.25,125000.0,195663,1.5653,1.558,0.010548984153153857,2495
28/07/2008,1.5657,1.5729,1.5644,1.5714,140262.0,154400.0,EC1 Curncy,Future,CME,USD,0.0,6.25,125000.0,196425,1.5714,1.564,0.009129271602752122,2496
29/07/2008,1.5701,1.572,1.5516,1.5547,252951.0,146574.0,EC1 Curncy,Future,CME,USD,0.0,6.25,125000.0,194338,1.5547,1.5474,0.008810130532336905,2497
30/07/2008,1.5549,1.5579,1.5485,1.5533,210481.0,143910.0,EC1 Curncy,Future,CME,USD,0.0,6.25,125000.0,194163,1.5533,1.5459,0.009297099906072,2498
31/07/2008,1.5542,1.5665,1.5534,1.5557,258246.0,154106.0,EC1 Curncy,Future,CME,USD,0.0,6.25,125000.0,194463,1.5557,1.5483,0.009832853095456158,2499
01/08/2008,1.5564,1.5565,1.5478,1.5512,222596.0,150679.0,EC1 Curncy,Future,CME,USD,0.0,6.25,125000.0,193900,1.5512,1.5438,0.010616889060838935,2500
04/08/2008,1.5528,1.5598,1.5519,1.5554,147601.0,155196.0,EC1 Curncy,Future,CME,USD,0.0,6.25,125000.0,194425,1.5554,1.548,0.011032953669054312,2501
05/08/2008,1.5539,1.5544,1.541,1.5439,210988.0,156538.0,EC1 Curncy,Future,CME,USD,0.0,6.25,125000.0,192988,1.5439,1.5365,0.012166460728720895,2502
06/08/2008,1.542,1.5486,1.5366,1.5384,177451.0,153001.0,EC1 Curncy,Future,CME,USD,0.0,6.25,125000.0,192300,1.5384,1.5311,0.013219363322926005,2503
07/08/2008,1.5381,1.5474,1.528,1.5294,288345.0,149995.0,EC1 Curncy,Future,CME,USD,0.0,6.25,125000.0,191175,1.5294,1.5222,0.014772243115503398,2504
08/08/2008,1.5298,1.5307,1.4968,1.4982,392019.0,153764.0,EC1 Curncy,Future,CME,USD,0.0,6.25,125000.0,187275,1.4982,1.4911,0.019894880413401782,2505
11/08/2008,1.4994,1.5057,1.4853,1.4901,274819.0,143490.0,EC1 Curncy,Future,CME,USD,0.0,6.25,125000.0,186263,1.4901,1.4831,0.02451957857162819,2506
12/08/2008,1.4873,1.4938,1.4785,1.4888,257689.0,140853.0,EC1 Curncy,Future,CME,USD,0.0,6.25,125000.0,186100,1.4888,1.4817,0.028258106801357676,2507
13/08/2008,1.4887,1.4955,1.4817,1.4907,284914.0,132986.0,EC1 Curncy,Future,CME,USD,0.0,6.25,125000.0,186338,1.4907,1.4837,0.030993177743878213,2508
14/08/2008,1.49,1.4929,1.4752,1.4788,261626.0,146079.0,EC1 Curncy,Future,CME,USD,0.0,6.25,125000.0,184850,1.4788,1.4718,0.03405483421381351,2509
15/08/2008,1.4781,1.4783,1.4634,1.4655,242567.0,139414.0,EC1 Curncy,Future,CME,USD,0.0,6.25,125000.0,183188,1.4655,1.4585,0.037155080406278566,2510
18/08/2008,1.4663,1.4747,1.4622,1.4675,178093.0,135646.0,EC1 Curncy,Future,CME,USD,0.0,6.25,125000.0,183438,1.4675,1.4605,0.03914595253659133,2511
19/08/2008,1.4654,1.4773,1.4609,1.4745,245333.0,146953.0,EC1 Curncy,Future,CME,USD,0.0,6.25,125000.0,184313,1.4745,1.4675,0.040200228855033826,2512
20/08/2008,1.4765,1.4786,1.4651,1.4718,216892.0,144944.0,EC1 Curncy,Future,CME,USD,0.0,6.25,125000.0,183975,1.4718,1.4648,0.0412255576068672,2513
21/08/2008,1.4725,1.4885,1.4714,1.4857,243083.0,147548.0,EC1 Curncy,Future,CME,USD,0.0,6.25,125000.0,185713,1.4857,1.4785,0.0410606056132942,2514
22/08/2008,1.4877,1.4886,1.474,1.4758,195256.0,151617.0,EC1 Curncy,Future,CME,USD,0.0,6.25,125000.0,184475,1.4758,1.4687,0.040845586460846905,2515
25/08/2008,1.4768,1.4792,1.468,1.4741,140897.0,151246.0,EC1 Curncy,Future,CME,USD,0.0,6.25,125000.0,184263,1.4741,1.467,0.0399300313047363,2516
26/08/2008,1.4738,1.4745,1.4556,1.4634,272695.0,147109.0,EC1 Curncy,Future,CME,USD,0.0,6.25,125000.0,182925,1.4634,1.4564,0.03972778205064967,2517
27/08/2008,1.4631,1.4764,1.4618,1.4695,245246.0,146007.0,EC1 Curncy,Future,CME,USD,0.0,6.25,125000.0,183688,1.4695,1.4625,0.03937838154788257,2518
28/08/2008,1.4702,1.48,1.466,1.4689,289381.0,151632.0,EC1 Curncy,Future,CME,USD,0.0,6.25,125000.0,183613,1.4689,1.4619,0.03877384212753034,2519
29/08/2008,1.4685,1.4756,1.4629,1.4689,191958.0,151887.0,EC1 Curncy,Future,CME,USD,0.0,6.25,125000.0,183613,1.4689,1.4619,0.037537118074389746,2520
01/09/2008,1.4685,1.4756,1.4629,1.4631,191958.0,151887.0,EC1 Curncy,Future,CME,USD,0.0,6.25,125000.0,182888,1.4631,1.4563,0.03556272533609752,2521
02/09/2008,1.468,1.4712,1.4456,1.4504,342906.0,153077.0,EC1 Curncy,Future,CME,USD,0.0,6.25,125000.0,181300,1.4504,1.4436,0.03487865870888309,2522
03/09/2008,1.4507,1.4524,1.4374,1.4481,278542.0,155555.0,EC1 Curncy,Future,CME,USD,0.0,6.25,125000.0,181013,1.4481,1.4413,0.03387335875479106,2523
04/09/2008,1.4488,1.4538,1.4308,1.4317,401818.0,155654.0,EC1 Curncy,Future,CME,USD,0.0,6.25,125000.0,178963,1.4317,1.4249,0.0330288020773408,2524
05/09/2008,1.4254,1.4342,1.4189,1.4236,376641.0,145907.0,EC1 Curncy,Future,CME,USD,0.0,6.25,125000.0,177950,1.4236,1.4168,0.03234566070841948,2525
08/09/2008,1.4313,1.4424,1.4048,1.4101,387157.0,146065.0,EC1 Curncy,Future,CME,USD,0.0,6.25,125000.0,176263,1.4101,1.4032,0.03139431848807844,2526
09/09/2008,1.4116,1.4221,1.4042,1.4164,338307.0,124775.0,EC1 Curncy,Future,CME,USD,0.0,6.25,125000.0,177050,1.4164,1.4094,0.030034117821752998,2527
10/09/2008,1.4104,1.4177,1.3987,1.403,291196.0,102115.0,EC1 Curncy,Future,CME,USD,0.0,6.25,125000.0,175375,1.403,1.396,0.029336254589346966,2528
11/09/2008,1.3901,1.3927,1.3811,1.3877,237325.0,120001.0,EC1 Curncy,Future,CME,USD,0.0,6.25,125000.0,173463,1.3947,1.3877,0.029921315144854358,2529
12/09/2008,1.3941,1.416,1.3903,1.4142,289357.0,129724.0,EC1 Curncy,Future,CME,USD,0.0,6.25,125000.0,176775,1.4214,1.4142,0.030011482802382763,2530
15/09/2008,1.421,1.4407,1.4015,1.4132,357160.0,137302.0,EC1 Curncy,Future,CME,USD,0.0,6.25,125000.0,176650,1.4222,1.4132,0.030235281267603137,2531
16/09/2008,1.4211,1.4228,1.401,1.4109,233549.0,140929.0,EC1 Curncy,Future,CME,USD,0.0,6.25,125000.0,176363,1.4109,1.4037,0.030321898027626235,2532
17/09/2008,1.4055,1.4381,1.4042,1.4371,236995.0,133770.0,EC1 Curncy,Future,CME,USD,0.0,6.25,125000.0,179638,1.4371,1.4311,0.029129410681722465,2533
18/09/2008,1.4324,1.4542,1.4275,1.4381,245999.0,146599.0,EC1 Curncy,Future,CME,USD,0.0,6.25,125000.0,179763,1.4381,1.4327,0.028403836595275758,2534
19/09/2008,1.433,1.447,1.4126,1.4443,208009.0,144204.0,EC1 Curncy,Future,CME,USD,0.0,6.25,125000.0,180538,1.4443,1.4383,0.028091250120475822,2535
22/09/2008,1.4462,1.4846,1.4414,1.478,252973.0,153024.0,EC1 Curncy,Future,CME,USD,0.0,6.25,125000.0,184750,1.478,1.4721,0.028524916009186236,2536
23/09/2008,1.4772,1.4807,1.461,1.4702,209570.0,146271.0,EC1 Curncy,Future,CME,USD,0.0,6.25,125000.0,183775,1.4702,1.4649,0.028351433238276758,2537
24/09/2008,1.4657,1.4739,1.4609,1.4655,156045.0,142501.0,EC1 Curncy,Future,CME,USD,0.0,6.25,125000.0,183188,1.4655,1.4615,0.028127896591541753,2538
25/09/2008,1.4617,1.4765,1.4561,1.4621,195011.0,148095.0,EC1 Curncy,Future,CME,USD,0.0,6.25,125000.0,182763,1.4621,1.4586,0.027062577482527543,2539
26/09/2008,1.4616,1.4676,1.4552,1.4623,175156.0,149131.0,EC1 Curncy,Future,CME,USD,0.0,6.25,125000.0,182788,1.4623,1.4596,0.026521153821012597,2540
29/09/2008,1.4634,1.4638,1.4313,1.4488,233554.0,153595.0,EC1 Curncy,Future,CME,USD,0.0,6.25,125000.0,181100,1.4488,1.4471,0.025756342260974986,2541
30/09/2008,1.4439,1.4466,1.406,1.4134,222463.0,151868.0,EC1 Curncy,Future,CME,USD,0.0,6.25,125000.0,176675,1.4134,1.4126,0.02596419008296816,2542
01/10/2008,1.4159,1.4211,1.3995,1.4084,184138.0,152980.0,EC1 Curncy,Future,CME,USD,0.0,6.25,125000.0,176050,1.4084,1.4073,0.025945357323893643,2543
02/10/2008,1.4029,1.4046,1.3752,1.3833,213914.0,158178.0,EC1 Curncy,Future,CME,USD,0.0,6.25,125000.0,172913,1.3833,1.3824,0.027249332101867783,2544
03/10/2008,1.3814,1.3914,1.3691,1.3829,227476.0,155721.0,EC1 Curncy,Future,CME,USD,0.0,6.25,125000.0,172863,1.3829,1.3808,0.028090071199587743,2545
06/10/2008,1.3642,1.3698,1.3448,1.3461,198936.0,157727.0,EC1 Curncy,Future,CME,USD,0.0,6.25,125000.0,168263,1.3461,1.3442,0.03194431248278704,2546
07/10/2008,1.3499,1.3749,1.3482,1.3652,191185.0,157744.0,EC1 Curncy,Future,CME,USD,0.0,6.25,125000.0,170650,1.3652,1.3635,0.03372690172544716,2547
08/10/2008,1.3625,1.3802,1.3551,1.3718,215603.0,153601.0,EC1 Curncy,Future,CME,USD,0.0,6.25,125000.0,171475,1.3718,1.3711,0.03475819711470462,2548
09/10/2008,1.3676,1.3835,1.3615,1.369,134512.0,151275.0,EC1 Curncy,Future,CME,USD,0.0,6.25,125000.0,171125,1.369,1.3689,0.03608054970014564,2549
10/10/2008,1.3619,1.3692,1.328,1.3487,186793.0,152828.0,EC1 Curncy,Future,CME,USD,0.0,6.25,125000.0,168588,1.3487,1.3484,0.038537790111327117,2550
13/10/2008,1.3598,1.37,1.3476,1.3527,128496.0,149571.0,EC1 Curncy,Future,CME,USD,0.0,6.25,125000.0,169088,1.3527,1.3523,0.04044429007904642,2551
14/10/2008,1.3603,1.3775,1.3599,1.3655,171578.0,153594.0,EC1 Curncy,Future,CME,USD,0.0,6.25,125000.0,170688,1.3655,1.3647,0.04146773323920744,2552
15/10/2008,1.3626,1.3691,1.3475,1.3511,174289.0,153896.0,EC1 Curncy,Future,CME,USD,0.0,6.25,125000.0,168888,1.3511,1.3498,0.04308453899020026,2553
16/10/2008,1.3465,1.3533,1.3341,1.3426,188077.0,153853.0,EC1 Curncy,Future,CME,USD,0.0,6.25,125000.0,167825,1.3426,1.341,0.044860939579974245,2554
17/10/2008,1.347,1.3512,1.3379,1.342,144790.0,146472.0,EC1 Curncy,Future,CME,USD,0.0,6.25,125000.0,167750,1.342,1.339,0.046589416895522415,2555
20/10/2008,1.3397,1.351,1.327,1.3305,164161.0,158731.0,EC1 Curncy,Future,CME,USD,0.0,6.25,125000.0,166313,1.3305,1.3273,0.048717082903893316,2556
21/10/2008,1.3319,1.334,1.3031,1.3114,179659.0,158051.0,EC1 Curncy,Future,CME,USD,0.0,6.25,125000.0,163925,1.3114,1.308,0.05172846572888902,2557
22/10/2008,1.3038,1.3058,1.2725,1.2853,212007.0,162852.0,EC1 Curncy,Future,CME,USD,0.0,6.25,125000.0,160663,1.2853,1.2832,0.05543550095980816,2558
23/10/2008,1.2818,1.293,1.2717,1.2833,226774.0,164777.0,EC1 Curncy,Future,CME,USD,0.0,6.25,125000.0,160413,1.2833,1.2821,0.05835712095935628,2559
24/10/2008,1.2946,1.296,1.2479,1.2604,246407.0,171472.0,EC1 Curncy,Future,CME,USD,0.0,6.25,125000.0,157550,1.2604,1.2599,0.06184384906088074,2560
27/10/2008,1.2591,1.268,1.2327,1.2521,191590.0,170363.0,EC1 Curncy,Future,CME,USD,0.0,6.25,125000.0,156513,1.2521,1.2523,0.06281815475374194,2561
28/10/2008,1.2468,1.2735,1.2326,1.2596,206126.0,152959.0,EC1 Curncy,Future,CME,USD,0.0,6.25,125000.0,157450,1.2596,1.2593,0.062520190072209,2562
29/10/2008,1.2778,1.2978,1.2615,1.2835,254798.0,157165.0,EC1 Curncy,Future,CME,USD,0.0,6.25,125000.0,160438,1.2835,1.2824,0.06009834301652475,2563
30/10/2008,1.2946,1.3277,1.279,1.2951,252762.0,161118.0,EC1 Curncy,Future,CME,USD,0.0,6.25,125000.0,161888,1.2951,1.2942,0.05643691906307366,2564
31/10/2008,1.2856,1.2884,1.2653,1.2741,242201.0,148064.0,EC1 Curncy,Future,CME,USD,0.0,6.25,125000.0,159263,1.2741,1.2724,0.052497305645134405,2565
03/11/2008,1.2712,1.288,1.2577,1.2609,176746.0,145512.0,EC1 Curncy,Future,CME,USD,0.0,6.25,125000.0,157613,1.2609,1.2587,0.04918078113788006,2566
04/11/2008,1.2569,1.3029,1.2507,1.2931,223800.0,140994.0,EC1 Curncy,Future,CME,USD,0.0,6.25,125000.0,161638,1.2931,1.29,0.04644455547566476,2567
05/11/2008,1.2973,1.3096,1.2771,1.2972,230397.0,143112.0,EC1 Curncy,Future,CME,USD,0.0,6.25,125000.0,162150,1.2972,1.2939,0.043318611088831935,2568
06/11/2008,1.2913,1.2936,1.2658,1.2716,217237.0,140363.0,EC1 Curncy,Future,CME,USD,0.0,6.25,125000.0,158950,1.2716,1.2689,0.04229793651387946,2569
07/11/2008,1.2664,1.2832,1.2634,1.2729,151762.0,136368.0,EC1 Curncy,Future,CME,USD,0.0,6.25,125000.0,159113,1.2729,1.2699,0.04072209187487238,2570
10/11/2008,1.2727,1.2906,1.2692,1.274,143246.0,136468.0,EC1 Curncy,Future,CME,USD,0.0,6.25,125000.0,159250,1.274,1.2706,0.040717370167193234,2571
11/11/2008,1.2729,1.2779,1.2483,1.2532,165525.0,142315.0,EC1 Curncy,Future,CME,USD,0.0,6.25,125000.0,156650,1.2532,1.2497,0.04038409216509566,2572
12/11/2008,1.2493,1.261,1.2446,1.2489,184654.0,141688.0,EC1 Curncy,Future,CME,USD,0.0,6.25,125000.0,156113,1.2489,1.2462,0.039259670995382114,2573
13/11/2008,1.2439,1.2848,1.2372,1.2675,250042.0,141139.0,EC1 Curncy,Future,CME,USD,0.0,6.25,125000.0,158438,1.2675,1.2661,0.036913144903484976,2574
14/11/2008,1.2774,1.2815,1.2561,1.2778,181184.0,137766.0,EC1 Curncy,Future,CME,USD,0.0,6.25,125000.0,159725,1.2778,1.2765,0.03531140184131798,2575
17/11/2008,1.2543,1.2728,1.2496,1.2663,153544.0,138353.0,EC1 Curncy,Future,CME,USD,0.0,6.25,125000.0,158288,1.2663,1.2649,0.03332068276609981,2576
18/11/2008,1.2615,1.2687,1.255,1.2563,141876.0,136245.0,EC1 Curncy,Future,CME,USD,0.0,6.25,125000.0,157038,1.2563,1.2545,0.02982024647783943,2577
19/11/2008,1.262,1.28,1.247,1.2588,218814.0,142473.0,EC1 Curncy,Future,CME,USD,0.0,6.25,125000.0,157350,1.2588,1.2572,0.026780588118992518,2578
20/11/2008,1.2486,1.2585,1.2417,1.25,192343.0,141047.0,EC1 Curncy,Future,CME,USD,0.0,6.25,125000.0,156250,1.25,1.249,0.02414138424640319,2579
21/11/2008,1.2442,1.263,1.2415,1.2496,220061.0,135512.0,EC1 Curncy,Future,CME,USD,0.0,6.25,125000.0,156200,1.2496,1.2492,0.020592795665778624,2580
24/11/2008,1.2586,1.2969,1.2558,1.287,207295.0,140110.0,EC1 Curncy,Future,CME,USD,0.0,6.25,125000.0,160875,1.287,1.2867,0.01710361755104819,2581
25/11/2008,1.2945,1.3077,1.2798,1.3018,243274.0,139391.0,EC1 Curncy,Future,CME,USD,0.0,6.25,125000.0,162725,1.3018,1.3015,0.016259671993386796,2582
26/11/2008,1.3056,1.3056,1.2811,1.3018,142218.0,139223.0,EC1 Curncy,Future,CME,USD,0.0,6.25,125000.0,162725,1.3018,1.3015,0.017165020633035148,2583
27/11/2008,1.3056,1.3056,1.2811,1.2874,142218.0,139223.0,EC1 Curncy,Future,CME,USD,0.0,6.25,125000.0,160925,1.2874,1.2873,0.01729782934356759,2584
28/11/2008,1.2873,1.2963,1.2639,1.27,138481.0,138461.0,EC1 Curncy,Future,CME,USD,0.0,6.25,125000.0,158750,1.27,1.2697,0.01713454113768984,2585
01/12/2008,1.2707,1.2716,1.2577,1.2668,138939.0,134621.0,EC1 Curncy,Future,CME,USD,0.0,6.25,125000.0,158350,1.2668,1.2662,0.016653651251277643,2586
02/12/2008,1.2614,1.2762,1.2557,1.2696,159566.0,138135.0,EC1 Curncy,Future,CME,USD,0.0,6.25,125000.0,158700,1.2696,1.2688,0.016436872167959613,2587
03/12/2008,1.2721,1.2739,1.2597,1.265,144003.0,132312.0,EC1 Curncy,Future,CME,USD,0.0,6.25,125000.0,158125,1.265,1.2641,0.016379934879780515,2588
04/12/2008,1.2708,1.2845,1.2546,1.2789,217524.0,135883.0,EC1 Curncy,Future,CME,USD,0.0,6.25,125000.0,159863,1.2789,1.2779,0.01576441139611165,2589
05/12/2008,1.2771,1.2797,1.262,1.2688,194321.0,128245.0,EC1 Curncy,Future,CME,USD,0.0,6.25,125000.0,158600,1.2688,1.2671,0.015770909929334755,2590
08/12/2008,1.272,1.2974,1.2709,1.295,158119.0,131037.0,EC1 Curncy,Future,CME,USD,0.0,6.25,125000.0,161875,1.295,1.2928,0.016255371419908578,2591
09/12/2008,1.2935,1.2999,1.2793,1.2918,179421.0,118368.0,EC1 Curncy,Future,CME,USD,0.0,6.25,125000.0,161475,1.2918,1.2888,0.016190918236237088,2592
10/12/2008,1.2923,1.307,1.2899,1.301,181234.0,98479.0,EC1 Curncy,Future,CME,USD,0.0,6.25,125000.0,162625,1.301,1.298,0.016442285931884505,2593
11/12/2008,1.2985,1.3372,1.2972,1.3282,160804.0,106908.0,EC1 Curncy,Future,CME,USD,0.0,6.25,125000.0,166025,1.3314,1.3282,0.019763726875242103,2594
12/12/2008,1.3319,1.3384,1.3219,1.334,145348.0,112419.0,EC1 Curncy,Future,CME,USD,0.0,6.25,125000.0,166750,1.3371,1.334,0.02294584203436038,2595
15/12/2008,1.3345,1.3692,1.3335,1.3636,147105.0,116921.0,EC1 Curncy,Future,CME,USD,0.0,6.25,125000.0,170450,1.3632,1.3636,0.028599313511559418,2596
16/12/2008,1.3667,1.4115,1.36,1.3944,172840.0,116995.0,EC1 Curncy,Future,CME,USD,0.0,6.25,125000.0,174300,1.3944,1.3925,0.03580039943909982,2597
17/12/2008,1.4009,1.4403,1.3973,1.4313,237260.0,114444.0,EC1 Curncy,Future,CME,USD,0.0,6.25,125000.0,178913,1.4313,1.4287,0.045056815244744655,2598
18/12/2008,1.4372,1.4687,1.4145,1.4283,272267.0,115974.0,EC1 Curncy,Future,CME,USD,0.0,6.25,125000.0,178538,1.4283,1.4259,0.0519853344703967,2599
19/12/2008,1.423,1.4284,1.379,1.3853,177596.0,115648.0,EC1 Curncy,Future,CME,USD,0.0,6.25,125000.0,173163,1.3853,1.3829,0.0543822504744485,2600
22/12/2008,1.3876,1.4093,1.3871,1.3926,101719.0,115779.0,EC1 Curncy,Future,CME,USD,0.0,6.25,125000.0,174075,1.3926,1.3902,0.05644159163830891,2601
23/12/2008,1.3918,1.3993,1.3892,1.3942,58426.0,116155.0,EC1 Curncy,Future,CME,USD,0.0,6.25,125000.0,174275,1.3942,1.3918,0.05767019680908781,2602
24/12/2008,1.3903,1.3995,1.3894,1.3942,19619.0,116491.0,EC1 Curncy,Future,CME,USD,0.0,6.25,125000.0,174275,1.3942,1.3918,0.058446024102005625,2603
25/12/2008,1.3903,1.3995,1.3894,1.3944,19619.0,116491.0,EC1 Curncy,Future,CME,USD,0.0,6.25,125000.0,174300,1.3944,1.392,0.05824886264983082,2604
26/12/2008,1.4026,1.4098,1.3993,1.4041,13784.0,117096.0,EC1 Curncy,Future,CME,USD,0.0,6.25,125000.0,175513,1.4041,1.4017,0.057889679563794615,2605
29/12/2008,1.404,1.4334,1.3885,1.406,102219.0,119385.0,EC1 Curncy,Future,CME,USD,0.0,6.25,125000.0,175750,1.406,1.4034,0.05881924288302363,2606
30/12/2008,1.3916,1.4191,1.3908,1.4054,73444.0,118618.0,EC1 Curncy,Future,CME,USD,0.0,6.25,125000.0,175675,1.4054,1.4028,0.05980813545551672,2607
31/12/2008,1.4073,1.4116,1.3817,1.4054,71053.0,115967.0,EC1 Curncy,Future,CME,USD,0.0,6.25,125000.0,175675,1.4054,1.4028,0.06048591792033425,2608
01/01/2009,1.4073,1.4116,1.3817,1.3921,71053.0,115967.0,EC1 Curncy,Future,CME,USD,0.0,6.25,125000.0,174013,1.3921,1.3893,0.059864476667431,2609
02/01/2009,1.39,1.3956,1.3804,1.3823,58352.0,116725.0,EC1 Curncy,Future,CME,USD,0.0,6.25,125000.0,172788,1.3823,1.3798,0.057755064135814396,2610
05/01/2009,1.3874,1.3932,1.3513,1.3573,145522.0,117378.0,EC1 Curncy,Future,CME,USD,0.0,6.25,125000.0,169663,1.3573,1.3548,0.054761083505216995,2611
06/01/2009,1.3603,1.3628,1.3283,1.3492,176125.0,122016.0,EC1 Curncy,Future,CME,USD,0.0,6.25,125000.0,168650,1.3492,1.3467,0.05159780615490029,2612
07/01/2009,1.3474,1.3717,1.3401,1.3583,181928.0,118759.0,EC1 Curncy,Future,CME,USD,0.0,6.25,125000.0,169788,1.3583,1.3556,0.04752466096668809,2613
08/01/2009,1.3622,1.377,1.3501,1.3694,181707.0,115451.0,EC1 Curncy,Future,CME,USD,0.0,6.25,125000.0,171175,1.3694,1.3661,0.04397177958644187,2614
09/01/2009,1.3671,1.3722,1.3375,1.34,177887.0,112416.0,EC1 Curncy,Future,CME,USD,0.0,6.25,125000.0,167500,1.34,1.3366,0.039260607059306604,2615
12/01/2009,1.342,1.345,1.3256,1.3365,139791.0,112639.0,EC1 Curncy,Future,CME,USD,0.0,6.25,125000.0,167063,1.3365,1.3331,0.03666466873342689,2616
13/01/2009,1.3332,1.3342,1.3112,1.315,168607.0,115081.0,EC1 Curncy,Future,CME,USD,0.0,6.25,125000.0,164375,1.315,1.3122,0.0347524819257358,2617
14/01/2009,1.3155,1.3309,1.3064,1.3137,178898.0,115889.0,EC1 Curncy,Future,CME,USD,0.0,6.25,125000.0,164213,1.3137,1.311,0.033710519129770015,2618
15/01/2009,1.314,1.3223,1.2999,1.3139,239360.0,126198.0,EC1 Curncy,Future,CME,USD,0.0,6.25,125000.0,164238,1.3139,1.3114,0.03464618641830478,2619
16/01/2009,1.3114,1.3323,1.3112,1.3139,152386.0,131261.0,EC1 Curncy,Future,CME,USD,0.0,6.25,125000.0,164238,1.3139,1.3114,0.03583641909192284,2620
19/01/2009,1.3114,1.3323,1.3112,1.3216,152386.0,131261.0,EC1 Curncy,Future,CME,USD,0.0,6.25,125000.0,165200,1.3216,1.3192,0.03728164338292964,2621
20/01/2009,1.332,1.3364,1.2837,1.2874,246766.0,129496.0,EC1 Curncy,Future,CME,USD,0.0,6.25,125000.0,160925,1.2874,1.2853,0.04059211253431673,2622
21/01/2009,1.2845,1.308,1.2811,1.2933,196081.0,131316.0,EC1 Curncy,Future,CME,USD,0.0,6.25,125000.0,161663,1.2933,1.2918,0.040960439450751326,2623
22/01/2009,1.3051,1.3074,1.2896,1.3008,182974.0,128776.0,EC1 Curncy,Future,CME,USD,0.0,6.25,125000.0,162600,1.3008,1.2996,0.040313584559037864,2624
23/01/2009,1.3006,1.3025,1.2755,1.2967,195880.0,133617.0,EC1 Curncy,Future,CME,USD,0.0,6.25,125000.0,162088,1.2967,1.2957,0.0416007103304585,2625
26/01/2009,1.2968,1.3197,1.2852,1.3125,179281.0,128923.0,EC1 Curncy,Future,CME,USD,0.0,6.25,125000.0,164063,1.3125,1.3112,0.04154901202193303,2626
27/01/2009,1.3194,1.3319,1.3105,1.3167,181065.0,132018.0,EC1 Curncy,Future,CME,USD,0.0,6.25,125000.0,164588,1.3167,1.3152,0.04102530194890409,2627
28/01/2009,1.3169,1.3321,1.3089,1.3126,198687.0,132580.0,EC1 Curncy,Future,CME,USD,0.0,6.25,125000.0,164075,1.3126,1.3111,0.04037133884327807,2628
29/01/2009,1.314,1.317,1.292,1.2953,188759.0,137122.0,EC1 Curncy,Future,CME,USD,0.0,6.25,125000.0,161913,1.2953,1.2939,0.0400744544566585,2629
30/01/2009,1.2931,1.2934,1.2759,1.2784,198516.0,142826.0,EC1 Curncy,Future,CME,USD,0.0,6.25,125000.0,159800,1.2784,1.2776,0.0395762883555144,2630
02/02/2009,1.2768,1.2894,1.2698,1.2821,143389.0,142465.0,EC1 Curncy,Future,CME,USD,0.0,6.25,125000.0,160263,1.2821,1.2818,0.03803576080478544,2631
03/02/2009,1.2814,1.305,1.2794,1.3,196197.0,142516.0,EC1 Curncy,Future,CME,USD,0.0,6.25,125000.0,162500,1.3,1.2997,0.03505355759404281,2632
04/02/2009,1.3013,1.3063,1.2804,1.2847,197432.0,151939.0,EC1 Curncy,Future,CME,USD,0.0,6.25,125000.0,160588,1.2847,1.2845,0.03179004194186554,2633
05/02/2009,1.283,1.2898,1.2753,1.2787,199381.0,155726.0,EC1 Curncy,Future,CME,USD,0.0,6.25,125000.0,159838,1.2787,1.2784,0.02919936243594365,2634
06/02/2009,1.2778,1.2988,1.2738,1.2935,211288.0,148104.0,EC1 Curncy,Future,CME,USD,0.0,6.25,125000.0,161688,1.2935,1.293,0.026085420576743967,2635
09/02/2009,1.2947,1.3087,1.2867,1.3017,172326.0,145556.0,EC1 Curncy,Future,CME,USD,0.0,6.25,125000.0,162713,1.3017,1.301,0.024458091367322535,2636
10/02/2009,1.2995,1.3069,1.2802,1.2859,269096.0,149083.0,EC1 Curncy,Future,CME,USD,0.0,6.25,125000.0,160738,1.2859,1.2854,0.02355947226345089,2637
11/02/2009,1.2902,1.2992,1.2826,1.2899,201606.0,149146.0,EC1 Curncy,Future,CME,USD,0.0,6.25,125000.0,161238,1.2899,1.2894,0.021355887556651153,2638
12/02/2009,1.2883,1.2939,1.2714,1.277,244619.0,153822.0,EC1 Curncy,Future,CME,USD,0.0,6.25,125000.0,159625,1.277,1.2765,0.017451015252195192,2639
13/02/2009,1.2888,1.2938,1.2816,1.277,155566.0,148675.0,EC1 Curncy,Future,CME,USD,0.0,6.25,125000.0,159625,1.277,1.2765,0.016188759474782616,2640
16/02/2009,1.2888,1.2938,1.2816,1.2874,155566.0,148675.0,EC1 Curncy,Future,CME,USD,0.0,6.25,125000.0,160925,1.2874,1.287,0.014341993120403743,2641
17/02/2009,1.2789,1.2874,1.2555,1.2614,257560.0,154242.0,EC1 Curncy,Future,CME,USD,0.0,6.25,125000.0,157675,1.2614,1.2615,0.015525813988292326,2642
18/02/2009,1.2577,1.2638,1.2508,1.2549,188977.0,152001.0,EC1 Curncy,Future,CME,USD,0.0,6.25,125000.0,156863,1.2549,1.2548,0.01696862103999814,2643
19/02/2009,1.2545,1.2757,1.2534,1.2681,193633.0,151115.0,EC1 Curncy,Future,CME,USD,0.0,6.25,125000.0,158513,1.2681,1.2679,0.017055668656854577,2644
20/02/2009,1.268,1.2881,1.2552,1.2836,258496.0,151996.0,EC1 Curncy,Future,CME,USD,0.0,6.25,125000.0,160450,1.2836,1.2834,0.016414732204103073,2645
23/02/2009,1.2814,1.2989,1.2686,1.2711,210858.0,149351.0,EC1 Curncy,Future,CME,USD,0.0,6.25,125000.0,158888,1.2711,1.2709,0.015394439472282312,2646
24/02/2009,1.2704,1.2874,1.2658,1.2849,195664.0,153848.0,EC1 Curncy,Future,CME,USD,0.0,6.25,125000.0,160613,1.2849,1.2847,0.015404099021551513,2647
25/02/2009,1.2864,1.2864,1.2686,1.2709,195418.0,157484.0,EC1 Curncy,Future,CME,USD,0.0,6.25,125000.0,158863,1.2709,1.2709,0.01570293815391788,2648
26/02/2009,1.2718,1.281,1.2679,1.2747,154665.0,155410.0,EC1 Curncy,Future,CME,USD,0.0,6.25,125000.0,159338,1.2747,1.2746,0.015588946938962112,2649
27/02/2009,1.2732,1.2748,1.2601,1.2696,230229.0,159991.0,EC1 Curncy,Future,CME,USD,0.0,6.25,125000.0,158700,1.2696,1.2695,0.015725681755198485,2650
02/03/2009,1.2615,1.2696,1.2543,1.257,149586.0,160655.0,EC1 Curncy,Future,CME,USD,0.0,6.25,125000.0,157125,1.257,1.257,0.01552499812128155,2651
03/03/2009,1.256,1.2678,1.252,1.2589,182315.0,162955.0,EC1 Curncy,Future,CME,USD,0.0,6.25,125000.0,157363,1.2589,1.2589,0.014452984697487558,2652
04/03/2009,1.2541,1.2666,1.2456,1.2642,184404.0,159743.0,EC1 Curncy,Future,CME,USD,0.0,6.25,125000.0,158025,1.2642,1.2642,0.013076374370054588,2653
05/03/2009,1.2647,1.2655,1.246,1.2543,198361.0,158638.0,EC1 Curncy,Future,CME,USD,0.0,6.25,125000.0,156788,1.2543,1.2544,0.013388287169481244,2654
06/03/2009,1.2542,1.2755,1.2536,1.2661,227278.0,142629.0,EC1 Curncy,Future,CME,USD,0.0,6.25,125000.0,158263,1.2661,1.2662,0.013536754904056538,2655
09/03/2009,1.2664,1.2727,1.2555,1.2629,185974.0,136388.0,EC1 Curncy,Future,CME,USD,0.0,6.25,125000.0,157863,1.2629,1.2634,0.0137140706332038,2656
10/03/2009,1.2605,1.2825,1.2576,1.2637,246176.0,121027.0,EC1 Curncy,Future,CME,USD,0.0,6.25,125000.0,157963,1.2637,1.2642,0.012867390307770663,2657
11/03/2009,1.268,1.2865,1.2615,1.2803,169049.0,105972.0,EC1 Curncy,Future,CME,USD,0.0,6.25,125000.0,160038,1.2803,1.2804,0.01273989534229035,2658
12/03/2009,1.2846,1.2947,1.2732,1.2864,186996.0,94615.0,EC1 Curncy,Future,CME,USD,0.0,6.25,125000.0,160800,1.2862,1.2864,0.012961792571471092,2659
13/03/2009,1.2906,1.2961,1.286,1.2901,151727.0,101603.0,EC1 Curncy,Future,CME,USD,0.0,6.25,125000.0,161263,1.2899,1.2901,0.012762967262063723,2660
16/03/2009,1.2935,1.3075,1.2836,1.2984,189692.0,103779.0,EC1 Curncy,Future,CME,USD,0.0,6.25,125000.0,162300,1.3005,1.2984,0.012474912157306391,2661
17/03/2009,1.2976,1.3037,1.2933,1.3007,151357.0,109472.0,EC1 Curncy,Future,CME,USD,0.0,6.25,125000.0,162588,1.3007,1.3019,0.01340220752957666,2662
18/03/2009,1.3016,1.3497,1.2988,1.3419,235841.0,113340.0,EC1 Curncy,Future,CME,USD,0.0,6.25,125000.0,167738,1.3419,1.3429,0.018869883412442296,2663
19/03/2009,1.3507,1.374,1.3415,1.366,234357.0,112906.0,EC1 Curncy,Future,CME,USD,0.0,6.25,125000.0,170750,1.366,1.3664,0.02605182335267818,2664
20/03/2009,1.3667,1.3725,1.3515,1.3552,186144.0,110228.0,EC1 Curncy,Future,CME,USD,0.0,6.25,125000.0,169400,1.3552,1.3558,0.03008638839518294,2665
23/03/2009,1.3636,1.3736,1.3485,1.363,163781.0,111881.0,EC1 Curncy,Future,CME,USD,0.0,6.25,125000.0,170375,1.363,1.3636,0.03408965776692081,2666
24/03/2009,1.3622,1.3678,1.3431,1.3519,211635.0,111598.0,EC1 Curncy,Future,CME,USD,0.0,6.25,125000.0,168988,1.3519,1.3525,0.03612066721420164,2667
25/03/2009,1.3472,1.3655,1.3418,1.3566,246557.0,114440.0,EC1 Curncy,Future,CME,USD,0.0,6.25,125000.0,169575,1.3566,1.3573,0.03774576135142966,2668
26/03/2009,1.3582,1.3642,1.3493,1.3514,169577.0,108307.0,EC1 Curncy,Future,CME,USD,0.0,6.25,125000.0,168925,1.3514,1.352,0.039053127488918614,2669
27/03/2009,1.3523,1.3593,1.3257,1.3305,187552.0,110921.0,EC1 Curncy,Future,CME,USD,0.0,6.25,125000.0,166313,1.3305,1.3311,0.03950882306522247,2670
30/03/2009,1.323,1.3305,1.3114,1.3164,165389.0,103878.0,EC1 Curncy,Future,CME,USD,0.0,6.25,125000.0,164550,1.3164,1.3171,0.03922190076983835,2671
31/03/2009,1.3204,1.3345,1.3164,1.3283,155128.0,102996.0,EC1 Curncy,Future,CME,USD,0.0,6.25,125000.0,166038,1.3283,1.329,0.039455969974969626,2672
01/04/2009,1.3247,1.3289,1.3167,1.3234,141021.0,102971.0,EC1 Curncy,Future,CME,USD,0.0,6.25,125000.0,165425,1.3234,1.3241,0.03910647090528233,2673
02/04/2009,1.3234,1.3519,1.3233,1.3443,224122.0,116229.0,EC1 Curncy,Future,CME,USD,0.0,6.25,125000.0,168038,1.3443,1.3447,0.03937488624320939,2674
03/04/2009,1.3465,1.3496,1.3363,1.3488,156470.0,118209.0,EC1 Curncy,Future,CME,USD,0.0,6.25,125000.0,168600,1.3488,1.349,0.03940471122423898,2675
06/04/2009,1.3514,1.3582,1.3356,1.3397,145754.0,115139.0,EC1 Curncy,Future,CME,USD,0.0,6.25,125000.0,167463,1.3397,1.3399,0.038185008838534804,2676
07/04/2009,1.3403,1.3407,1.3223,1.3252,143371.0,112090.0,EC1 Curncy,Future,CME,USD,0.0,6.25,125000.0,165650,1.3252,1.3255,0.036482236773517154,2677
08/04/2009,1.3264,1.3306,1.3146,1.323,143118.0,108282.0,EC1 Curncy,Future,CME,USD,0.0,6.25,125000.0,165375,1.323,1.3231,0.0348357574913903,2678
09/04/2009,1.3261,1.3335,1.3121,1.323,155503.0,106588.0,EC1 Curncy,Future,CME,USD,0.0,6.25,125000.0,165375,1.323,1.3231,0.03214651769630641,2679
10/04/2009,1.3261,1.3335,1.3121,1.3143,155503.0,106588.0,EC1 Curncy,Future,CME,USD,0.0,6.25,125000.0,164288,1.3143,1.3143,0.03006414919244511,2680
13/04/2009,1.3183,1.339,1.3123,1.3355,78937.0,107523.0,EC1 Curncy,Future,CME,USD,0.0,6.25,125000.0,166938,1.3355,1.3355,0.027359855019089226,2681
14/04/2009,1.336,1.3377,1.3221,1.3285,134494.0,106759.0,EC1 Curncy,Future,CME,USD,0.0,6.25,125000.0,166063,1.3285,1.3284,0.02404943381174634,2682
15/04/2009,1.3256,1.3292,1.3141,1.3183,155269.0,108053.0,EC1 Curncy,Future,CME,USD,0.0,6.25,125000.0,164788,1.3183,1.3182,0.0219589905657241,2683
16/04/2009,1.3209,1.3265,1.312,1.3165,146029.0,109430.0,EC1 Curncy,Future,CME,USD,0.0,6.25,125000.0,164563,1.3165,1.3163,0.020198780491213333,2684
17/04/2009,1.3173,1.3192,1.301,1.302,124107.0,110796.0,EC1 Curncy,Future,CME,USD,0.0,6.25,125000.0,162750,1.302,1.3015,0.01929935922940321,2685
20/04/2009,1.3043,1.3043,1.2882,1.2917,142470.0,105293.0,EC1 Curncy,Future,CME,USD,0.0,6.25,125000.0,161463,1.2917,1.2912,0.01982633097673105,2686
21/04/2009,1.2918,1.2989,1.2889,1.2924,128320.0,104235.0,EC1 Curncy,Future,CME,USD,0.0,6.25,125000.0,161550,1.2924,1.292,0.0204298866043244,2687
22/04/2009,1.2939,1.3032,1.2878,1.3013,165660.0,104182.0,EC1 Curncy,Future,CME,USD,0.0,6.25,125000.0,162663,1.3013,1.3009,0.021169992914474377,2688
23/04/2009,1.2994,1.3157,1.2974,1.3109,137689.0,105731.0,EC1 Curncy,Future,CME,USD,0.0,6.25,125000.0,163863,1.3109,1.3103,0.020094644394271815,2689
24/04/2009,1.313,1.3297,1.3107,1.3243,162042.0,107301.0,EC1 Curncy,Future,CME,USD,0.0,6.25,125000.0,165538,1.3243,1.3237,0.019264823729591877,2690
27/04/2009,1.324,1.3241,1.2994,1.3018,153518.0,108489.0,EC1 Curncy,Future,CME,USD,0.0,6.25,125000.0,162725,1.3018,1.3012,0.018290320755313692,2691
28/04/2009,1.3018,1.3165,1.2961,1.3146,155779.0,106868.0,EC1 Curncy,Future,CME,USD,0.0,6.25,125000.0,164325,1.3146,1.3143,0.01742024492744767,2692
29/04/2009,1.3139,1.336,1.3119,1.3288,166552.0,105724.0,EC1 Curncy,Future,CME,USD,0.0,6.25,125000.0,166100,1.3288,1.3284,0.01598119937089429,2693
30/04/2009,1.3255,1.3384,1.3185,1.3261,191401.0,111775.0,EC1 Curncy,Future,CME,USD,0.0,6.25,125000.0,165763,1.3261,1.3257,0.014756147871275346,2694
01/05/2009,1.3222,1.3328,1.3215,1.3265,69905.0,105891.0,EC1 Curncy,Future,CME,USD,0.0,6.25,125000.0,165813,1.3265,1.3261,0.014663284079596382,2695
04/05/2009,1.3275,1.3428,1.321,1.3371,128795.0,108753.0,EC1 Curncy,Future,CME,USD,0.0,6.25,125000.0,167138,1.3371,1.3367,0.015018491934909454,2696
05/05/2009,1.3414,1.3436,1.328,1.3311,155362.0,108103.0,EC1 Curncy,Future,CME,USD,0.0,6.25,125000.0,166388,1.3311,1.3307,0.015085088663940283,2697
06/05/2009,1.3312,1.3374,1.3244,1.3347,190627.0,111826.0,EC1 Curncy,Future,CME,USD,0.0,6.25,125000.0,166838,1.3347,1.3343,0.015322306179736908,2698
07/05/2009,1.3309,1.3469,1.325,1.337,251587.0,115409.0,EC1 Curncy,Future,CME,USD,0.0,6.25,125000.0,167125,1.337,1.3366,0.01493670758006168,2699
08/05/2009,1.3385,1.3649,1.3339,1.3618,179760.0,116259.0,EC1 Curncy,Future,CME,USD,0.0,6.25,125000.0,170225,1.3618,1.3612,0.016113066126561253,2700
11/05/2009,1.3654,1.3668,1.3555,1.3595,142861.0,119360.0,EC1 Curncy,Future,CME,USD,0.0,6.25,125000.0,169938,1.3595,1.3588,0.017457803412770215,2701
12/05/2009,1.3575,1.3705,1.356,1.3637,191574.0,122104.0,EC1 Curncy,Future,CME,USD,0.0,6.25,125000.0,170463,1.3637,1.3629,0.01929484559838687,2702
13/05/2009,1.3642,1.3719,1.3562,1.3607,188666.0,120645.0,EC1 Curncy,Future,CME,USD,0.0,6.25,125000.0,170088,1.3607,1.36,0.02062639247822024,2703
14/05/2009,1.3588,1.3664,1.3522,1.365,149473.0,117885.0,EC1 Curncy,Future,CME,USD,0.0,6.25,125000.0,170625,1.365,1.3643,0.02205933060329735,2704
15/05/2009,1.3635,1.365,1.3455,1.3471,179730.0,116912.0,EC1 Curncy,Future,CME,USD,0.0,6.25,125000.0,168388,1.3471,1.3463,0.02222474746760685,2705
18/05/2009,1.3481,1.3563,1.342,1.3533,152021.0,116837.0,EC1 Curncy,Future,CME,USD,0.0,6.25,125000.0,169163,1.3533,1.3526,0.022731811777013288,2706
19/05/2009,1.3551,1.3665,1.3528,1.3648,195033.0,123025.0,EC1 Curncy,Future,CME,USD,0.0,6.25,125000.0,170600,1.3648,1.3637,0.023806651731513036,2707
20/05/2009,1.3625,1.3826,1.3579,1.38,228141.0,129907.0,EC1 Curncy,Future,CME,USD,0.0,6.25,125000.0,172500,1.38,1.3787,0.025584287495756825,2708
21/05/2009,1.3759,1.3922,1.3724,1.3888,227309.0,128738.0,EC1 Curncy,Future,CME,USD,0.0,6.25,125000.0,173600,1.3888,1.3876,0.027611214509063578,2709
22/05/2009,1.3899,1.4048,1.3894,1.3888,183497.0,129826.0,EC1 Curncy,Future,CME,USD,0.0,6.25,125000.0,173600,1.3888,1.3876,0.028572167692800347,2710
25/05/2009,1.3899,1.4048,1.3894,1.4013,183497.0,129826.0,EC1 Curncy,Future,CME,USD,0.0,6.25,125000.0,175163,1.4013,1.4002,0.02930376938209168,2711
26/05/2009,1.4023,1.4034,1.3857,1.3982,216794.0,132802.0,EC1 Curncy,Future,CME,USD,0.0,6.25,125000.0,174775,1.3982,1.3972,0.029172294504640147,2712
27/05/2009,1.3985,1.3999,1.3825,1.3916,241414.0,131913.0,EC1 Curncy,Future,CME,USD,0.0,6.25,125000.0,173950,1.3916,1.3905,0.02869846105047164,2713
28/05/2009,1.3835,1.3981,1.3791,1.396,204364.0,131755.0,EC1 Curncy,Future,CME,USD,0.0,6.25,125000.0,174500,1.396,1.395,0.028679674568099375,2714
29/05/2009,1.3933,1.4168,1.3922,1.4131,251387.0,130409.0,EC1 Curncy,Future,CME,USD,0.0,6.25,125000.0,176638,1.4131,1.4121,0.0301415283841425,2715
01/06/2009,1.4133,1.4245,1.4097,1.4169,207839.0,132572.0,EC1 Curncy,Future,CME,USD,0.0,6.25,125000.0,177113,1.4169,1.4159,0.029852470584504576,2716
02/06/2009,1.4152,1.4332,1.4101,1.4318,239900.0,136394.0,EC1 Curncy,Future,CME,USD,0.0,6.25,125000.0,178975,1.4318,1.4307,0.03103875427051402,2717
03/06/2009,1.4304,1.4338,1.4108,1.4133,264799.0,133047.0,EC1 Curncy,Future,CME,USD,0.0,6.25,125000.0,176663,1.4133,1.4121,0.031175932490710434,2718
04/06/2009,1.4147,1.4241,1.4069,1.4178,277174.0,135962.0,EC1 Curncy,Future,CME,USD,0.0,6.25,125000.0,177225,1.4178,1.4164,0.03100239883189657,2719
05/06/2009,1.4177,1.4267,1.3931,1.3961,283258.0,128161.0,EC1 Curncy,Future,CME,USD,0.0,6.25,125000.0,174513,1.3961,1.3948,0.029537744215358888,2720
08/06/2009,1.3943,1.4002,1.3804,1.3891,217966.0,118886.0,EC1 Curncy,Future,CME,USD,0.0,6.25,125000.0,173638,1.3891,1.3878,0.02834592857299422,2721
09/06/2009,1.3897,1.4103,1.385,1.4077,234735.0,109287.0,EC1 Curncy,Future,CME,USD,0.0,6.25,125000.0,175963,1.4077,1.4063,0.026938189743657154,2722
10/06/2009,1.4071,1.4144,1.3913,1.3968,254515.0,85541.0,EC1 Curncy,Future,CME,USD,0.0,6.25,125000.0,174600,1.3968,1.3955,0.025086415978877178,2723
11/06/2009,1.3956,1.4166,1.3929,1.4115,133092.0,95166.0,EC1 Curncy,Future,CME,USD,0.0,6.25,125000.0,176438,1.4128,1.4115,0.023442772873501636,2724
12/06/2009,1.4085,1.4116,1.3922,1.3998,169516.0,110351.0,EC1 Curncy,Future,CME,USD,0.0,6.25,125000.0,174975,1.4011,1.3998,0.022858148073103175,2725
15/06/2009,1.3978,1.3989,1.3742,1.3775,207863.0,106536.0,EC1 Curncy,Future,CME,USD,0.0,6.25,125000.0,172188,1.385,1.3775,0.022125617128837493,2726
16/06/2009,1.3777,1.3922,1.3736,1.3834,199810.0,105728.0,EC1 Curncy,Future,CME,USD,0.0,6.25,125000.0,172925,1.3834,1.3827,0.02145999534013393,2727
17/06/2009,1.3822,1.3976,1.3795,1.3955,209080.0,108507.0,EC1 Curncy,Future,CME,USD,0.0,6.25,125000.0,174438,1.3955,1.395,0.02047722149117315,2728
18/06/2009,1.3932,1.3994,1.3863,1.3892,202615.0,110102.0,EC1 Curncy,Future,CME,USD,0.0,6.25,125000.0,173650,1.3892,1.3891,0.01965348315181202,2729
19/06/2009,1.3896,1.4007,1.3875,1.3948,154347.0,109428.0,EC1 Curncy,Future,CME,USD,0.0,6.25,125000.0,174350,1.3948,1.3947,0.017056931142457883,2730
22/06/2009,1.3942,1.3945,1.3818,1.3862,194318.0,110371.0,EC1 Curncy,Future,CME,USD,0.0,6.25,125000.0,173275,1.3862,1.3861,0.014747344393659809,2731
23/06/2009,1.3848,1.4103,1.3821,1.4076,277272.0,117161.0,EC1 Curncy,Future,CME,USD,0.0,6.25,125000.0,175950,1.4076,1.4074,0.01323622932202372,2732
24/06/2009,1.407,1.4133,1.3884,1.3919,266058.0,113111.0,EC1 Curncy,Future,CME,USD,0.0,6.25,125000.0,173988,1.3919,1.3918,0.012732154831967678,2733
25/06/2009,1.3927,1.4012,1.3886,1.3985,236598.0,109991.0,EC1 Curncy,Future,CME,USD,0.0,6.25,125000.0,174813,1.3985,1.3984,0.012542437296309777,2734
26/06/2009,1.3991,1.4116,1.398,1.4075,198006.0,110392.0,EC1 Curncy,Future,CME,USD,0.0,6.25,125000.0,175938,1.4075,1.4072,0.012417570884242689,2735
29/06/2009,1.4058,1.4101,1.3979,1.4081,150162.0,112979.0,EC1 Curncy,Future,CME,USD,0.0,6.25,125000.0,176013,1.4081,1.4078,0.012509412456167691,2736
30/06/2009,1.4072,1.4149,1.3998,1.404,233978.0,113651.0,EC1 Curncy,Future,CME,USD,0.0,6.25,125000.0,175500,1.404,1.4038,0.012513043860915245,2737
01/07/2009,1.4035,1.4202,1.3999,1.4147,219328.0,118866.0,EC1 Curncy,Future,CME,USD,0.0,6.25,125000.0,176838,1.4147,1.4144,0.012640085706401813,2738
02/07/2009,1.4148,1.4152,1.3988,1.4147,228046.0,112039.0,EC1 Curncy,Future,CME,USD,0.0,6.25,125000.0,176838,1.4147,1.4144,0.012825138075871902,2739
03/07/2009,1.4148,1.4152,1.3988,1.4025,228046.0,112039.0,EC1 Curncy,Future,CME,USD,0.0,6.25,125000.0,175313,1.4025,1.4021,0.01264088208941587,2740
06/07/2009,1.3961,1.3998,1.3876,1.396,227638.0,118949.0,EC1 Curncy,Future,CME,USD,0.0,6.25,125000.0,174500,1.396,1.3957,0.012320477533975147,2741
07/07/2009,1.3974,1.4051,1.3902,1.3927,206072.0,120028.0,EC1 Curncy,Future,CME,USD,0.0,6.25,125000.0,174088,1.3927,1.3925,0.01067818180521362,2742
08/07/2009,1.3917,1.3938,1.3831,1.385,232588.0,121230.0,EC1 Curncy,Future,CME,USD,0.0,6.25,125000.0,173125,1.385,1.3848,0.01069583563816008,2743
09/07/2009,1.3874,1.4074,1.3858,1.4035,251701.0,123618.0,EC1 Curncy,Future,CME,USD,0.0,6.25,125000.0,175438,1.4035,1.4032,0.009993602953816941,2744
10/07/2009,1.402,1.4031,1.3877,1.395,196965.0,115486.0,EC1 Curncy,Future,CME,USD,0.0,6.25,125000.0,174375,1.395,1.3947,0.010005520142994679,2745
13/07/2009,1.3945,1.4003,1.3898,1.3974,177078.0,113358.0,EC1 Curncy,Future,CME,USD,0.0,6.25,125000.0,174675,1.3974,1.3971,0.0098296320717107,2746
14/07/2009,1.3989,1.4018,1.3913,1.3935,179240.0,114982.0,EC1 Curncy,Future,CME,USD,0.0,6.25,125000.0,174188,1.3935,1.3935,0.009682627053915023,2747
15/07/2009,1.3972,1.4137,1.3964,1.413,220833.0,132097.0,EC1 Curncy,Future,CME,USD,0.0,6.25,125000.0,176625,1.413,1.413,0.010137882750614306,2748
16/07/2009,1.4102,1.4167,1.4057,1.4148,177036.0,134643.0,EC1 Curncy,Future,CME,USD,0.0,6.25,125000.0,176850,1.4148,1.4148,0.010333260214724216,2749
17/07/2009,1.4144,1.4149,1.4064,1.414,150003.0,136872.0,EC1 Curncy,Future,CME,USD,0.0,6.25,125000.0,176750,1.414,1.4139,0.010778528037965052,2750
20/07/2009,1.4116,1.4251,1.4109,1.4219,180361.0,140817.0,EC1 Curncy,Future,CME,USD,0.0,6.25,125000.0,177738,1.4219,1.4219,0.010704815115880697,2751
21/07/2009,1.4227,1.4279,1.4164,1.4195,201509.0,140752.0,EC1 Curncy,Future,CME,USD,0.0,6.25,125000.0,177438,1.4195,1.4195,0.010664270564139825,2752
22/07/2009,1.4216,1.4258,1.4156,1.4228,169965.0,141445.0,EC1 Curncy,Future,CME,USD,0.0,6.25,125000.0,177850,1.4228,1.4227,0.011300631250738716,2753
23/07/2009,1.4208,1.4294,1.4119,1.4204,236743.0,141440.0,EC1 Curncy,Future,CME,USD,0.0,6.25,125000.0,177550,1.4204,1.4204,0.011372188297120518,2754
24/07/2009,1.415,1.4255,1.4135,1.4216,166162.0,137328.0,EC1 Curncy,Future,CME,USD,0.0,6.25,125000.0,177700,1.4216,1.4216,0.01165001859791756,2755
27/07/2009,1.4227,1.4299,1.4171,1.4244,181275.0,137254.0,EC1 Curncy,Future,CME,USD,0.0,6.25,125000.0,178050,1.4244,1.4243,0.011466036804340135,2756
28/07/2009,1.4242,1.4306,1.4131,1.4177,257173.0,133594.0,EC1 Curncy,Future,CME,USD,0.0,6.25,125000.0,177213,1.4177,1.4176,0.011649838339299527,2757
29/07/2009,1.4169,1.4197,1.4007,1.4008,298175.0,119644.0,EC1 Curncy,Future,CME,USD,0.0,6.25,125000.0,175100,1.4008,1.4007,0.011273493986566187,2758
30/07/2009,1.4038,1.4096,1.4008,1.4077,224051.0,116067.0,EC1 Curncy,Future,CME,USD,0.0,6.25,125000.0,175963,1.4077,1.4077,0.011093748990541557,2759
31/07/2009,1.407,1.4282,1.4065,1.4254,284727.0,131782.0,EC1 Curncy,Future,CME,USD,0.0,6.25,125000.0,178175,1.4254,1.4254,0.011591127353791088,2760
03/08/2009,1.4269,1.4446,1.4207,1.4409,269338.0,138881.0,EC1 Curncy,Future,CME,USD,0.0,6.25,125000.0,180113,1.4409,1.4409,0.013200791642869835,2761
04/08/2009,1.4418,1.4433,1.4368,1.4389,168745.0,135969.0,EC1 Curncy,Future,CME,USD,0.0,6.25,125000.0,179863,1.4389,1.4388,0.01427985527465594,2762
05/08/2009,1.44,1.4449,1.4355,1.443,200410.0,141220.0,EC1 Curncy,Future,CME,USD,0.0,6.25,125000.0,180375,1.443,1.4429,0.01557018197276804,2763
06/08/2009,1.4415,1.4433,1.4329,1.4343,207832.0,141298.0,EC1 Curncy,Future,CME,USD,0.0,6.25,125000.0,179288,1.4343,1.4343,0.016138043045294297,2764
07/08/2009,1.4353,1.4419,1.4155,1.4172,273006.0,142056.0,EC1 Curncy,Future,CME,USD,0.0,6.25,125000.0,177150,1.4172,1.4172,0.015973547925610253,2765
10/08/2009,1.4175,1.422,1.4105,1.4132,175885.0,130994.0,EC1 Curncy,Future,CME,USD,0.0,6.25,125000.0,176650,1.4132,1.4131,0.015509166106911186,2766
11/08/2009,1.4144,1.4187,1.411,1.4148,165312.0,127136.0,EC1 Curncy,Future,CME,USD,0.0,6.25,125000.0,176850,1.4148,1.4147,0.01478973517900473,2767
12/08/2009,1.4148,1.4249,1.4087,1.4214,249029.0,136514.0,EC1 Curncy,Future,CME,USD,0.0,6.25,125000.0,177675,1.4214,1.4213,0.01332728029263334,2768
13/08/2009,1.4205,1.4329,1.4201,1.4264,215474.0,136042.0,EC1 Curncy,Future,CME,USD,0.0,6.25,125000.0,178300,1.4264,1.4263,0.013111318265722666,2769
14/08/2009,1.4283,1.4308,1.416,1.417,166529.0,124159.0,EC1 Curncy,Future,CME,USD,0.0,6.25,125000.0,177125,1.417,1.4169,0.012180585645405828,2770
17/08/2009,1.4192,1.4195,1.4045,1.4082,186801.0,120425.0,EC1 Curncy,Future,CME,USD,0.0,6.25,125000.0,176025,1.4082,1.4081,0.011547305601960288,2771
18/08/2009,1.4073,1.4157,1.4068,1.4139,176720.0,123822.0,EC1 Curncy,Future,CME,USD,0.0,6.25,125000.0,176738,1.4139,1.4139,0.01026772938214957,2772
19/08/2009,1.413,1.4268,1.4085,1.424,264852.0,126224.0,EC1 Curncy,Future,CME,USD,0.0,6.25,125000.0,178000,1.424,1.4239,0.010166887429217846,2773
20/08/2009,1.4229,1.4279,1.4201,1.4256,163412.0,122320.0,EC1 Curncy,Future,CME,USD,0.0,6.25,125000.0,178200,1.4256,1.4255,0.010123240587795238,2774
21/08/2009,1.4247,1.4378,1.4208,1.4336,223974.0,123631.0,EC1 Curncy,Future,CME,USD,0.0,6.25,125000.0,179200,1.4336,1.4335,0.010283955140494953,2775
24/08/2009,1.4342,1.436,1.4281,1.4288,140613.0,121624.0,EC1 Curncy,Future,CME,USD,0.0,6.25,125000.0,178600,1.4288,1.4287,0.010368260863409575,2776
25/08/2009,1.4299,1.4372,1.4253,1.4308,176910.0,124049.0,EC1 Curncy,Future,CME,USD,0.0,6.25,125000.0,178850,1.4308,1.4307,0.010479556288239223,2777
26/08/2009,1.4297,1.4353,1.4206,1.4241,197537.0,123045.0,EC1 Curncy,Future,CME,USD,0.0,6.25,125000.0,178013,1.4241,1.424,0.010482202376649695,2778
27/08/2009,1.4244,1.4409,1.422,1.4372,229045.0,130843.0,EC1 Curncy,Future,CME,USD,0.0,6.25,125000.0,179650,1.4372,1.4371,0.010843272876075553,2779
28/08/2009,1.4347,1.439,1.4281,1.4287,176381.0,126399.0,EC1 Curncy,Future,CME,USD,0.0,6.25,125000.0,178588,1.4287,1.4286,0.01088064029971125,2780
31/08/2009,1.4305,1.4368,1.4256,1.433,162745.0,127750.0,EC1 Curncy,Future,CME,USD,0.0,6.25,125000.0,179125,1.433,1.4329,0.011031352289347764,2781
01/09/2009,1.4331,1.4379,1.4177,1.4214,256408.0,121432.0,EC1 Curncy,Future,CME,USD,0.0,6.25,125000.0,177675,1.4214,1.4214,0.010964234279314589,2782
02/09/2009,1.4222,1.4296,1.4189,1.4272,204208.0,118743.0,EC1 Curncy,Future,CME,USD,0.0,6.25,125000.0,178400,1.4272,1.4272,0.009805428768375729,2783
03/09/2009,1.4264,1.435,1.4237,1.425,198535.0,118558.0,EC1 Curncy,Future,CME,USD,0.0,6.25,125000.0,178125,1.425,1.425,0.009083088681629862,2784
04/09/2009,1.4255,1.433,1.4191,1.425,218074.0,116454.0,EC1 Curncy,Future,CME,USD,0.0,6.25,125000.0,178125,1.425,1.425,0.009084835349729016,2785
07/09/2009,1.4255,1.433,1.4191,1.4309,218074.0,116454.0,EC1 Curncy,Future,CME,USD,0.0,6.25,125000.0,178863,1.4309,1.4309,0.008616122484332606,2786
08/09/2009,1.4309,1.4536,1.4303,1.4489,297778.0,107568.0,EC1 Curncy,Future,CME,USD,0.0,6.25,125000.0,181113,1.4489,1.4489,0.00944462280868603,2787
09/09/2009,1.4494,1.4602,1.4467,1.4543,199920.0,80116.0,EC1 Curncy,Future,CME,USD,0.0,6.25,125000.0,181788,1.4543,1.4543,0.010496724885967151,2788
10/09/2009,1.4567,1.4613,1.4502,1.4583,191080.0,131032.0,EC1 Curncy,Future,CME,USD,0.0,6.25,125000.0,182288,1.4583,1.4583,0.01219135896164471,2789
11/09/2009,1.4581,1.4635,1.4552,1.4592,203402.0,147877.0,EC1 Curncy,Future,CME,USD,0.0,6.25,125000.0,182400,1.4594,1.4592,0.013525650939295397,2790
14/09/2009,1.4596,1.4652,1.4514,1.4613,214700.0,152793.0,EC1 Curncy,Future,CME,USD,0.0,6.25,125000.0,182663,1.4606,1.4613,0.014533065746714117,2791
15/09/2009,1.4625,1.4685,1.4558,1.4658,233857.0,155919.0,EC1 Curncy,Future,CME,USD,0.0,6.25,125000.0,183225,1.4658,1.4657,0.015675458525934733,2792
16/09/2009,1.4659,1.4737,1.4641,1.4722,241223.0,149795.0,EC1 Curncy,Future,CME,USD,0.0,6.25,125000.0,184025,1.4722,1.4721,0.01729139284918804,2793
17/09/2009,1.4708,1.4773,1.4687,1.4747,210889.0,155200.0,EC1 Curncy,Future,CME,USD,0.0,6.25,125000.0,184338,1.4747,1.4746,0.018888066779449302,2794
18/09/2009,1.4742,1.4744,1.4646,1.472,177035.0,157591.0,EC1 Curncy,Future,CME,USD,0.0,6.25,125000.0,184000,1.472,1.4719,0.019630097639379843,2795
21/09/2009,1.4695,1.4712,1.461,1.4677,176858.0,159115.0,EC1 Curncy,Future,CME,USD,0.0,6.25,125000.0,183463,1.4677,1.4676,0.01929842566976819,2796
22/09/2009,1.468,1.4822,1.4675,1.479,181689.0,160096.0,EC1 Curncy,Future,CME,USD,0.0,6.25,125000.0,184875,1.479,1.4789,0.01977108831935026,2797
23/09/2009,1.4785,1.4844,1.4726,1.4797,229402.0,165128.0,EC1 Curncy,Future,CME,USD,0.0,6.25,125000.0,184963,1.4797,1.4796,0.020507240184827368,2798
24/09/2009,1.4699,1.4802,1.4627,1.4653,283645.0,161829.0,EC1 Curncy,Future,CME,USD,0.0,6.25,125000.0,183163,1.4653,1.4652,0.020351778791992264,2799
25/09/2009,1.4664,1.4725,1.4614,1.4664,225108.0,164311.0,EC1 Curncy,Future,CME,USD,0.0,6.25,125000.0,183300,1.4664,1.4663,0.020430864723048534,2800
28/09/2009,1.47,1.4719,1.4562,1.459,234719.0,165843.0,EC1 Curncy,Future,CME,USD,0.0,6.25,125000.0,182375,1.459,1.4589,0.020046626482565586,2801
29/09/2009,1.4611,1.4646,1.4521,1.4568,245299.0,164172.0,EC1 Curncy,Future,CME,USD,0.0,6.25,125000.0,182100,1.4568,1.4566,0.01964243450622891,2802
30/09/2009,1.4585,1.4674,1.4574,1.4645,294482.0,172930.0,EC1 Curncy,Future,CME,USD,0.0,6.25,125000.0,183063,1.4645,1.4642,0.018923816563565607,2803
01/10/2009,1.4639,1.4667,1.4515,1.4534,262497.0,165049.0,EC1 Curncy,Future,CME,USD,0.0,6.25,125000.0,181675,1.4534,1.453,0.018623088716200522,2804
02/10/2009,1.4539,1.4647,1.4479,1.4587,297781.0,169099.0,EC1 Curncy,Future,CME,USD,0.0,6.25,125000.0,182338,1.4587,1.4583,0.017877344135286608,2805
05/10/2009,1.4587,1.4668,1.4578,1.466,157196.0,167428.0,EC1 Curncy,Future,CME,USD,0.0,6.25,125000.0,183250,1.466,1.4656,0.017382244772510165,2806
06/10/2009,1.4649,1.4761,1.4644,1.4709,207435.0,169646.0,EC1 Curncy,Future,CME,USD,0.0,6.25,125000.0,183863,1.4709,1.4705,0.015979109278412316,2807
07/10/2009,1.4722,1.4736,1.4645,1.4668,221072.0,168502.0,EC1 Curncy,Future,CME,USD,0.0,6.25,125000.0,183350,1.4668,1.4662,0.014656327416219623,2808
08/10/2009,1.4685,1.4816,1.468,1.4775,281045.0,170202.0,EC1 Curncy,Future,CME,USD,0.0,6.25,125000.0,184688,1.4775,1.4767,0.013100302795409552,2809
09/10/2009,1.4793,1.4793,1.467,1.4707,212759.0,164134.0,EC1 Curncy,Future,CME,USD,0.0,6.25,125000.0,183838,1.4707,1.4699,0.010658056420601972,2810
12/10/2009,1.4718,1.4811,1.4674,1.4787,122454.0,163673.0,EC1 Curncy,Future,CME,USD,0.0,6.25,125000.0,184838,1.4787,1.4779,0.00855215957120694,2811
13/10/2009,1.4773,1.4874,1.4758,1.482,247927.0,164218.0,EC1 Curncy,Future,CME,USD,0.0,6.25,125000.0,185250,1.482,1.4811,0.008368934619454822,2812
14/10/2009,1.4851,1.4944,1.4836,1.4903,218334.0,166924.0,EC1 Curncy,Future,CME,USD,0.0,6.25,125000.0,186288,1.4903,1.4894,0.009114333034550483,2813
15/10/2009,1.493,1.4964,1.484,1.4926,244378.0,169955.0,EC1 Curncy,Future,CME,USD,0.0,6.25,125000.0,186575,1.4926,1.4916,0.010023602146834272,2814
16/10/2009,1.4935,1.4965,1.4846,1.4897,219870.0,165316.0,EC1 Curncy,Future,CME,USD,0.0,6.25,125000.0,186213,1.4897,1.4887,0.010493359805039142,2815
19/10/2009,1.4897,1.4965,1.4826,1.4942,189175.0,169140.0,EC1 Curncy,Future,CME,USD,0.0,6.25,125000.0,186775,1.4942,1.4933,0.011228448987490104,2816
20/10/2009,1.4963,1.4992,1.488,1.4925,252680.0,167737.0,EC1 Curncy,Future,CME,USD,0.0,6.25,125000.0,186563,1.4925,1.4916,0.011810980766416445,2817
21/10/2009,1.4935,1.5045,1.4886,1.5034,297781.0,174274.0,EC1 Curncy,Future,CME,USD,0.0,6.25,125000.0,187925,1.5034,1.5025,0.013215962570492144,2818
22/10/2009,1.5004,1.5038,1.4942,1.5024,222875.0,168422.0,EC1 Curncy,Future,CME,USD,0.0,6.25,125000.0,187800,1.5024,1.5016,0.014314035070446537,2819
23/10/2009,1.5028,1.5059,1.4983,1.5,232306.0,169120.0,EC1 Curncy,Future,CME,USD,0.0,6.25,125000.0,187500,1.5,1.4992,0.015063186913729909,2820
26/10/2009,1.5,1.5062,1.4843,1.4857,261141.0,166175.0,EC1 Curncy,Future,CME,USD,0.0,6.25,125000.0,185713,1.4857,1.485,0.015023900958072047,2821
27/10/2009,1.487,1.4927,1.4767,1.4806,330482.0,162404.0,EC1 Curncy,Future,CME,USD,0.0,6.25,125000.0,185075,1.4806,1.4799,0.015032418301722368,2822
28/10/2009,1.4807,1.4839,1.469,1.4718,318928.0,163848.0,EC1 Curncy,Future,CME,USD,0.0,6.25,125000.0,183975,1.4718,1.4712,0.015076236267648507,2823
29/10/2009,1.4719,1.4858,1.4681,1.4844,312544.0,171304.0,EC1 Curncy,Future,CME,USD,0.0,6.25,125000.0,185550,1.4844,1.4837,0.014910203441422947,2824
30/10/2009,1.4833,1.4857,1.4702,1.4726,313640.0,166762.0,EC1 Curncy,Future,CME,USD,0.0,6.25,125000.0,184075,1.4726,1.4719,0.014753726082969189,2825
02/11/2009,1.473,1.4843,1.47,1.4751,277473.0,163095.0,EC1 Curncy,Future,CME,USD,0.0,6.25,125000.0,184388,1.4751,1.4745,0.014203289525010755,2826
03/11/2009,1.4772,1.4811,1.4624,1.4701,333458.0,157983.0,EC1 Curncy,Future,CME,USD,0.0,6.25,125000.0,183763,1.4701,1.4695,0.013561885316255856,2827
04/11/2009,1.4718,1.4908,1.47,1.4895,290221.0,165378.0,EC1 Curncy,Future,CME,USD,0.0,6.25,125000.0,186188,1.4895,1.4889,0.013307256165889403,2828
05/11/2009,1.4874,1.4916,1.481,1.4867,207097.0,166363.0,EC1 Curncy,Future,CME,USD,0.0,6.25,125000.0,185838,1.4867,1.486,0.01206018518367736,2829
06/11/2009,1.4872,1.4913,1.4812,1.4835,260485.0,160356.0,EC1 Curncy,Future,CME,USD,0.0,6.25,125000.0,185438,1.4835,1.4829,0.011029805075245735,2830
09/11/2009,1.4874,1.5019,1.4851,1.4996,194821.0,160367.0,EC1 Curncy,Future,CME,USD,0.0,6.25,125000.0,187450,1.4996,1.499,0.01090470540628704,2831
10/11/2009,1.4996,1.5019,1.4936,1.4979,220304.0,159935.0,EC1 Curncy,Future,CME,USD,0.0,6.25,125000.0,187238,1.4979,1.4973,0.010843458857666093,2832
11/11/2009,1.4983,1.5048,1.4951,1.4962,228091.0,161663.0,EC1 Curncy,Future,CME,USD,0.0,6.25,125000.0,187025,1.4962,1.4956,0.010308326731234713,2833
12/11/2009,1.4982,1.5016,1.482,1.4863,315833.0,162515.0,EC1 Curncy,Future,CME,USD,0.0,6.25,125000.0,185788,1.4863,1.4857,0.01012949488694042,2834
13/11/2009,1.4846,1.4937,1.4823,1.4893,246095.0,160481.0,EC1 Curncy,Future,CME,USD,0.0,6.25,125000.0,186163,1.4893,1.4887,0.009543954456332361,2835
16/11/2009,1.4921,1.5015,1.4878,1.4983,279006.0,160004.0,EC1 Curncy,Future,CME,USD,0.0,6.25,125000.0,187288,1.4983,1.4976,0.009569932079062708,2836
17/11/2009,1.4965,1.4998,1.4806,1.4853,280662.0,168760.0,EC1 Curncy,Future,CME,USD,0.0,6.25,125000.0,185663,1.4853,1.4845,0.009497762894380571,2837
18/11/2009,1.4863,1.499,1.4862,1.4938,259800.0,170692.0,EC1 Curncy,Future,CME,USD,0.0,6.25,125000.0,186725,1.4938,1.4929,0.009547687328940168,2838
19/11/2009,1.4961,1.4963,1.4842,1.4917,285426.0,169121.0,EC1 Curncy,Future,CME,USD,0.0,6.25,125000.0,186463,1.4917,1.4907,0.009534685801388788,2839
20/11/2009,1.4913,1.4934,1.4799,1.4855,269615.0,170031.0,EC1 Curncy,Future,CME,USD,0.0,6.25,125000.0,185688,1.4855,1.4843,0.009555586498546613,2840
23/11/2009,1.4852,1.4999,1.4848,1.4972,201592.0,171971.0,EC1 Curncy,Future,CME,USD,0.0,6.25,125000.0,187150,1.4972,1.4961,0.00964651405074421,2841
24/11/2009,1.4959,1.4988,1.4886,1.4975,249545.0,169892.0,EC1 Curncy,Future,CME,USD,0.0,6.25,125000.0,187188,1.4975,1.4965,0.009777878092810862,2842
25/11/2009,1.4964,1.5144,1.4954,1.4975,266464.0,177549.0,EC1 Curncy,Future,CME,USD,0.0,6.25,125000.0,187188,1.4975,1.4965,0.009481956549039465,2843
26/11/2009,1.4964,1.5144,1.4954,1.5137,152700.0,177549.0,EC1 Curncy,Future,CME,USD,0.0,6.25,125000.0,189213,1.5137,1.5128,0.010386446296233164,2844
27/11/2009,1.5137,1.5141,1.4827,1.496,453052.0,170546.0,EC1 Curncy,Future,CME,USD,0.0,6.25,125000.0,187000,1.496,1.4954,0.010242831639633163,2845
30/11/2009,1.501,1.5084,1.4964,1.4991,274033.0,171262.0,EC1 Curncy,Future,CME,USD,0.0,6.25,125000.0,187388,1.4991,1.4984,0.010410440272367575,2846
01/12/2009,1.5005,1.5118,1.497,1.5094,268011.0,167663.0,EC1 Curncy,Future,CME,USD,0.0,6.25,125000.0,188675,1.5094,1.5088,0.010955896433634423,2847
02/12/2009,1.5077,1.511,1.5032,1.5035,226483.0,164147.0,EC1 Curncy,Future,CME,USD,0.0,6.25,125000.0,187938,1.5035,1.5029,0.01049985396713594,2848
03/12/2009,1.5046,1.5142,1.5045,1.509,309711.0,167291.0,EC1 Curncy,Future,CME,USD,0.0,6.25,125000.0,188625,1.509,1.5084,0.01090403289297921,2849
04/12/2009,1.5052,1.5092,1.4821,1.4827,451403.0,168045.0,EC1 Curncy,Future,CME,USD,0.0,6.25,125000.0,185338,1.4827,1.4822,0.010287463244057594,2850
07/12/2009,1.4871,1.4905,1.4755,1.482,310855.0,149634.0,EC1 Curncy,Future,CME,USD,0.0,6.25,125000.0,185250,1.482,1.4815,0.009860405671058064,2851
08/12/2009,1.4827,1.4867,1.468,1.4682,330763.0,137786.0,EC1 Curncy,Future,CME,USD,0.0,6.25,125000.0,183525,1.4682,1.4677,0.010054902618349983,2852
09/12/2009,1.4704,1.4782,1.4667,1.4715,304302.0,119417.0,EC1 Curncy,Future,CME,USD,0.0,6.25,125000.0,183938,1.4715,1.4711,0.01096243890128956,2853
10/12/2009,1.4737,1.476,1.4684,1.4719,168421.0,97841.0,EC1 Curncy,Future,CME,USD,0.0,6.25,125000.0,183988,1.4719,1.4714,0.011684565317739074,2854
11/12/2009,1.4726,1.4772,1.4581,1.4614,272679.0,126868.0,EC1 Curncy,Future,CME,USD,0.0,6.25,125000.0,182675,1.4619,1.4614,0.013122722024457571,2855
14/12/2009,1.4611,1.4682,1.4599,1.4643,194822.0,130217.0,EC1 Curncy,Future,CME,USD,0.0,6.25,125000.0,183038,1.4641,1.4643,0.014066589257214917,2856
15/12/2009,1.4648,1.4655,1.4497,1.4523,241078.0,130530.0,EC1 Curncy,Future,CME,USD,0.0,6.25,125000.0,181538,1.4523,1.4516,0.015839877945590608,2857
16/12/2009,1.4536,1.4588,1.4501,1.4512,238175.0,128308.0,EC1 Curncy,Future,CME,USD,0.0,6.25,125000.0,181400,1.4512,1.4506,0.017369275555739812,2858
17/12/2009,1.4528,1.4531,1.4302,1.4347,302014.0,127941.0,EC1 Curncy,Future,CME,USD,0.0,6.25,125000.0,179338,1.4347,1.4342,0.020208496562862752,2859
18/12/2009,1.4346,1.4409,1.4258,1.4319,245972.0,131440.0,EC1 Curncy,Future,CME,USD,0.0,6.25,125000.0,178988,1.4319,1.4314,0.02271918572479919,2860
21/12/2009,1.4309,1.437,1.4265,1.4287,139737.0,130006.0,EC1 Curncy,Future,CME,USD,0.0,6.25,125000.0,178588,1.4287,1.4282,0.024805140596213922,2861
22/12/2009,1.427,1.433,1.4215,1.4252,176316.0,132917.0,EC1 Curncy,Future,CME,USD,0.0,6.25,125000.0,178150,1.4252,1.4247,0.027004158321721955,2862
23/12/2009,1.4251,1.4365,1.4232,1.4334,139657.0,131689.0,EC1 Curncy,Future,CME,USD,0.0,6.25,125000.0,179175,1.4334,1.4329,0.028099184448390033,2863
24/12/2009,1.433,1.4416,1.4327,1.4334,57193.0,130684.0,EC1 Curncy,Future,CME,USD,0.0,6.25,125000.0,179175,1.4334,1.4329,0.029006437791140937,2864
25/12/2009,1.433,1.4416,1.4327,1.4353,57193.0,130684.0,EC1 Curncy,Future,CME,USD,0.0,6.25,125000.0,179413,1.4353,1.4348,0.029764086300965886,2865
28/12/2009,1.4372,1.4411,1.4349,1.438,59279.0,133817.0,EC1 Curncy,Future,CME,USD,0.0,6.25,125000.0,179750,1.438,1.4376,0.02986799457610153,2866
29/12/2009,1.4368,1.4457,1.433,1.435,151808.0,142271.0,EC1 Curncy,Future,CME,USD,0.0,6.25,125000.0,179375,1.435,1.4346,0.029882987356209614,2867
30/12/2009,1.4346,1.436,1.4271,1.4333,134788.0,144153.0,EC1 Curncy,Future,CME,USD,0.0,6.25,125000.0,179163,1.4333,1.4329,0.029747331532952746,2868
31/12/2009,1.4339,1.444,1.4304,1.4333,103125.0,145397.0,EC1 Curncy,Future,CME,USD,0.0,6.25,125000.0,179163,1.4333,1.4329,0.028304185791706352,2869
01/01/2010,1.4339,1.444,1.4304,1.4334,103125.0,145397.0,EC1 Curncy,Future,CME,USD,0.0,6.25,125000.0,179175,1.4334,1.433,0.027692683750973886,2870
04/01/2010,1.4323,1.4455,1.4256,1.441,221750.0,152682.0,EC1 Curncy,Future,CME,USD,0.0,6.25,125000.0,180125,1.441,1.4406,0.02641047771872884,2871
05/01/2010,1.4407,1.4483,1.4344,1.4367,218270.0,154298.0,EC1 Curncy,Future,CME,USD,0.0,6.25,125000.0,179588,1.4367,1.4363,0.024014286025853367,2872
06/01/2010,1.4362,1.4433,1.4281,1.4408,263831.0,154553.0,EC1 Curncy,Future,CME,USD,0.0,6.25,125000.0,180100,1.4408,1.4404,0.02151817216520764,2873
07/01/2010,1.44,1.4446,1.4296,1.4325,243923.0,159699.0,EC1 Curncy,Future,CME,USD,0.0,6.25,125000.0,179063,1.4325,1.432,0.01776343810560171,2874
08/01/2010,1.4306,1.4438,1.4261,1.4415,348468.0,183911.0,EC1 Curncy,Future,CME,USD,0.0,6.25,125000.0,180188,1.4415,1.441,0.01605373476790445,2875
11/01/2010,1.441,1.4555,1.4409,1.4518,212216.0,158216.0,EC1 Curncy,Future,CME,USD,0.0,6.25,125000.0,181475,1.4518,1.4513,0.014130390416813245,2876
12/01/2010,1.4512,1.4544,1.4452,1.4495,226302.0,159232.0,EC1 Curncy,Future,CME,USD,0.0,6.25,125000.0,181188,1.4495,1.449,0.013218957346613006,2877
13/01/2010,1.4492,1.4577,1.4455,1.4511,271150.0,163878.0,EC1 Curncy,Future,CME,USD,0.0,6.25,125000.0,181388,1.4511,1.4506,0.01191860869949092,2878
14/01/2010,1.45,1.4555,1.4443,1.4501,245562.0,160092.0,EC1 Curncy,Future,CME,USD,0.0,6.25,125000.0,181263,1.4501,1.4497,0.010302140554188469,2879
15/01/2010,1.4497,1.4511,1.4334,1.4501,252340.0,159991.0,EC1 Curncy,Future,CME,USD,0.0,6.25,125000.0,181263,1.4501,1.4497,0.009583101446379026,2880
18/01/2010,1.4497,1.4511,1.4334,1.4355,252340.0,159991.0,EC1 Curncy,Future,CME,USD,0.0,6.25,125000.0,179438,1.4355,1.435,0.008216412436799977,2881
19/01/2010,1.4348,1.4413,1.4249,1.429,345534.0,162547.0,EC1 Curncy,Future,CME,USD,0.0,6.25,125000.0,178625,1.429,1.4286,0.007985355345773645,2882
20/01/2010,1.4288,1.4288,1.4078,1.4105,341110.0,169706.0,EC1 Curncy,Future,CME,USD,0.0,6.25,125000.0,176313,1.4105,1.4101,0.009280289147702004,2883
21/01/2010,1.4107,1.4142,1.4027,1.4103,366647.0,173393.0,EC1 Curncy,Future,CME,USD,0.0,6.25,125000.0,176288,1.4103,1.4099,0.010670446725963728,2884
22/01/2010,1.4082,1.418,1.4064,1.4134,272957.0,173493.0,EC1 Curncy,Future,CME,USD,0.0,6.25,125000.0,176675,1.4134,1.413,0.011546980846306511,2885
25/01/2010,1.4147,1.4193,1.4126,1.4149,187851.0,179981.0,EC1 Curncy,Future,CME,USD,0.0,6.25,125000.0,176863,1.4149,1.4145,0.012169394671263403,2886
26/01/2010,1.4148,1.4177,1.404,1.4085,313123.0,182801.0,EC1 Curncy,Future,CME,USD,0.0,6.25,125000.0,176063,1.4085,1.4081,0.013114779194925336,2887
27/01/2010,1.4079,1.4095,1.3991,1.4033,335848.0,185485.0,EC1 Curncy,Future,CME,USD,0.0,6.25,125000.0,175413,1.4033,1.4029,0.014455803909329646,2888
28/01/2010,1.4027,1.4051,1.3929,1.3975,376943.0,186178.0,EC1 Curncy,Future,CME,USD,0.0,6.25,125000.0,174688,1.3975,1.3971,0.016055972928010406,2889
29/01/2010,1.3963,1.3987,1.3858,1.3865,356293.0,187156.0,EC1 Curncy,Future,CME,USD,0.0,6.25,125000.0,173313,1.3865,1.3861,0.01832420985104187,2890
01/02/2010,1.386,1.3937,1.3851,1.392,246958.0,181334.0,EC1 Curncy,Future,CME,USD,0.0,6.25,125000.0,174000,1.392,1.3916,0.019654516020456207,2891
02/02/2010,1.3932,1.3974,1.3884,1.3963,265894.0,184627.0,EC1 Curncy,Future,CME,USD,0.0,6.25,125000.0,174538,1.3963,1.3959,0.02052428074253476,2892
03/02/2010,1.3966,1.4026,1.3885,1.3902,323139.0,189070.0,EC1 Curncy,Future,CME,USD,0.0,6.25,125000.0,173775,1.3902,1.3898,0.02164016943860957,2893
04/02/2010,1.3892,1.3901,1.3722,1.3743,409551.0,196810.0,EC1 Curncy,Future,CME,USD,0.0,6.25,125000.0,171788,1.3743,1.3739,0.023701327670232995,2894
05/02/2010,1.3728,1.3746,1.3584,1.3635,464958.0,183055.0,EC1 Curncy,Future,CME,USD,0.0,6.25,125000.0,170438,1.3635,1.3632,0.02624159738529227,2895
08/02/2010,1.3657,1.3714,1.3621,1.3671,247392.0,188214.0,EC1 Curncy,Future,CME,USD,0.0,6.25,125000.0,170888,1.3671,1.3668,0.027758816617400515,2896
09/02/2010,1.3658,1.384,1.3648,1.3773,431230.0,194283.0,EC1 Curncy,Future,CME,USD,0.0,6.25,125000.0,172163,1.3773,1.377,0.028436024686979235,2897
10/02/2010,1.3792,1.3812,1.3676,1.3735,298921.0,196772.0,EC1 Curncy,Future,CME,USD,0.0,6.25,125000.0,171688,1.3735,1.3732,0.028925276143859327,2898
11/02/2010,1.3733,1.3801,1.3594,1.3687,369678.0,198510.0,EC1 Curncy,Future,CME,USD,0.0,6.25,125000.0,171088,1.3687,1.3684,0.029734829185068614,2899
12/02/2010,1.3689,1.3695,1.3531,1.3687,339011.0,198531.0,EC1 Curncy,Future,CME,USD,0.0,6.25,125000.0,171088,1.3687,1.3684,0.029907748159942925,2900
15/02/2010,1.3689,1.3695,1.3531,1.3617,339011.0,198531.0,EC1 Curncy,Future,CME,USD,0.0,6.25,125000.0,170213,1.3617,1.3614,0.029502316293221288,2901
16/02/2010,1.3618,1.3779,1.3578,1.3756,321535.0,191153.0,EC1 Curncy,Future,CME,USD,0.0,6.25,125000.0,171950,1.3756,1.3753,0.028190655662210094,2902
17/02/2010,1.3759,1.3789,1.3584,1.3616,293170.0,202797.0,EC1 Curncy,Future,CME,USD,0.0,6.25,125000.0,170200,1.3616,1.3613,0.026924577991096998,2903
18/02/2010,1.36,1.3655,1.3496,1.3616,346438.0,196973.0,EC1 Curncy,Future,CME,USD,0.0,6.25,125000.0,170200,1.3616,1.3614,0.025166741942466434,2904
19/02/2010,1.3496,1.3619,1.3442,1.3595,342249.0,192357.0,EC1 Curncy,Future,CME,USD,0.0,6.25,125000.0,169938,1.3595,1.3593,0.02281463346185372,2905
22/02/2010,1.3617,1.3654,1.3572,1.3607,219062.0,191365.0,EC1 Curncy,Future,CME,USD,0.0,6.25,125000.0,170088,1.3607,1.3605,0.021177230697113483,2906
23/02/2010,1.36,1.3692,1.3497,1.3522,387964.0,199276.0,EC1 Curncy,Future,CME,USD,0.0,6.25,125000.0,169025,1.3522,1.352,0.020077646774430444,2907
24/02/2010,1.3513,1.3627,1.3502,1.3525,325557.0,198171.0,EC1 Curncy,Future,CME,USD,0.0,6.25,125000.0,169063,1.3525,1.3523,0.019995146911158737,2908
25/02/2010,1.354,1.3571,1.3451,1.3544,384343.0,202046.0,EC1 Curncy,Future,CME,USD,0.0,6.25,125000.0,169300,1.3544,1.3542,0.019546056720785826,2909
26/02/2010,1.3542,1.3684,1.353,1.3621,379305.0,201301.0,EC1 Curncy,Future,CME,USD,0.0,6.25,125000.0,170263,1.3621,1.3619,0.0182620216113167,2910
01/03/2010,1.3624,1.3654,1.346,1.3575,358508.0,203745.0,EC1 Curncy,Future,CME,USD,0.0,6.25,125000.0,169688,1.3575,1.3573,0.016619178680033764,2911
02/03/2010,1.3569,1.3623,1.3433,1.36,370881.0,199856.0,EC1 Curncy,Future,CME,USD,0.0,6.25,125000.0,170000,1.36,1.3598,0.015069802033611513,2912
03/03/2010,1.3608,1.3737,1.3592,1.37,367057.0,198445.0,EC1 Curncy,Future,CME,USD,0.0,6.25,125000.0,171250,1.37,1.3698,0.013497715856108967,2913
04/03/2010,1.3694,1.3713,1.355,1.3577,364918.0,203273.0,EC1 Curncy,Future,CME,USD,0.0,6.25,125000.0,169713,1.3577,1.3575,0.01239670386294703,2914
05/03/2010,1.3581,1.363,1.353,1.3623,297999.0,182129.0,EC1 Curncy,Future,CME,USD,0.0,6.25,125000.0,170288,1.3623,1.3621,0.011841241488921236,2915
08/03/2010,1.3641,1.3705,1.3605,1.3633,238518.0,172613.0,EC1 Curncy,Future,CME,USD,0.0,6.25,125000.0,170413,1.3633,1.3632,0.010674499207564532,2916
09/03/2010,1.3628,1.3636,1.3536,1.3593,303465.0,159145.0,EC1 Curncy,Future,CME,USD,0.0,6.25,125000.0,169913,1.3593,1.3591,0.00869273259677175,2917
10/03/2010,1.3601,1.368,1.3544,1.3651,266173.0,133474.0,EC1 Curncy,Future,CME,USD,0.0,6.25,125000.0,170638,1.3651,1.3649,0.006873313126311195,2918
11/03/2010,1.3654,1.3686,1.3619,1.3671,172968.0,144022.0,EC1 Curncy,Future,CME,USD,0.0,6.25,125000.0,170888,1.3673,1.3671,0.006549872772224259,2919
12/03/2010,1.3674,1.3796,1.3668,1.3757,290812.0,158416.0,EC1 Curncy,Future,CME,USD,0.0,6.25,125000.0,171963,1.3758,1.3757,0.007002673298985147,2920
15/03/2010,1.3762,1.3776,1.3639,1.3673,225669.0,161625.0,EC1 Curncy,Future,CME,USD,0.0,6.25,125000.0,170913,1.3698,1.3673,0.0070067039325909936,2921
16/03/2010,1.3678,1.3785,1.3658,1.3757,288581.0,162157.0,EC1 Curncy,Future,CME,USD,0.0,6.25,125000.0,171963,1.3757,1.3755,0.006884652012434615,2922
17/03/2010,1.3771,1.3819,1.3727,1.3754,254490.0,161170.0,EC1 Curncy,Future,CME,USD,0.0,6.25,125000.0,171925,1.3754,1.3751,0.007006159194997821,2923
18/03/2010,1.3736,1.3742,1.3587,1.362,309394.0,175925.0,EC1 Curncy,Future,CME,USD,0.0,6.25,125000.0,170250,1.362,1.3618,0.006939860709384259,2924
19/03/2010,1.3609,1.3628,1.3503,1.3536,286789.0,186438.0,EC1 Curncy,Future,CME,USD,0.0,6.25,125000.0,169200,1.3536,1.3534,0.007128410294892451,2925
22/03/2010,1.3531,1.3569,1.3463,1.3544,303153.0,185239.0,EC1 Curncy,Future,CME,USD,0.0,6.25,125000.0,169300,1.3544,1.3542,0.007328703841676129,2926
23/03/2010,1.3565,1.357,1.3475,1.3489,324045.0,193480.0,EC1 Curncy,Future,CME,USD,0.0,6.25,125000.0,168613,1.3489,1.3488,0.007310465101415232,2927
24/03/2010,1.3496,1.3501,1.3312,1.3338,413012.0,206073.0,EC1 Curncy,Future,CME,USD,0.0,6.25,125000.0,166725,1.3338,1.3337,0.009184074985122618,2928
25/03/2010,1.3325,1.3388,1.3266,1.3291,379887.0,212084.0,EC1 Curncy,Future,CME,USD,0.0,6.25,125000.0,166138,1.3291,1.3291,0.011116417288513817,2929
26/03/2010,1.3284,1.3425,1.3268,1.34,344158.0,209871.0,EC1 Curncy,Future,CME,USD,0.0,6.25,125000.0,167500,1.34,1.3399,0.011758878914776567,2930
29/03/2010,1.3467,1.3506,1.3418,1.3464,235099.0,218356.0,EC1 Curncy,Future,CME,USD,0.0,6.25,125000.0,168300,1.3464,1.3463,0.011988109386626243,2931
30/03/2010,1.3476,1.3538,1.3396,1.3421,305069.0,221539.0,EC1 Curncy,Future,CME,USD,0.0,6.25,125000.0,167763,1.3421,1.342,0.01235052360559612,2932
31/03/2010,1.3421,1.3549,1.3385,1.351,375318.0,214066.0,EC1 Curncy,Future,CME,USD,0.0,6.25,125000.0,168875,1.351,1.3509,0.012379072393858421,2933
01/04/2010,1.3507,1.3593,1.346,1.351,312578.0,205935.0,EC1 Curncy,Future,CME,USD,0.0,6.25,125000.0,168875,1.351,1.3509,0.01243160354361908,2934
02/04/2010,1.3587,1.3593,1.3477,1.357,54830.0,198320.0,EC1 Curncy,Future,CME,USD,0.0,6.25,125000.0,169625,1.357,1.3568,0.012390168145175618,2935
05/04/2010,1.3492,1.3539,1.346,1.3484,128059.0,198982.0,EC1 Curncy,Future,CME,USD,0.0,6.25,125000.0,168550,1.3484,1.3482,0.012508826217211395,2936
06/04/2010,1.3483,1.3498,1.3355,1.3394,310565.0,206517.0,EC1 Curncy,Future,CME,USD,0.0,6.25,125000.0,167425,1.3394,1.3392,0.012950611311146821,2937
07/04/2010,1.3396,1.3409,1.3326,1.3372,289314.0,214242.0,EC1 Curncy,Future,CME,USD,0.0,6.25,125000.0,167150,1.3372,1.337,0.013116704362469164,2938
08/04/2010,1.3341,1.3367,1.3283,1.3351,313608.0,221002.0,EC1 Curncy,Future,CME,USD,0.0,6.25,125000.0,166888,1.3351,1.3349,0.013656661378210044,2939
09/04/2010,1.3357,1.3506,1.3342,1.3456,382153.0,206222.0,EC1 Curncy,Future,CME,USD,0.0,6.25,125000.0,168200,1.3456,1.3454,0.013622991595060939,2940
12/04/2010,1.3628,1.3694,1.3567,1.3588,305464.0,208385.0,EC1 Curncy,Future,CME,USD,0.0,6.25,125000.0,169850,1.3588,1.3586,0.013509881568655699,2941
13/04/2010,1.359,1.3629,1.3546,1.3596,246408.0,200919.0,EC1 Curncy,Future,CME,USD,0.0,6.25,125000.0,169950,1.3596,1.3594,0.013516049718727097,2942
14/04/2010,1.3616,1.3682,1.3595,1.3656,312008.0,201026.0,EC1 Curncy,Future,CME,USD,0.0,6.25,125000.0,170700,1.3656,1.3654,0.013535383260148288,2943
15/04/2010,1.3652,1.3669,1.3523,1.3576,302972.0,193900.0,EC1 Curncy,Future,CME,USD,0.0,6.25,125000.0,169700,1.3576,1.3575,0.01324772055861334,2944
16/04/2010,1.358,1.3583,1.3474,1.3498,340398.0,199319.0,EC1 Curncy,Future,CME,USD,0.0,6.25,125000.0,168725,1.3498,1.3497,0.012333116664727705,2945
19/04/2010,1.348,1.35,1.3417,1.3475,256836.0,200065.0,EC1 Curncy,Future,CME,USD,0.0,6.25,125000.0,168438,1.3475,1.3474,0.011897023437221285,2946
20/04/2010,1.349,1.3525,1.3429,1.3441,271979.0,206096.0,EC1 Curncy,Future,CME,USD,0.0,6.25,125000.0,168013,1.3441,1.344,0.010741736358668407,2947
21/04/2010,1.3443,1.3449,1.3359,1.3405,273882.0,212617.0,EC1 Curncy,Future,CME,USD,0.0,6.25,125000.0,167563,1.3405,1.3404,0.00939694099157555,2948
22/04/2010,1.3391,1.3424,1.3259,1.3315,448260.0,225310.0,EC1 Curncy,Future,CME,USD,0.0,6.25,125000.0,166438,1.3315,1.3314,0.009475054969013734,2949
23/04/2010,1.3291,1.3402,1.3202,1.3388,422184.0,224463.0,EC1 Curncy,Future,CME,USD,0.0,6.25,125000.0,167350,1.3388,1.3388,0.009489622401998112,2950
26/04/2010,1.335,1.3399,1.3292,1.3345,294426.0,229744.0,EC1 Curncy,Future,CME,USD,0.0,6.25,125000.0,166813,1.3345,1.3345,0.009600812465577003,2951
27/04/2010,1.3393,1.3415,1.3165,1.3209,539793.0,235405.0,EC1 Curncy,Future,CME,USD,0.0,6.25,125000.0,165113,1.3209,1.3209,0.010733604551400997,2952
28/04/2010,1.3165,1.3268,1.3117,1.3189,602868.0,240200.0,EC1 Curncy,Future,CME,USD,0.0,6.25,125000.0,164863,1.3189,1.3189,0.011705507250828364,2953
29/04/2010,1.3211,1.3281,1.3186,1.3246,360330.0,243632.0,EC1 Curncy,Future,CME,USD,0.0,6.25,125000.0,165575,1.3246,1.3247,0.011969644940398065,2954
30/04/2010,1.3241,1.3344,1.3227,1.3308,361569.0,242231.0,EC1 Curncy,Future,CME,USD,0.0,6.25,125000.0,166350,1.3308,1.3309,0.01221852145989306,2955
03/05/2010,1.3333,1.3335,1.3156,1.3214,250178.0,250359.0,EC1 Curncy,Future,CME,USD,0.0,6.25,125000.0,165175,1.3214,1.3215,0.012936405992361637,2956
04/05/2010,1.319,1.3216,1.2982,1.3005,468697.0,256930.0,EC1 Curncy,Future,CME,USD,0.0,6.25,125000.0,162563,1.3005,1.3007,0.015377323130697769,2957
05/05/2010,1.2977,1.2999,1.2806,1.2827,569862.0,272461.0,EC1 Curncy,Future,CME,USD,0.0,6.25,125000.0,160338,1.2827,1.283,0.019045964576936483,2958
06/05/2010,1.2819,1.2859,1.2525,1.2603,828859.0,282735.0,EC1 Curncy,Future,CME,USD,0.0,6.25,125000.0,157538,1.2603,1.2611,0.024311949736688886,2959
07/05/2010,1.2643,1.2803,1.2591,1.274,672554.0,252895.0,EC1 Curncy,Future,CME,USD,0.0,6.25,125000.0,159250,1.274,1.2748,0.026605486276317473,2960
10/05/2010,1.2922,1.3097,1.2758,1.2802,606839.0,291997.0,EC1 Curncy,Future,CME,USD,0.0,6.25,125000.0,160025,1.2802,1.2806,0.028168118503005175,2961
11/05/2010,1.279,1.2804,1.2652,1.2696,425029.0,280270.0,EC1 Curncy,Future,CME,USD,0.0,6.25,125000.0,158700,1.2696,1.2702,0.030364308543629006,2962
12/05/2010,1.2636,1.2742,1.2607,1.2634,315250.0,279709.0,EC1 Curncy,Future,CME,USD,0.0,6.25,125000.0,157925,1.2634,1.264,0.03265077998046491,2963
13/05/2010,1.2633,1.2687,1.2516,1.2565,288648.0,281307.0,EC1 Curncy,Future,CME,USD,0.0,6.25,125000.0,157063,1.2565,1.2571,0.035057630172799156,2964
14/05/2010,1.2526,1.2578,1.2355,1.2387,460512.0,286914.0,EC1 Curncy,Future,CME,USD,0.0,6.25,125000.0,154838,1.2387,1.2395,0.03808073353634527,2965
17/05/2010,1.2353,1.2417,1.2235,1.2389,491594.0,291745.0,EC1 Curncy,Future,CME,USD,0.0,6.25,125000.0,154863,1.2389,1.2397,0.039822971595125545,2966
18/05/2010,1.2399,1.2447,1.2163,1.2207,550193.0,288789.0,EC1 Curncy,Future,CME,USD,0.0,6.25,125000.0,152588,1.2207,1.2215,0.042236171306905046,2967
19/05/2010,1.2172,1.2425,1.214,1.2376,638060.0,287351.0,EC1 Curncy,Future,CME,USD,0.0,6.25,125000.0,154700,1.2376,1.2384,0.04227655969919514,2968
20/05/2010,1.2424,1.26,1.2297,1.2568,605424.0,285916.0,EC1 Curncy,Future,CME,USD,0.0,6.25,125000.0,157100,1.2568,1.2578,0.04128579780020787,2969
21/05/2010,1.2475,1.2674,1.2465,1.2587,431396.0,273415.0,EC1 Curncy,Future,CME,USD,0.0,6.25,125000.0,157338,1.2587,1.2598,0.04028588131508378,2970
24/05/2010,1.255,1.2565,1.2346,1.2402,280348.0,269322.0,EC1 Curncy,Future,CME,USD,0.0,6.25,125000.0,155025,1.2402,1.2415,0.0398044691795581,2971
25/05/2010,1.2353,1.2358,1.2181,1.2318,400948.0,267552.0,EC1 Curncy,Future,CME,USD,0.0,6.25,125000.0,153975,1.2318,1.2334,0.03947347210469033,2972
26/05/2010,1.2371,1.238,1.217,1.2201,352971.0,268151.0,EC1 Curncy,Future,CME,USD,0.0,6.25,125000.0,152513,1.2201,1.2216,0.0394978657651247,2973
27/05/2010,1.2166,1.2397,1.2155,1.2379,479857.0,266649.0,EC1 Curncy,Future,CME,USD,0.0,6.25,125000.0,154738,1.2379,1.2391,0.03865067916608769,2974
28/05/2010,1.236,1.2456,1.2267,1.2379,366661.0,263581.0,EC1 Curncy,Future,CME,USD,0.0,6.25,125000.0,154738,1.2379,1.2391,0.03686605801185173,2975
31/05/2010,1.236,1.2456,1.2267,1.2324,366661.0,263581.0,EC1 Curncy,Future,CME,USD,0.0,6.25,125000.0,154050,1.2324,1.2336,0.03506966875615721,2976
01/06/2010,1.2283,1.2357,1.2112,1.2258,530192.0,255420.0,EC1 Curncy,Future,CME,USD,0.0,6.25,125000.0,153225,1.2258,1.2271,0.034033851775351925,2977
02/06/2010,1.2216,1.2276,1.2175,1.224,333002.0,245843.0,EC1 Curncy,Future,CME,USD,0.0,6.25,125000.0,153000,1.224,1.2253,0.032739107603394775,2978
03/06/2010,1.225,1.2328,1.2152,1.2178,353616.0,248444.0,EC1 Curncy,Future,CME,USD,0.0,6.25,125000.0,152225,1.2178,1.2189,0.030673714588662093,2979
04/06/2010,1.2165,1.2217,1.1955,1.1966,516180.0,226990.0,EC1 Curncy,Future,CME,USD,0.0,6.25,125000.0,149575,1.1966,1.1977,0.028394967277085403,2980
07/06/2010,1.1952,1.1992,1.1874,1.1936,373148.0,211966.0,EC1 Curncy,Future,CME,USD,0.0,6.25,125000.0,149200,1.1936,1.1947,0.026235753594413828,2981
08/06/2010,1.1919,1.201,1.1902,1.1924,420693.0,186117.0,EC1 Curncy,Future,CME,USD,0.0,6.25,125000.0,149050,1.1924,1.1934,0.025408251284445075,2982
09/06/2010,1.1972,1.2083,1.1933,1.1994,341633.0,154845.0,EC1 Curncy,Future,CME,USD,0.0,6.25,125000.0,149925,1.1985,1.1994,0.024971188731553594,2983
10/06/2010,1.199,1.2152,1.1966,1.2105,285964.0,207646.0,EC1 Curncy,Future,CME,USD,0.0,6.25,125000.0,151313,1.2096,1.2105,0.024955894427306915,2984
11/06/2010,1.2118,1.2164,1.2054,1.2084,266377.0,231208.0,EC1 Curncy,Future,CME,USD,0.0,6.25,125000.0,151050,1.2075,1.2084,0.024030544452153246,2985
14/06/2010,1.2128,1.2309,1.2124,1.2251,305666.0,225985.0,EC1 Curncy,Future,CME,USD,0.0,6.25,125000.0,153138,1.2244,1.2251,0.021811329624767666,2986
15/06/2010,1.2221,1.236,1.2177,1.2343,330596.0,227032.0,EC1 Curncy,Future,CME,USD,0.0,6.25,125000.0,154288,1.2343,1.2354,0.02018165421037007,2987
16/06/2010,1.233,1.2363,1.2263,1.2322,256776.0,224444.0,EC1 Curncy,Future,CME,USD,0.0,6.25,125000.0,154025,1.2322,1.2332,0.01881873445976004,2988
17/06/2010,1.2312,1.2423,1.2251,1.2387,316888.0,221176.0,EC1 Curncy,Future,CME,USD,0.0,6.25,125000.0,154838,1.2387,1.2397,0.017962808800415946,2989
18/06/2010,1.2387,1.2426,1.2362,1.2371,189830.0,218164.0,EC1 Curncy,Future,CME,USD,0.0,6.25,125000.0,154638,1.2371,1.2379,0.01791854439773596,2990
21/06/2010,1.2439,1.2477,1.2311,1.2328,257963.0,220787.0,EC1 Curncy,Future,CME,USD,0.0,6.25,125000.0,154100,1.2328,1.2336,0.017775904102660167,2991
22/06/2010,1.233,1.2362,1.2258,1.2273,282277.0,223274.0,EC1 Curncy,Future,CME,USD,0.0,6.25,125000.0,153413,1.2273,1.2282,0.017747353793367848,2992
23/06/2010,1.2278,1.2352,1.2216,1.2329,312742.0,227772.0,EC1 Curncy,Future,CME,USD,0.0,6.25,125000.0,154113,1.2329,1.2338,0.0176436796993608,2993
24/06/2010,1.2317,1.2395,1.2268,1.2338,343129.0,222983.0,EC1 Curncy,Future,CME,USD,0.0,6.25,125000.0,154225,1.2338,1.2347,0.01652330979758531,2994
25/06/2010,1.2337,1.2402,1.226,1.2393,299215.0,222059.0,EC1 Curncy,Future,CME,USD,0.0,6.25,125000.0,154913,1.2393,1.2401,0.015276750308894872,2995
28/06/2010,1.2384,1.2404,1.227,1.2292,250731.0,221666.0,EC1 Curncy,Future,CME,USD,0.0,6.25,125000.0,153650,1.2292,1.23,0.014948358884294188,2996
29/06/2010,1.2286,1.2296,1.2157,1.2214,330210.0,224884.0,EC1 Curncy,Future,CME,USD,0.0,6.25,125000.0,152675,1.2214,1.2222,0.014856588886203347,2997
30/06/2010,1.2198,1.2311,1.2172,1.2248,345791.0,225410.0,EC1 Curncy,Future,CME,USD,0.0,6.25,125000.0,153100,1.2248,1.2254,0.014844984562706437,2998
01/07/2010,1.2239,1.2545,1.2197,1.2481,480784.0,228918.0,EC1 Curncy,Future,CME,USD,0.0,6.25,125000.0,156013,1.2481,1.2485,0.015389599301703354,2999
02/07/2010,1.2519,1.2617,1.2486,1.2481,279628.0,220592.0,EC1 Curncy,Future,CME,USD,0.0,6.25,125000.0,156013,1.2481,1.2485,0.015904690083965306,3000
05/07/2010,1.2519,1.2617,1.2486,1.2557,279628.0,220592.0,EC1 Curncy,Future,CME,USD,0.0,6.25,125000.0,156963,1.2557,1.2562,0.017044611074089534,3001
06/07/2010,1.2559,1.2666,1.2483,1.2623,359963.0,227185.0,EC1 Curncy,Future,CME,USD,0.0,6.25,125000.0,157788,1.2623,1.2626,0.018593518584002013,3002
07/07/2010,1.2627,1.2668,1.2556,1.2654,288348.0,222569.0,EC1 Curncy,Future,CME,USD,0.0,6.25,125000.0,158175,1.2654,1.2657,0.02012950405086058,3003
08/07/2010,1.2635,1.2725,1.2622,1.268,249254.0,219694.0,EC1 Curncy,Future,CME,USD,0.0,6.25,125000.0,158500,1.268,1.2679,0.021497063365343478,3004
09/07/2010,1.2694,1.2723,1.2609,1.2646,247622.0,209916.0,EC1 Curncy,Future,CME,USD,0.0,6.25,125000.0,158075,1.2646,1.2645,0.02135742805989443,3005
12/07/2010,1.264,1.2649,1.2552,1.2597,184312.0,218780.0,EC1 Curncy,Future,CME,USD,0.0,6.25,125000.0,157463,1.2597,1.2598,0.020341869792791248,3006
13/07/2010,1.2592,1.274,1.2524,1.2702,337464.0,224036.0,EC1 Curncy,Future,CME,USD,0.0,6.25,125000.0,158775,1.2702,1.2702,0.019376177813667003,3007
14/07/2010,1.2728,1.2779,1.2682,1.273,255092.0,220074.0,EC1 Curncy,Future,CME,USD,0.0,6.25,125000.0,159125,1.273,1.273,0.018725198708339823,3008
15/07/2010,1.2742,1.2967,1.2708,1.2895,341871.0,230188.0,EC1 Curncy,Future,CME,USD,0.0,6.25,125000.0,161188,1.2895,1.2893,0.019868762752960883,3009
16/07/2010,1.2931,1.3006,1.2889,1.2943,289643.0,228357.0,EC1 Curncy,Future,CME,USD,0.0,6.25,125000.0,161788,1.2943,1.2939,0.020707794828680896,3010
19/07/2010,1.2906,1.299,1.2869,1.2958,226230.0,230288.0,EC1 Curncy,Future,CME,USD,0.0,6.25,125000.0,161975,1.2958,1.2953,0.022180960303829222,3011
20/07/2010,1.2947,1.3029,1.2838,1.2893,285869.0,227731.0,EC1 Curncy,Future,CME,USD,0.0,6.25,125000.0,161163,1.2893,1.2888,0.023147606067727415,3012
21/07/2010,1.289,1.2912,1.2731,1.2743,273136.0,220517.0,EC1 Curncy,Future,CME,USD,0.0,6.25,125000.0,159288,1.2743,1.2739,0.02307686937173253,3013
22/07/2010,1.2754,1.2933,1.2737,1.2893,284053.0,223869.0,EC1 Curncy,Future,CME,USD,0.0,6.25,125000.0,161163,1.2893,1.2889,0.02379334851031522,3014
23/07/2010,1.2887,1.2966,1.2792,1.292,347918.0,223545.0,EC1 Curncy,Future,CME,USD,0.0,6.25,125000.0,161500,1.292,1.2916,0.024401264994530457,3015
26/07/2010,1.2896,1.3006,1.2876,1.2988,229854.0,232382.0,EC1 Curncy,Future,CME,USD,0.0,6.25,125000.0,162350,1.2988,1.2983,0.02498438979309421,3016
27/07/2010,1.2986,1.3046,1.295,1.2988,277661.0,229802.0,EC1 Curncy,Future,CME,USD,0.0,6.25,125000.0,162350,1.2988,1.2983,0.02495289028015073,3017
28/07/2010,1.3,1.3041,1.2965,1.2979,219732.0,226562.0,EC1 Curncy,Future,CME,USD,0.0,6.25,125000.0,162238,1.2979,1.2973,0.02488289372239251,3018
29/07/2010,1.2988,1.3106,1.2977,1.3076,251094.0,229697.0,EC1 Curncy,Future,CME,USD,0.0,6.25,125000.0,163450,1.3076,1.307,0.025114147407384733,3019
30/07/2010,1.3077,1.3094,1.298,1.3054,285059.0,224425.0,EC1 Curncy,Future,CME,USD,0.0,6.25,125000.0,163175,1.3054,1.3049,0.025194294989140307,3020
02/08/2010,1.306,1.3195,1.3054,1.3167,256865.0,231428.0,EC1 Curncy,Future,CME,USD,0.0,6.25,125000.0,164588,1.3167,1.3161,0.024941230923909544,3021
03/08/2010,1.3172,1.3262,1.3146,1.3231,236132.0,233292.0,EC1 Curncy,Future,CME,USD,0.0,6.25,125000.0,165388,1.3231,1.3225,0.02386035624209615,3022
04/08/2010,1.3227,1.3239,1.3129,1.3172,263048.0,231908.0,EC1 Curncy,Future,CME,USD,0.0,6.25,125000.0,164650,1.3172,1.3166,0.02195166052943822,3023
05/08/2010,1.3156,1.3235,1.3118,1.3175,242098.0,238120.0,EC1 Curncy,Future,CME,USD,0.0,6.25,125000.0,164688,1.3175,1.3168,0.02158073986991636,3024
06/08/2010,1.3185,1.3333,1.3156,1.3274,288250.0,226888.0,EC1 Curncy,Future,CME,USD,0.0,6.25,125000.0,165925,1.3274,1.3267,0.02145544064644122,3025
09/08/2010,1.3284,1.3307,1.3215,1.3225,165319.0,231481.0,EC1 Curncy,Future,CME,USD,0.0,6.25,125000.0,165313,1.3225,1.3218,0.021143385096358932,3026
10/08/2010,1.3225,1.323,1.3073,1.3197,303762.0,230374.0,EC1 Curncy,Future,CME,USD,0.0,6.25,125000.0,164963,1.3197,1.319,0.02080448669557222,3027
11/08/2010,1.3177,1.3186,1.2859,1.2878,421976.0,238606.0,EC1 Curncy,Future,CME,USD,0.0,6.25,125000.0,160975,1.2878,1.2871,0.019935388968688288,3028
12/08/2010,1.2846,1.2932,1.2779,1.2822,360136.0,239216.0,EC1 Curncy,Future,CME,USD,0.0,6.25,125000.0,160275,1.2822,1.2817,0.019295933941279594,3029
13/08/2010,1.2826,1.2906,1.2749,1.2752,281618.0,241680.0,EC1 Curncy,Future,CME,USD,0.0,6.25,125000.0,159400,1.2752,1.2747,0.01867016157757849,3030
16/08/2010,1.2763,1.2871,1.2732,1.2807,237735.0,242797.0,EC1 Curncy,Future,CME,USD,0.0,6.25,125000.0,160088,1.2807,1.2803,0.017347216875708896,3031
17/08/2010,1.2823,1.2915,1.2803,1.288,295886.0,246110.0,EC1 Curncy,Future,CME,USD,0.0,6.25,125000.0,161000,1.288,1.2875,0.01651024934193521,3032
18/08/2010,1.2878,1.2922,1.2822,1.2863,258924.0,248746.0,EC1 Curncy,Future,CME,USD,0.0,6.25,125000.0,160788,1.2863,1.2858,0.01585354639608647,3033
19/08/2010,1.2854,1.2903,1.277,1.2822,375279.0,247307.0,EC1 Curncy,Future,CME,USD,0.0,6.25,125000.0,160275,1.2822,1.2817,0.016102846539236555,3034
20/08/2010,1.2818,1.2834,1.2663,1.2709,306570.0,247830.0,EC1 Curncy,Future,CME,USD,0.0,6.25,125000.0,158863,1.2709,1.2705,0.017028771730991425,3035
23/08/2010,1.2708,1.273,1.2646,1.268,246326.0,244541.0,EC1 Curncy,Future,CME,USD,0.0,6.25,125000.0,158500,1.268,1.2676,0.018046447480493895,3036
24/08/2010,1.265,1.2719,1.2587,1.2672,378965.0,239724.0,EC1 Curncy,Future,CME,USD,0.0,6.25,125000.0,158400,1.2672,1.2669,0.018945573801451187,3037
25/08/2010,1.2634,1.2727,1.2607,1.2654,333730.0,237973.0,EC1 Curncy,Future,CME,USD,0.0,6.25,125000.0,158175,1.2654,1.2652,0.019444779076474582,3038
26/08/2010,1.2662,1.2764,1.265,1.2702,333413.0,232288.0,EC1 Curncy,Future,CME,USD,0.0,6.25,125000.0,158775,1.2702,1.2699,0.02006437805331242,3039
27/08/2010,1.2714,1.278,1.2675,1.2731,313182.0,230998.0,EC1 Curncy,Future,CME,USD,0.0,6.25,125000.0,159138,1.2731,1.2729,0.020523054515988924,3040
30/08/2010,1.2765,1.2766,1.2658,1.2666,184358.0,230064.0,EC1 Curncy,Future,CME,USD,0.0,6.25,125000.0,158325,1.2666,1.2663,0.0212077320805314,3041
31/08/2010,1.2664,1.2743,1.2623,1.2662,294866.0,229307.0,EC1 Curncy,Future,CME,USD,0.0,6.25,125000.0,158275,1.2662,1.266,0.021810949085255667,3042
01/09/2010,1.2688,1.2856,1.2662,1.2796,313070.0,228460.0,EC1 Curncy,Future,CME,USD,0.0,6.25,125000.0,159950,1.2796,1.2794,0.021890650972495602,3043
02/09/2010,1.28,1.2848,1.2775,1.2812,249002.0,222618.0,EC1 Curncy,Future,CME,USD,0.0,6.25,125000.0,160150,1.2812,1.281,0.02167552998197815,3044
03/09/2010,1.2824,1.2897,1.2808,1.2812,272209.0,211835.0,EC1 Curncy,Future,CME,USD,0.0,6.25,125000.0,160150,1.2812,1.281,0.021480574169847295,3045
06/09/2010,1.2824,1.2897,1.2808,1.2878,272209.0,211835.0,EC1 Curncy,Future,CME,USD,0.0,6.25,125000.0,160975,1.2878,1.2874,0.02067015400683611,3046
07/09/2010,1.2893,1.2919,1.2677,1.27,416476.0,204249.0,EC1 Curncy,Future,CME,USD,0.0,6.25,125000.0,158750,1.27,1.2697,0.019556496789209094,3047
08/09/2010,1.2681,1.2763,1.2659,1.2721,325023.0,168709.0,EC1 Curncy,Future,CME,USD,0.0,6.25,125000.0,159013,1.2721,1.2718,0.018551729479117703,3048
09/09/2010,1.2717,1.2763,1.2662,1.2695,224476.0,129994.0,EC1 Curncy,Future,CME,USD,0.0,6.25,125000.0,158688,1.2698,1.2695,0.017336858615861914,3049
10/09/2010,1.2694,1.2744,1.264,1.2713,270384.0,156841.0,EC1 Curncy,Future,CME,USD,0.0,6.25,125000.0,158913,1.2717,1.2713,0.014578308086551367,3050
13/09/2010,1.2703,1.2889,1.27,1.286,294789.0,162416.0,EC1 Curncy,Future,CME,USD,0.0,6.25,125000.0,160750,1.2838,1.286,0.011606423508834389,3051
14/09/2010,1.2871,1.3029,1.2825,1.3015,417330.0,170076.0,EC1 Curncy,Future,CME,USD,0.0,6.25,125000.0,162688,1.3015,1.3009,0.009198728172946743,3052
15/09/2010,1.2986,1.3033,1.2952,1.3002,330978.0,166400.0,EC1 Curncy,Future,CME,USD,0.0,6.25,125000.0,162525,1.3002,1.2996,0.01008524004009948,3053
16/09/2010,1.3007,1.3112,1.2971,1.3076,350791.0,166377.0,EC1 Curncy,Future,CME,USD,0.0,6.25,125000.0,163450,1.3076,1.3068,0.011706194941130482,3054
17/09/2010,1.3071,1.3155,1.3016,1.3039,327492.0,162518.0,EC1 Curncy,Future,CME,USD,0.0,6.25,125000.0,162988,1.3039,1.3032,0.012710780201587555,3055
20/09/2010,1.3045,1.3118,1.3025,1.3056,231078.0,164335.0,EC1 Curncy,Future,CME,USD,0.0,6.25,125000.0,163200,1.3056,1.3049,0.01371461750589712,3056
21/09/2010,1.3059,1.3284,1.3054,1.3241,327891.0,161622.0,EC1 Curncy,Future,CME,USD,0.0,6.25,125000.0,165513,1.3241,1.3234,0.016176730201116395,3057
22/09/2010,1.3246,1.3437,1.3244,1.3384,427722.0,172583.0,EC1 Curncy,Future,CME,USD,0.0,6.25,125000.0,167300,1.3384,1.3377,0.0196874308464315,3058
23/09/2010,1.3396,1.3412,1.3301,1.3331,342300.0,170318.0,EC1 Curncy,Future,CME,USD,0.0,6.25,125000.0,166638,1.3331,1.3325,0.02195289502547825,3059
24/09/2010,1.3312,1.3494,1.3284,1.3467,304147.0,176143.0,EC1 Curncy,Future,CME,USD,0.0,6.25,125000.0,168338,1.3467,1.3461,0.024772363633687348,3060
27/09/2010,1.3484,1.3505,1.3422,1.3471,209068.0,176762.0,EC1 Curncy,Future,CME,USD,0.0,6.25,125000.0,168388,1.3471,1.3464,0.026879085425901953,3061
28/09/2010,1.344,1.3592,1.3377,1.3562,427542.0,188827.0,EC1 Curncy,Future,CME,USD,0.0,6.25,125000.0,169525,1.3562,1.3555,0.029167857309023645,3062
29/09/2010,1.3582,1.3644,1.3564,1.3637,335517.0,187355.0,EC1 Curncy,Future,CME,USD,0.0,6.25,125000.0,170463,1.3637,1.3629,0.03138641797550104,3063
30/09/2010,1.3617,1.3678,1.3553,1.3634,434065.0,185952.0,EC1 Curncy,Future,CME,USD,0.0,6.25,125000.0,170425,1.3634,1.3624,0.033169402064746584,3064
01/10/2010,1.3624,1.3786,1.3611,1.3772,323301.0,186483.0,EC1 Curncy,Future,CME,USD,0.0,6.25,125000.0,172150,1.3772,1.3761,0.03559462646710553,3065
04/10/2010,1.3784,1.3784,1.366,1.3679,263075.0,187500.0,EC1 Curncy,Future,CME,USD,0.0,6.25,125000.0,170988,1.3679,1.3669,0.03644025932947503,3066
05/10/2010,1.3669,1.3854,1.3632,1.384,364432.0,195076.0,EC1 Curncy,Future,CME,USD,0.0,6.25,125000.0,173000,1.384,1.383,0.037851998185908335,3067
06/10/2010,1.3827,1.3942,1.3792,1.3929,341495.0,191119.0,EC1 Curncy,Future,CME,USD,0.0,6.25,125000.0,174113,1.3929,1.3918,0.039941003158816955,3068
07/10/2010,1.3917,1.4022,1.3849,1.3922,449914.0,195466.0,EC1 Curncy,Future,CME,USD,0.0,6.25,125000.0,174025,1.3922,1.3909,0.0414386502354092,3069
08/10/2010,1.3911,1.3978,1.3825,1.3904,413239.0,184300.0,EC1 Curncy,Future,CME,USD,0.0,6.25,125000.0,173800,1.3904,1.3891,0.042294171387231724,3070
11/10/2010,1.3993,1.4001,1.3859,1.388,192403.0,186144.0,EC1 Curncy,Future,CME,USD,0.0,6.25,125000.0,173500,1.388,1.3867,0.04286132677988966,3071
12/10/2010,1.3874,1.3931,1.3768,1.3906,396796.0,195223.0,EC1 Curncy,Future,CME,USD,0.0,6.25,125000.0,173825,1.3906,1.3892,0.04212436033143333,3072
13/10/2010,1.3911,1.3996,1.3905,1.3956,295685.0,199733.0,EC1 Curncy,Future,CME,USD,0.0,6.25,125000.0,174450,1.3956,1.3943,0.041189993525924624,3073
14/10/2010,1.3953,1.4116,1.3948,1.4049,336100.0,203035.0,EC1 Curncy,Future,CME,USD,0.0,6.25,125000.0,175613,1.4049,1.4036,0.03988285972694266,3074
15/10/2010,1.407,1.4156,1.3929,1.3954,459984.0,206469.0,EC1 Curncy,Future,CME,USD,0.0,6.25,125000.0,174425,1.3954,1.3939,0.03741690660649179,3075
18/10/2010,1.3964,1.399,1.3823,1.3988,316840.0,214430.0,EC1 Curncy,Future,CME,USD,0.0,6.25,125000.0,174850,1.3988,1.397,0.03559911375299782,3076
19/10/2010,1.3938,1.3996,1.3703,1.3732,485586.0,216948.0,EC1 Curncy,Future,CME,USD,0.0,6.25,125000.0,171650,1.3732,1.3714,0.033626007791571794,3077
20/10/2010,1.3732,1.3982,1.3688,1.3949,438765.0,216155.0,EC1 Curncy,Future,CME,USD,0.0,6.25,125000.0,174363,1.3949,1.3929,0.031694422748050455,3078
21/10/2010,1.3949,1.4042,1.3862,1.3922,414770.0,210112.0,EC1 Curncy,Future,CME,USD,0.0,6.25,125000.0,174025,1.3922,1.3903,0.029717120205903225,3079
22/10/2010,1.3919,1.3966,1.385,1.392,268569.0,206905.0,EC1 Curncy,Future,CME,USD,0.0,6.25,125000.0,174000,1.392,1.3901,0.02677648221852022,3080
25/10/2010,1.3942,1.4072,1.3926,1.3967,284655.0,207458.0,EC1 Curncy,Future,CME,USD,0.0,6.25,125000.0,174588,1.3967,1.3948,0.023286918359142275,3081
26/10/2010,1.3948,1.3974,1.3817,1.384,340318.0,206268.0,EC1 Curncy,Future,CME,USD,0.0,6.25,125000.0,173000,1.384,1.382,0.020659461109428737,3082
27/10/2010,1.3851,1.3871,1.3726,1.3752,359292.0,201776.0,EC1 Curncy,Future,CME,USD,0.0,6.25,125000.0,171900,1.3752,1.3731,0.01893086368866062,3083
28/10/2010,1.3769,1.3939,1.3761,1.3919,368490.0,204465.0,EC1 Curncy,Future,CME,USD,0.0,6.25,125000.0,173988,1.3919,1.3898,0.016358190608946433,3084
29/10/2010,1.392,1.3946,1.38,1.3888,350953.0,204405.0,EC1 Curncy,Future,CME,USD,0.0,6.25,125000.0,173600,1.3888,1.3868,0.014626241257819384,3085
01/11/2010,1.3961,1.4005,1.3856,1.3881,289250.0,198145.0,EC1 Curncy,Future,CME,USD,0.0,6.25,125000.0,173513,1.3881,1.3862,0.012468945424477015,3086
02/11/2010,1.389,1.4052,1.3875,1.4029,332627.0,204027.0,EC1 Curncy,Future,CME,USD,0.0,6.25,125000.0,175363,1.4029,1.4009,0.011339109312400392,3087
03/11/2010,1.4025,1.4201,1.3984,1.4098,438195.0,198919.0,EC1 Curncy,Future,CME,USD,0.0,6.25,125000.0,176225,1.4098,1.4078,0.011070305626549393,3088
04/11/2010,1.4122,1.4276,1.4095,1.4202,410020.0,207728.0,EC1 Curncy,Future,CME,USD,0.0,6.25,125000.0,177525,1.4202,1.4181,0.011370661077169268,3089
05/11/2010,1.4207,1.4245,1.4017,1.4038,410020.0,205168.0,EC1 Curncy,Future,CME,USD,0.0,6.25,125000.0,175475,1.4038,1.4018,0.011219153265666111,3090
08/11/2010,1.405,1.4079,1.3881,1.3918,327333.0,202544.0,EC1 Curncy,Future,CME,USD,0.0,6.25,125000.0,173975,1.3918,1.3899,0.009978548658589012,3091
09/11/2010,1.391,1.397,1.3745,1.3826,442912.0,200349.0,EC1 Curncy,Future,CME,USD,0.0,6.25,125000.0,172825,1.3826,1.3809,0.010038022713587358,3092
10/11/2010,1.3758,1.382,1.3665,1.3773,490814.0,199603.0,EC1 Curncy,Future,CME,USD,0.0,6.25,125000.0,172163,1.3773,1.3756,0.010547279269958815,3093
11/11/2010,1.3771,1.3817,1.3632,1.3649,360751.0,200531.0,EC1 Curncy,Future,CME,USD,0.0,6.25,125000.0,170613,1.3649,1.3633,0.011939011684327787,3094
12/11/2010,1.3659,1.3774,1.3569,1.369,482797.0,195599.0,EC1 Curncy,Future,CME,USD,0.0,6.25,125000.0,171125,1.369,1.3674,0.012778252358278829,3095
15/11/2010,1.3677,1.3747,1.3561,1.3598,369300.0,195134.0,EC1 Curncy,Future,CME,USD,0.0,6.25,125000.0,169975,1.3598,1.3583,0.014209775977539954,3096
16/11/2010,1.3578,1.3652,1.3444,1.3487,454019.0,190057.0,EC1 Curncy,Future,CME,USD,0.0,6.25,125000.0,168588,1.3487,1.3472,0.016409296145738772,3097
17/11/2010,1.3485,1.3564,1.3458,1.3519,317980.0,184153.0,EC1 Curncy,Future,CME,USD,0.0,6.25,125000.0,168988,1.3519,1.3504,0.017842087882268074,3098
18/11/2010,1.3526,1.3669,1.3526,1.363,329522.0,178384.0,EC1 Curncy,Future,CME,USD,0.0,6.25,125000.0,170375,1.363,1.3616,0.017994473225556324,3099
19/11/2010,1.3639,1.3732,1.3606,1.3671,262401.0,180061.0,EC1 Curncy,Future,CME,USD,0.0,6.25,125000.0,170888,1.3671,1.3656,0.01818092131875087,3100
22/11/2010,1.3735,1.3785,1.3576,1.3613,336710.0,181773.0,EC1 Curncy,Future,CME,USD,0.0,6.25,125000.0,170163,1.3613,1.3599,0.018415235540134335,3101
23/11/2010,1.3622,1.3629,1.3359,1.3373,452251.0,180109.0,EC1 Curncy,Future,CME,USD,0.0,6.25,125000.0,167163,1.3373,1.3361,0.020423799842307577,3102
24/11/2010,1.338,1.3421,1.3282,1.3373,375533.0,185274.0,EC1 Curncy,Future,CME,USD,0.0,6.25,125000.0,167163,1.3373,1.3361,0.021937192163051976,3103
25/11/2010,1.338,1.3421,1.3282,1.3313,375533.0,185274.0,EC1 Curncy,Future,CME,USD,0.0,6.25,125000.0,166413,1.3313,1.3303,0.02364467381882642,3104
26/11/2010,1.3337,1.3388,1.32,1.3242,389971.0,181078.0,EC1 Curncy,Future,CME,USD,0.0,6.25,125000.0,165525,1.3242,1.3235,0.02553034273171288,3105
29/11/2010,1.3273,1.3302,1.3063,1.3116,430369.0,186441.0,EC1 Curncy,Future,CME,USD,0.0,6.25,125000.0,163950,1.3116,1.3109,0.027830066474925277,3106
30/11/2010,1.3112,1.315,1.2968,1.3009,502072.0,192012.0,EC1 Curncy,Future,CME,USD,0.0,6.25,125000.0,162613,1.3009,1.3004,0.030855625094928726,3107
01/12/2010,1.2985,1.3182,1.2969,1.3132,495759.0,192127.0,EC1 Curncy,Future,CME,USD,0.0,6.25,125000.0,164150,1.3132,1.3125,0.032565435664194974,3108
02/12/2010,1.3124,1.3247,1.3059,1.3202,486962.0,186909.0,EC1 Curncy,Future,CME,USD,0.0,6.25,125000.0,165025,1.3202,1.3194,0.033153129565681304,3109
03/12/2010,1.3213,1.3438,1.3192,1.3378,402403.0,170967.0,EC1 Curncy,Future,CME,USD,0.0,6.25,125000.0,167225,1.3378,1.3369,0.03294480232144173,3110
06/12/2010,1.3407,1.3421,1.3244,1.332,352351.0,162654.0,EC1 Curncy,Future,CME,USD,0.0,6.25,125000.0,166500,1.332,1.3311,0.032793183742950226,3111
07/12/2010,1.3307,1.34,1.3257,1.3286,365196.0,144111.0,EC1 Curncy,Future,CME,USD,0.0,6.25,125000.0,166075,1.3286,1.3278,0.0317923245453824,3112
08/12/2010,1.3267,1.328,1.3179,1.326,371737.0,127181.0,EC1 Curncy,Future,CME,USD,0.0,6.25,125000.0,165750,1.326,1.3252,0.03001250461611445,3113
09/12/2010,1.326,1.3317,1.3157,1.3229,313895.0,110713.0,EC1 Curncy,Future,CME,USD,0.0,6.25,125000.0,165363,1.3236,1.3229,0.026721979093354296,3114
10/12/2010,1.3234,1.3278,1.3172,1.3224,222817.0,142216.0,EC1 Curncy,Future,CME,USD,0.0,6.25,125000.0,165300,1.323,1.3224,0.02430967365746327,3115
13/12/2010,1.32,1.343,1.3176,1.3395,320719.0,142561.0,EC1 Curncy,Future,CME,USD,0.0,6.25,125000.0,167438,1.3331,1.3395,0.02211554355347655,3116
14/12/2010,1.3379,1.3493,1.3358,1.3383,373433.0,146430.0,EC1 Curncy,Future,CME,USD,0.0,6.25,125000.0,167288,1.3383,1.3375,0.02036860329033558,3117
15/12/2010,1.3378,1.3378,1.3204,1.321,337425.0,149480.0,EC1 Curncy,Future,CME,USD,0.0,6.25,125000.0,165125,1.321,1.3203,0.01908231991484332,3118
16/12/2010,1.3216,1.3263,1.3178,1.321,271206.0,152207.0,EC1 Curncy,Future,CME,USD,0.0,6.25,125000.0,165125,1.321,1.3204,0.018436831795777084,3119
17/12/2010,1.3238,1.3358,1.3129,1.3173,338273.0,157259.0,EC1 Curncy,Future,CME,USD,0.0,6.25,125000.0,164663,1.3173,1.3166,0.017386673057233546,3120
20/12/2010,1.3163,1.318,1.3091,1.3114,217297.0,153780.0,EC1 Curncy,Future,CME,USD,0.0,6.25,125000.0,163925,1.3114,1.3106,0.017013355538100572,3121
21/12/2010,1.3118,1.3199,1.3069,1.3088,228039.0,155374.0,EC1 Curncy,Future,CME,USD,0.0,6.25,125000.0,163600,1.3088,1.3079,0.01719801635845929,3122
22/12/2010,1.3093,1.3179,1.3073,1.3083,215272.0,158521.0,EC1 Curncy,Future,CME,USD,0.0,6.25,125000.0,163538,1.3083,1.3075,0.017079298385253322,3123
23/12/2010,1.3097,1.3148,1.305,1.3083,201048.0,165468.0,EC1 Curncy,Future,CME,USD,0.0,6.25,125000.0,163538,1.3083,1.3075,0.015885108330315898,3124
24/12/2010,1.3097,1.3148,1.305,1.3111,201048.0,165468.0,EC1 Curncy,Future,CME,USD,0.0,6.25,125000.0,163888,1.3111,1.3104,0.01362363142970919,3125
27/12/2010,1.3109,1.3168,1.3068,1.314,93879.0,154967.0,EC1 Curncy,Future,CME,USD,0.0,6.25,125000.0,164250,1.314,1.3133,0.011260969466816727,3126
28/12/2010,1.3156,1.3272,1.3091,1.3114,205415.0,161279.0,EC1 Curncy,Future,CME,USD,0.0,6.25,125000.0,163925,1.3114,1.3108,0.010961832267733444,3127
29/12/2010,1.3104,1.324,1.308,1.3211,154904.0,163600.0,EC1 Curncy,Future,CME,USD,0.0,6.25,125000.0,165138,1.3211,1.3205,0.010407668647008726,3128
30/12/2010,1.3216,1.3313,1.3215,1.3282,179146.0,161821.0,EC1 Curncy,Future,CME,USD,0.0,6.25,125000.0,166025,1.3282,1.3276,0.010286479799519837,3129
31/12/2010,1.3287,1.3423,1.3284,1.3364,89767.0,159616.0,EC1 Curncy,Future,CME,USD,0.0,6.25,125000.0,167050,1.3364,1.3357,0.010772910470214538,3130
03/01/2011,1.3344,1.3394,1.3248,1.3362,232011.0,162919.0,EC1 Curncy,Future,CME,USD,0.0,6.25,125000.0,167025,1.3362,1.3356,0.011049099510785861,3131
04/01/2011,1.335,1.3431,1.3287,1.3301,310679.0,162285.0,EC1 Curncy,Future,CME,USD,0.0,6.25,125000.0,166263,1.3301,1.3294,0.010304287133643454,3132
05/01/2011,1.3306,1.3322,1.3121,1.3146,361260.0,167138.0,EC1 Curncy,Future,CME,USD,0.0,6.25,125000.0,164325,1.3146,1.3138,0.01025464447616637,3133
06/01/2011,1.315,1.3165,1.2992,1.301,388774.0,184119.0,EC1 Curncy,Future,CME,USD,0.0,6.25,125000.0,162625,1.301,1.3001,0.011129462400878904,3134
07/01/2011,1.3,1.3023,1.2901,1.2929,436215.0,181534.0,EC1 Curncy,Future,CME,USD,0.0,6.25,125000.0,161613,1.2929,1.2921,0.012043370237019558,3135
10/01/2011,1.2893,1.2961,1.287,1.2949,301045.0,190695.0,EC1 Curncy,Future,CME,USD,0.0,6.25,125000.0,161863,1.2949,1.2942,0.012780666388440403,3136
11/01/2011,1.2944,1.2989,1.2898,1.2966,321036.0,200614.0,EC1 Curncy,Future,CME,USD,0.0,6.25,125000.0,162075,1.2966,1.2958,0.013330920198269241,3137
12/01/2011,1.2972,1.3142,1.2957,1.3128,465059.0,202357.0,EC1 Curncy,Future,CME,USD,0.0,6.25,125000.0,164100,1.3128,1.3119,0.013235022981945588,3138
13/01/2011,1.3122,1.3379,1.3084,1.3343,518037.0,190635.0,EC1 Curncy,Future,CME,USD,0.0,6.25,125000.0,166788,1.3343,1.3331,0.01364332193172262,3139
14/01/2011,1.3345,1.3453,1.331,1.3343,358114.0,180786.0,EC1 Curncy,Future,CME,USD,0.0,6.25,125000.0,166788,1.3343,1.3331,0.01403160480246714,3140
17/01/2011,1.3345,1.3453,1.331,1.3353,358114.0,180786.0,EC1 Curncy,Future,CME,USD,0.0,6.25,125000.0,166913,1.3353,1.334,0.013783313583192567,3141
18/01/2011,1.3369,1.3462,1.3234,1.338,539424.0,186246.0,EC1 Curncy,Future,CME,USD,0.0,6.25,125000.0,167250,1.338,1.3367,0.01376464432277932,3142
19/01/2011,1.3382,1.3534,1.3362,1.3453,373392.0,186449.0,EC1 Curncy,Future,CME,USD,0.0,6.25,125000.0,168163,1.3453,1.344,0.014833298127274727,3143
20/01/2011,1.3455,1.3518,1.339,1.3466,384487.0,188403.0,EC1 Curncy,Future,CME,USD,0.0,6.25,125000.0,168325,1.3466,1.3453,0.0158581398656737,3144
21/01/2011,1.3456,1.3622,1.3442,1.3591,326435.0,188217.0,EC1 Curncy,Future,CME,USD,0.0,6.25,125000.0,169888,1.3591,1.3575,0.017705084015594355,3145
24/01/2011,1.3602,1.368,1.3533,1.3629,296429.0,187918.0,EC1 Curncy,Future,CME,USD,0.0,6.25,125000.0,170363,1.3629,1.3614,0.01942498391245759,3146
25/01/2011,1.3632,1.3696,1.3566,1.3663,393954.0,196679.0,EC1 Curncy,Future,CME,USD,0.0,6.25,125000.0,170788,1.3663,1.3647,0.020978580345975467,3147
26/01/2011,1.3672,1.3714,1.3632,1.3675,297228.0,200674.0,EC1 Curncy,Future,CME,USD,0.0,6.25,125000.0,170938,1.3675,1.366,0.02224724177658568,3148
27/01/2011,1.3692,1.3753,1.3629,1.3722,384226.0,208260.0,EC1 Curncy,Future,CME,USD,0.0,6.25,125000.0,171525,1.3722,1.3705,0.023527347208426103,3149
28/01/2011,1.3725,1.374,1.3576,1.3609,368088.0,201346.0,EC1 Curncy,Future,CME,USD,0.0,6.25,125000.0,170113,1.3609,1.3592,0.02391919870450967,3150
31/01/2011,1.3575,1.3734,1.3564,1.3688,332910.0,201529.0,EC1 Curncy,Future,CME,USD,0.0,6.25,125000.0,171100,1.3688,1.3671,0.024651435387534674,3151
01/02/2011,1.3683,1.3836,1.3682,1.3813,365982.0,207547.0,EC1 Curncy,Future,CME,USD,0.0,6.25,125000.0,172663,1.3813,1.3796,0.025833400214949835,3152
02/02/2011,1.3815,1.3856,1.376,1.3792,276187.0,200330.0,EC1 Curncy,Future,CME,USD,0.0,6.25,125000.0,172400,1.3792,1.3774,0.026888032034080668,3153
03/02/2011,1.3799,1.382,1.3604,1.3629,416132.0,194365.0,EC1 Curncy,Future,CME,USD,0.0,6.25,125000.0,170363,1.3629,1.3612,0.027157053718430784,3154
04/02/2011,1.3622,1.3676,1.3538,1.3579,368615.0,196117.0,EC1 Curncy,Future,CME,USD,0.0,6.25,125000.0,169738,1.3579,1.3562,0.027338011997931757,3155
07/02/2011,1.3568,1.3621,1.3502,1.3582,284488.0,196135.0,EC1 Curncy,Future,CME,USD,0.0,6.25,125000.0,169775,1.3582,1.3566,0.0274946218983347,3156
08/02/2011,1.3575,1.3683,1.3568,1.3621,350509.0,199003.0,EC1 Curncy,Future,CME,USD,0.0,6.25,125000.0,170263,1.3621,1.3604,0.02761578473745961,3157
09/02/2011,1.3622,1.3739,1.3604,1.3718,356255.0,200735.0,EC1 Curncy,Future,CME,USD,0.0,6.25,125000.0,171475,1.3718,1.3701,0.027426998255958512,3158
10/02/2011,1.3717,1.3724,1.3572,1.3586,342236.0,196385.0,EC1 Curncy,Future,CME,USD,0.0,6.25,125000.0,169825,1.3586,1.3569,0.025815410772101383,3159
11/02/2011,1.3595,1.3617,1.3492,1.3534,349106.0,188005.0,EC1 Curncy,Future,CME,USD,0.0,6.25,125000.0,169175,1.3534,1.3518,0.02304072698503609,3160
14/02/2011,1.3525,1.3555,1.3424,1.3478,290380.0,188639.0,EC1 Curncy,Future,CME,USD,0.0,6.25,125000.0,168475,1.3478,1.3461,0.019859776769447376,3161
15/02/2011,1.3488,1.3547,1.3457,1.3489,319852.0,188211.0,EC1 Curncy,Future,CME,USD,0.0,6.25,125000.0,168613,1.3489,1.3473,0.016013303843958215,3162
16/02/2011,1.3485,1.3586,1.3458,1.3564,418100.0,189588.0,EC1 Curncy,Future,CME,USD,0.0,6.25,125000.0,169550,1.3564,1.3547,0.013322193262831853,3163
17/02/2011,1.3555,1.3617,1.3533,1.3601,294706.0,187478.0,EC1 Curncy,Future,CME,USD,0.0,6.25,125000.0,170013,1.3601,1.3585,0.012444735165210715,3164
18/02/2011,1.3605,1.3714,1.3542,1.3601,354605.0,199983.0,EC1 Curncy,Future,CME,USD,0.0,6.25,125000.0,170013,1.3601,1.3585,0.01140365000042627,3165
21/02/2011,1.3605,1.3714,1.3542,1.3681,354605.0,199983.0,EC1 Curncy,Future,CME,USD,0.0,6.25,125000.0,171013,1.3681,1.3665,0.010371848115558252,3166
22/02/2011,1.3687,1.3714,1.3523,1.3658,505527.0,203027.0,EC1 Curncy,Future,CME,USD,0.0,6.25,125000.0,170725,1.3658,1.364,0.009283736675796649,3167
23/02/2011,1.3653,1.3785,1.3651,1.3741,311028.0,202673.0,EC1 Curncy,Future,CME,USD,0.0,6.25,125000.0,171763,1.3741,1.3722,0.008946181680779828,3168
24/02/2011,1.3747,1.3819,1.3701,1.3805,311866.0,202702.0,EC1 Curncy,Future,CME,USD,0.0,6.25,125000.0,172563,1.3805,1.3787,0.008951232689719747,3169
25/02/2011,1.3799,1.3837,1.3721,1.3741,238622.0,199660.0,EC1 Curncy,Future,CME,USD,0.0,6.25,125000.0,171763,1.3741,1.3723,0.009096953702504029,3170
28/02/2011,1.3745,1.3854,1.371,1.3801,272105.0,209288.0,EC1 Curncy,Future,CME,USD,0.0,6.25,125000.0,172513,1.3801,1.3783,0.009584913492854036,3171
01/03/2011,1.3803,1.3853,1.3761,1.377,276952.0,208799.0,EC1 Curncy,Future,CME,USD,0.0,6.25,125000.0,172125,1.377,1.3753,0.009857878405899077,3172
02/03/2011,1.3774,1.389,1.3742,1.386,336858.0,213545.0,EC1 Curncy,Future,CME,USD,0.0,6.25,125000.0,173250,1.386,1.3843,0.01064499569432279,3173
03/03/2011,1.3863,1.3975,1.3831,1.3956,432965.0,217301.0,EC1 Curncy,Future,CME,USD,0.0,6.25,125000.0,174450,1.3956,1.3936,0.012084574189111581,3174
04/03/2011,1.3959,1.4007,1.3938,1.3985,342618.0,224222.0,EC1 Curncy,Future,CME,USD,0.0,6.25,125000.0,174813,1.3985,1.3964,0.013477076834343377,3175
07/03/2011,1.399,1.4035,1.3954,1.3966,235370.0,212061.0,EC1 Curncy,Future,CME,USD,0.0,6.25,125000.0,174575,1.3966,1.3945,0.01455571136468837,3176
08/03/2011,1.3968,1.3988,1.386,1.3901,297445.0,199077.0,EC1 Curncy,Future,CME,USD,0.0,6.25,125000.0,173763,1.3901,1.388,0.014936646209868579,3177
09/03/2011,1.3904,1.3941,1.3854,1.3903,228511.0,179033.0,EC1 Curncy,Future,CME,USD,0.0,6.25,125000.0,173788,1.3903,1.3883,0.015363186518387946,3178
10/03/2011,1.3886,1.3903,1.3756,1.3776,312115.0,158668.0,EC1 Curncy,Future,CME,USD,0.0,6.25,125000.0,172200,1.3795,1.3776,0.015321507758663033,3179
11/03/2011,1.3784,1.3898,1.3733,1.3869,300884.0,192237.0,EC1 Curncy,Future,CME,USD,0.0,6.25,125000.0,173363,1.3887,1.3869,0.015339793566584508,3180
14/03/2011,1.3948,1.3984,1.3886,1.3973,273759.0,189840.0,EC1 Curncy,Future,CME,USD,0.0,6.25,125000.0,174663,1.3964,1.3973,0.015781616942888953,3181
15/03/2011,1.3969,1.3995,1.3836,1.3978,380356.0,189608.0,EC1 Curncy,Future,CME,USD,0.0,6.25,125000.0,174725,1.3978,1.3948,0.016239098907638506,3182
16/03/2011,1.3977,1.3984,1.3848,1.3882,370287.0,182953.0,EC1 Curncy,Future,CME,USD,0.0,6.25,125000.0,173525,1.3882,1.3854,0.01640372112251952,3183
17/03/2011,1.3904,1.4036,1.385,1.3988,311103.0,187422.0,EC1 Curncy,Future,CME,USD,0.0,6.25,125000.0,174850,1.3988,1.3959,0.01655617910827788,3184
18/03/2011,1.3999,1.4167,1.3962,1.4137,289168.0,190850.0,EC1 Curncy,Future,CME,USD,0.0,6.25,125000.0,176713,1.4137,1.4105,0.01720219656512946,3185
21/03/2011,1.4159,1.4221,1.412,1.4207,233494.0,190609.0,EC1 Curncy,Future,CME,USD,0.0,6.25,125000.0,177588,1.4207,1.4174,0.01761674676736095,3186
22/03/2011,1.4197,1.4229,1.4159,1.4185,218874.0,193286.0,EC1 Curncy,Future,CME,USD,0.0,6.25,125000.0,177313,1.4185,1.4152,0.017447365608174035,3187
23/03/2011,1.4183,1.4196,1.4066,1.4103,310573.0,200131.0,EC1 Curncy,Future,CME,USD,0.0,6.25,125000.0,176288,1.4103,1.407,0.01694534154269561,3188
24/03/2011,1.4076,1.4202,1.4035,1.4164,291925.0,208854.0,EC1 Curncy,Future,CME,USD,0.0,6.25,125000.0,177050,1.4164,1.4131,0.016785665511538414,3189
25/03/2011,1.4156,1.4176,1.4036,1.4051,236849.0,208318.0,EC1 Curncy,Future,CME,USD,0.0,6.25,125000.0,175638,1.4051,1.4018,0.01576922847400064,3190
28/03/2011,1.4029,1.4097,1.4,1.4078,237107.0,216456.0,EC1 Curncy,Future,CME,USD,0.0,6.25,125000.0,175975,1.4078,1.4045,0.015217460366255268,3191
29/03/2011,1.4065,1.413,1.4026,1.4068,277555.0,216188.0,EC1 Curncy,Future,CME,USD,0.0,6.25,125000.0,175850,1.4068,1.4034,0.014239444043402796,3192
30/03/2011,1.4088,1.4129,1.4031,1.41,293284.0,221361.0,EC1 Curncy,Future,CME,USD,0.0,6.25,125000.0,176250,1.41,1.4066,0.013789014951469565,3193
31/03/2011,1.4107,1.4214,1.4096,1.4181,313084.0,224859.0,EC1 Curncy,Future,CME,USD,0.0,6.25,125000.0,177263,1.4181,1.4144,0.013965132771722425,3194
01/04/2011,1.4151,1.4227,1.4041,1.4216,402264.0,227645.0,EC1 Curncy,Future,CME,USD,0.0,6.25,125000.0,177700,1.4216,1.418,0.01373765870391129,3195
04/04/2011,1.4217,1.4249,1.4173,1.4198,204570.0,229502.0,EC1 Curncy,Future,CME,USD,0.0,6.25,125000.0,177475,1.4198,1.4161,0.013588015552873535,3196
05/04/2011,1.42,1.4226,1.4131,1.4205,258552.0,234057.0,EC1 Curncy,Future,CME,USD,0.0,6.25,125000.0,177563,1.4205,1.4168,0.013029645684557757,3197
06/04/2011,1.4202,1.4329,1.4197,1.4314,312891.0,243650.0,EC1 Curncy,Future,CME,USD,0.0,6.25,125000.0,178925,1.4314,1.4275,0.013607990299762422,3198
07/04/2011,1.4309,1.4316,1.4222,1.4278,337531.0,239743.0,EC1 Curncy,Future,CME,USD,0.0,6.25,125000.0,178475,1.4278,1.4239,0.014141760852115064,3199
08/04/2011,1.4282,1.4468,1.427,1.4414,257705.0,244992.0,EC1 Curncy,Future,CME,USD,0.0,6.25,125000.0,180175,1.4414,1.4371,0.015615617182756357,3200
11/04/2011,1.4431,1.4462,1.44,1.4408,174733.0,241452.0,EC1 Curncy,Future,CME,USD,0.0,6.25,125000.0,180100,1.4408,1.4365,0.016673754826024536,3201
12/04/2011,1.4415,1.45,1.4356,1.4466,299001.0,240664.0,EC1 Curncy,Future,CME,USD,0.0,6.25,125000.0,180825,1.4466,1.4424,0.017622658709693952,3202
13/04/2011,1.4459,1.45,1.4392,1.442,269514.0,240006.0,EC1 Curncy,Future,CME,USD,0.0,6.25,125000.0,180250,1.442,1.4377,0.0179314174936524,3203
14/04/2011,1.4424,1.4495,1.4345,1.4471,299102.0,241420.0,EC1 Curncy,Future,CME,USD,0.0,6.25,125000.0,180888,1.4471,1.4428,0.017327595524623915,3204
15/04/2011,1.4468,1.4484,1.437,1.4416,255421.0,239862.0,EC1 Curncy,Future,CME,USD,0.0,6.25,125000.0,180200,1.4416,1.4373,0.01675789565145168,3205
18/04/2011,1.4399,1.4402,1.4137,1.4215,408656.0,238658.0,EC1 Curncy,Future,CME,USD,0.0,6.25,125000.0,177688,1.4215,1.4174,0.01610195433267649,3206
19/04/2011,1.4214,1.4334,1.4186,1.4321,258471.0,240454.0,EC1 Curncy,Future,CME,USD,0.0,6.25,125000.0,179013,1.4321,1.4279,0.015531985277642942,3207
20/04/2011,1.4314,1.4532,1.4311,1.4497,310725.0,246358.0,EC1 Curncy,Future,CME,USD,0.0,6.25,125000.0,181213,1.4497,1.4454,0.0148187235167166,3208
21/04/2011,1.4505,1.4631,1.4487,1.4497,274006.0,243366.0,EC1 Curncy,Future,CME,USD,0.0,6.25,125000.0,181213,1.4497,1.4454,0.014650028441321674,3209
22/04/2011,1.4505,1.4631,1.4487,1.4555,274006.0,243366.0,EC1 Curncy,Future,CME,USD,0.0,6.25,125000.0,181938,1.4555,1.4512,0.015496298482697369,3210
25/04/2011,1.4547,1.4609,1.4508,1.4567,103252.0,245082.0,EC1 Curncy,Future,CME,USD,0.0,6.25,125000.0,182088,1.4567,1.4525,0.016423740946107032,3211
26/04/2011,1.4562,1.464,1.4476,1.4614,241838.0,245342.0,EC1 Curncy,Future,CME,USD,0.0,6.25,125000.0,182675,1.4614,1.4572,0.017431143584538945,3212
27/04/2011,1.4629,1.4778,1.4614,1.4721,313572.0,247403.0,EC1 Curncy,Future,CME,USD,0.0,6.25,125000.0,184013,1.4721,1.4677,0.01867161392769208,3213
28/04/2011,1.4757,1.4864,1.4755,1.4802,279673.0,245000.0,EC1 Curncy,Future,CME,USD,0.0,6.25,125000.0,185025,1.4802,1.4756,0.020475736046959472,3214
29/04/2011,1.4807,1.4862,1.4781,1.482,178997.0,246046.0,EC1 Curncy,Future,CME,USD,0.0,6.25,125000.0,185250,1.482,1.4774,0.021352082646228843,3215
02/05/2011,1.481,1.4885,1.4744,1.483,214345.0,255876.0,EC1 Curncy,Future,CME,USD,0.0,6.25,125000.0,185375,1.483,1.4783,0.022006519488506564,3216
03/05/2011,1.4809,1.4874,1.4738,1.4803,288611.0,260329.0,EC1 Curncy,Future,CME,USD,0.0,6.25,125000.0,185038,1.4803,1.4755,0.021965288525261535,3217
04/05/2011,1.4807,1.4925,1.4758,1.4833,374774.0,263141.0,EC1 Curncy,Future,CME,USD,0.0,6.25,125000.0,185413,1.4833,1.4783,0.02194692689188973,3218
05/05/2011,1.4813,1.4884,1.4496,1.4508,509966.0,256728.0,EC1 Curncy,Future,CME,USD,0.0,6.25,125000.0,181350,1.4508,1.4463,0.02103059438051948,3219
06/05/2011,1.4524,1.4575,1.4294,1.4323,541290.0,246903.0,EC1 Curncy,Future,CME,USD,0.0,6.25,125000.0,179038,1.4323,1.4278,0.020541131095063864,3220
09/05/2011,1.4351,1.443,1.4242,1.4324,386539.0,240374.0,EC1 Curncy,Future,CME,USD,0.0,6.25,125000.0,179050,1.4324,1.4281,0.019914699763355553,3221
10/05/2011,1.4339,1.4402,1.4258,1.4383,320311.0,238315.0,EC1 Curncy,Future,CME,USD,0.0,6.25,125000.0,179788,1.4383,1.4341,0.01909938916993384,3222
11/05/2011,1.4399,1.4413,1.4161,1.4184,360158.0,242322.0,EC1 Curncy,Future,CME,USD,0.0,6.25,125000.0,177300,1.4184,1.4142,0.019824143529156353,3223
12/05/2011,1.419,1.4267,1.4115,1.4219,369384.0,237711.0,EC1 Curncy,Future,CME,USD,0.0,6.25,125000.0,177738,1.4219,1.4176,0.02014046672741046,3224
13/05/2011,1.4231,1.433,1.4056,1.41,390026.0,249385.0,EC1 Curncy,Future,CME,USD,0.0,6.25,125000.0,176250,1.41,1.4058,0.021650448802075114,3225
16/05/2011,1.4071,1.4236,1.4038,1.418,313519.0,251022.0,EC1 Curncy,Future,CME,USD,0.0,6.25,125000.0,177250,1.418,1.4138,0.022482720772435134,3226
17/05/2011,1.4151,1.4232,1.4111,1.4218,349355.0,246290.0,EC1 Curncy,Future,CME,USD,0.0,6.25,125000.0,177725,1.4218,1.4176,0.023098442948922573,3227
18/05/2011,1.4225,1.4279,1.4186,1.4216,288025.0,251848.0,EC1 Curncy,Future,CME,USD,0.0,6.25,125000.0,177700,1.4216,1.4174,0.023646717883559227,3228
19/05/2011,1.4244,1.4319,1.4198,1.4303,346643.0,257087.0,EC1 Curncy,Future,CME,USD,0.0,6.25,125000.0,178788,1.4303,1.4261,0.023865709012402023,3229
20/05/2011,1.4303,1.4339,1.4126,1.4198,421575.0,260163.0,EC1 Curncy,Future,CME,USD,0.0,6.25,125000.0,177475,1.4198,1.4157,0.02441729714767771,3230
23/05/2011,1.413,1.4139,1.3963,1.4054,412595.0,260136.0,EC1 Curncy,Future,CME,USD,0.0,6.25,125000.0,175675,1.4054,1.4016,0.025258661880590536,3231
24/05/2011,1.4044,1.4127,1.3995,1.4103,310004.0,253109.0,EC1 Curncy,Future,CME,USD,0.0,6.25,125000.0,176288,1.4103,1.4063,0.026060249423173348,3232
25/05/2011,1.4092,1.4113,1.4006,1.407,377507.0,254528.0,EC1 Curncy,Future,CME,USD,0.0,6.25,125000.0,175875,1.407,1.4032,0.027012574232469815,3233
26/05/2011,1.4078,1.4203,1.4063,1.4137,375246.0,258509.0,EC1 Curncy,Future,CME,USD,0.0,6.25,125000.0,176713,1.4137,1.4099,0.02752306608400867,3234
27/05/2011,1.4131,1.43,1.4122,1.4137,328971.0,257773.0,EC1 Curncy,Future,CME,USD,0.0,6.25,125000.0,176713,1.4137,1.4099,0.02782665568595564,3235
30/05/2011,1.4131,1.43,1.4122,1.4268,328971.0,257773.0,EC1 Curncy,Future,CME,USD,0.0,6.25,125000.0,178350,1.4268,1.4231,0.027657803600395936,3236
31/05/2011,1.4308,1.4422,1.4254,1.4379,339937.0,261728.0,EC1 Curncy,Future,CME,USD,0.0,6.25,125000.0,179738,1.4379,1.4341,0.027203463627476165,3237
01/06/2011,1.4389,1.4458,1.4318,1.4369,362977.0,265302.0,EC1 Curncy,Future,CME,USD,0.0,6.25,125000.0,179613,1.4369,1.433,0.026172935767024084,3238
02/06/2011,1.433,1.4512,1.4322,1.448,339442.0,256778.0,EC1 Curncy,Future,CME,USD,0.0,6.25,125000.0,181000,1.448,1.4441,0.024603405590787296,3239
03/06/2011,1.4486,1.4641,1.4448,1.4622,364897.0,254558.0,EC1 Curncy,Future,CME,USD,0.0,6.25,125000.0,182775,1.4622,1.4582,0.023268144890918836,3240
06/06/2011,1.4629,1.4658,1.4555,1.4585,235621.0,240721.0,EC1 Curncy,Future,CME,USD,0.0,6.25,125000.0,182313,1.4585,1.4543,0.021523469360943393,3241
07/06/2011,1.4579,1.4695,1.4562,1.4692,281977.0,229405.0,EC1 Curncy,Future,CME,USD,0.0,6.25,125000.0,183650,1.4692,1.4649,0.0205790143916436,3242
08/06/2011,1.4688,1.4692,1.4562,1.4577,312970.0,189393.0,EC1 Curncy,Future,CME,USD,0.0,6.25,125000.0,182213,1.4577,1.4536,0.0184197964157629,3243
09/06/2011,1.4545,1.462,1.4435,1.4467,357202.0,156406.0,EC1 Curncy,Future,CME,USD,0.0,6.25,125000.0,180838,1.4509,1.4467,0.01824913513927405,3244
10/06/2011,1.447,1.451,1.4281,1.4312,327614.0,183638.0,EC1 Curncy,Future,CME,USD,0.0,6.25,125000.0,178900,1.4352,1.4312,0.018245568411667003,3245
13/06/2011,1.4292,1.439,1.428,1.4372,210274.0,186442.0,EC1 Curncy,Future,CME,USD,0.0,6.25,125000.0,179650,1.4394,1.4372,0.018293691991088584,3246
14/06/2011,1.4374,1.4456,1.4339,1.4426,231077.0,188826.0,EC1 Curncy,Future,CME,USD,0.0,6.25,125000.0,180325,1.4426,1.4384,0.018390045314376387,3247
15/06/2011,1.4401,1.441,1.4118,1.4132,412224.0,188494.0,EC1 Curncy,Future,CME,USD,0.0,6.25,125000.0,176650,1.4132,1.4095,0.018563222600924818,3248
16/06/2011,1.413,1.4186,1.4039,1.4103,415302.0,180923.0,EC1 Curncy,Future,CME,USD,0.0,6.25,125000.0,176288,1.4103,1.4068,0.01892760329954176,3249
17/06/2011,1.4176,1.4303,1.4091,1.4276,319613.0,186950.0,EC1 Curncy,Future,CME,USD,0.0,6.25,125000.0,178450,1.4276,1.4239,0.018474610505542003,3250
20/06/2011,1.4237,1.4291,1.4154,1.4267,241768.0,186840.0,EC1 Curncy,Future,CME,USD,0.0,6.25,125000.0,178338,1.4267,1.4229,0.01830651341275774,3251
21/06/2011,1.427,1.4386,1.426,1.438,259111.0,187603.0,EC1 Curncy,Future,CME,USD,0.0,6.25,125000.0,179750,1.438,1.4341,0.018252009021789143,3252
22/06/2011,1.4368,1.4407,1.4306,1.4338,287842.0,180599.0,EC1 Curncy,Future,CME,USD,0.0,6.25,125000.0,179225,1.4338,1.4299,0.018133424938442645,3253
23/06/2011,1.4303,1.4304,1.4093,1.4182,398872.0,175807.0,EC1 Curncy,Future,CME,USD,0.0,6.25,125000.0,177275,1.4182,1.4148,0.018346150368169126,3254
24/06/2011,1.423,1.4273,1.4109,1.4138,310735.0,183262.0,EC1 Curncy,Future,CME,USD,0.0,6.25,125000.0,176725,1.4138,1.4103,0.018546515395930163,3255
27/06/2011,1.4155,1.4263,1.407,1.4233,293388.0,178429.0,EC1 Curncy,Future,CME,USD,0.0,6.25,125000.0,177913,1.4233,1.4199,0.017830054215606503,3256
28/06/2011,1.4259,1.4366,1.4204,1.4331,365362.0,181584.0,EC1 Curncy,Future,CME,USD,0.0,6.25,125000.0,179138,1.4331,1.4294,0.017237529792039755,3257
29/06/2011,1.4338,1.4416,1.4292,1.4394,344987.0,181291.0,EC1 Curncy,Future,CME,USD,0.0,6.25,125000.0,179925,1.4394,1.4355,0.016391291386936076,3258
30/06/2011,1.4401,1.4507,1.4395,1.4488,290440.0,189157.0,EC1 Curncy,Future,CME,USD,0.0,6.25,125000.0,181100,1.4488,1.4447,0.016045012724564288,3259
01/07/2011,1.4462,1.452,1.4405,1.4488,251737.0,189120.0,EC1 Curncy,Future,CME,USD,0.0,6.25,125000.0,181100,1.4488,1.4447,0.01555968294443736,3260
04/07/2011,1.4462,1.452,1.4405,1.4478,251737.0,189120.0,EC1 Curncy,Future,CME,USD,0.0,6.25,125000.0,180975,1.4478,1.4436,0.015541902500382822,3261
05/07/2011,1.4512,1.4547,1.4365,1.4381,318440.0,192646.0,EC1 Curncy,Future,CME,USD,0.0,6.25,125000.0,179763,1.4381,1.4339,0.01554188105297229,3262
06/07/2011,1.4397,1.4437,1.4256,1.4266,299631.0,184558.0,EC1 Curncy,Future,CME,USD,0.0,6.25,125000.0,178325,1.4266,1.4227,0.015709092908187818,3263
07/07/2011,1.4291,1.4345,1.4191,1.432,340487.0,187381.0,EC1 Curncy,Future,CME,USD,0.0,6.25,125000.0,179000,1.432,1.428,0.0155946016299899,3264
08/07/2011,1.433,1.434,1.4176,1.4214,369874.0,182579.0,EC1 Curncy,Future,CME,USD,0.0,6.25,125000.0,177675,1.4214,1.4175,0.014968967900229502,3265
11/07/2011,1.4192,1.42,1.3958,1.3996,419777.0,178116.0,EC1 Curncy,Future,CME,USD,0.0,6.25,125000.0,174950,1.3996,1.3963,0.01578795638025369,3266
12/07/2011,1.4019,1.4037,1.3811,1.4,573663.0,183546.0,EC1 Curncy,Future,CME,USD,0.0,6.25,125000.0,175000,1.4,1.3968,0.015234004726208906,3267
13/07/2011,1.3942,1.4165,1.3923,1.4117,436217.0,182906.0,EC1 Curncy,Future,CME,USD,0.0,6.25,125000.0,176463,1.4117,1.4081,0.014540847063754832,3268
14/07/2011,1.4189,1.4256,1.4087,1.4108,371851.0,187739.0,EC1 Curncy,Future,CME,USD,0.0,6.25,125000.0,176350,1.4108,1.4073,0.014430147839327745,3269
15/07/2011,1.4121,1.4173,1.4065,1.4108,288739.0,183100.0,EC1 Curncy,Future,CME,USD,0.0,6.25,125000.0,176350,1.4108,1.4074,0.014753561151968141,3270
18/07/2011,1.41,1.4108,1.3988,1.4057,277153.0,183665.0,EC1 Curncy,Future,CME,USD,0.0,6.25,125000.0,175713,1.4057,1.4025,0.015110776507674136,3271
19/07/2011,1.4078,1.4193,1.4043,1.4108,372547.0,178067.0,EC1 Curncy,Future,CME,USD,0.0,6.25,125000.0,176350,1.4108,1.4075,0.014894219236498755,3272
20/07/2011,1.4128,1.4216,1.4108,1.4201,304958.0,176791.0,EC1 Curncy,Future,CME,USD,0.0,6.25,125000.0,177513,1.4201,1.4165,0.014756533016426545,3273
21/07/2011,1.4196,1.4413,1.4114,1.439,491312.0,177196.0,EC1 Curncy,Future,CME,USD,0.0,6.25,125000.0,179875,1.439,1.4352,0.01477176022003499,3274
22/07/2011,1.4394,1.4414,1.43,1.4344,264324.0,177893.0,EC1 Curncy,Future,CME,USD,0.0,6.25,125000.0,179300,1.4344,1.4305,0.014883125791699087,3275
25/07/2011,1.438,1.4384,1.4301,1.4362,235496.0,176604.0,EC1 Curncy,Future,CME,USD,0.0,6.25,125000.0,179525,1.4362,1.4325,0.015040592851730764,3276
26/07/2011,1.4355,1.4505,1.4336,1.4498,286679.0,181374.0,EC1 Curncy,Future,CME,USD,0.0,6.25,125000.0,181225,1.4498,1.446,0.015617164702068352,3277
27/07/2011,1.449,1.4514,1.4319,1.4352,333394.0,185629.0,EC1 Curncy,Future,CME,USD,0.0,6.25,125000.0,179400,1.4352,1.4316,0.015648180937887397,3278
28/07/2011,1.4349,1.4382,1.4234,1.4292,305232.0,182390.0,EC1 Curncy,Future,CME,USD,0.0,6.25,125000.0,178650,1.4292,1.4257,0.015567837571893471,3279
29/07/2011,1.4308,1.4398,1.4212,1.4348,360049.0,180663.0,EC1 Curncy,Future,CME,USD,0.0,6.25,125000.0,179350,1.4348,1.4315,0.015411020948167238,3280
01/08/2011,1.4339,1.4438,1.4169,1.4249,389581.0,184276.0,EC1 Curncy,Future,CME,USD,0.0,6.25,125000.0,178113,1.4249,1.4216,0.01539618459223525,3281
02/08/2011,1.4238,1.4271,1.4139,1.418,371534.0,187571.0,EC1 Curncy,Future,CME,USD,0.0,6.25,125000.0,177250,1.418,1.4151,0.015465824689667274,3282
03/08/2011,1.4179,1.4332,1.4131,1.4298,420381.0,185054.0,EC1 Curncy,Future,CME,USD,0.0,6.25,125000.0,178725,1.4298,1.4269,0.015261812911037986,3283
04/08/2011,1.4346,1.4355,1.407,1.4121,577693.0,183588.0,EC1 Curncy,Future,CME,USD,0.0,6.25,125000.0,176513,1.4121,1.4094,0.01479249471854586,3284
05/08/2011,1.4077,1.4286,1.4041,1.425,513927.0,175277.0,EC1 Curncy,Future,CME,USD,0.0,6.25,125000.0,178125,1.425,1.4224,0.013945552457021908,3285
08/08/2011,1.4349,1.4393,1.412,1.4179,470736.0,180648.0,EC1 Curncy,Future,CME,USD,0.0,6.25,125000.0,177238,1.4179,1.4164,0.013088769995619462,3286
09/08/2011,1.416,1.4372,1.4145,1.4209,485590.0,180160.0,EC1 Curncy,Future,CME,USD,0.0,6.25,125000.0,177613,1.4209,1.4193,0.012706026129291377,3287
10/08/2011,1.4385,1.4395,1.4154,1.4193,457078.0,176725.0,EC1 Curncy,Future,CME,USD,0.0,6.25,125000.0,177413,1.4193,1.4178,0.012686189341099949,3288
11/08/2011,1.4157,1.429,1.4098,1.4208,448990.0,169874.0,EC1 Curncy,Future,CME,USD,0.0,6.25,125000.0,177600,1.4208,1.4194,0.012514042778611114,3289
12/08/2011,1.4231,1.4286,1.4143,1.4238,275331.0,167339.0,EC1 Curncy,Future,CME,USD,0.0,6.25,125000.0,177975,1.4238,1.4223,0.01252222291228311,3290
15/08/2011,1.4256,1.4472,1.4256,1.4444,307301.0,169933.0,EC1 Curncy,Future,CME,USD,0.0,6.25,125000.0,180550,1.4444,1.4426,0.01244446597213227,3291
16/08/2011,1.4441,1.4467,1.4348,1.4389,317023.0,164174.0,EC1 Curncy,Future,CME,USD,0.0,6.25,125000.0,179863,1.4389,1.4371,0.011810430418273357,3292
17/08/2011,1.4394,1.4512,1.4319,1.4446,320199.0,165205.0,EC1 Curncy,Future,CME,USD,0.0,6.25,125000.0,180575,1.4446,1.4428,0.012099391169181364,3293
18/08/2011,1.4418,1.4447,1.4265,1.432,325556.0,170019.0,EC1 Curncy,Future,CME,USD,0.0,6.25,125000.0,179000,1.432,1.4305,0.011705158406938471,3294
19/08/2011,1.4323,1.4449,1.4253,1.4382,313366.0,169234.0,EC1 Curncy,Future,CME,USD,0.0,6.25,125000.0,179775,1.4382,1.4369,0.011390373128136677,3295
22/08/2011,1.4372,1.443,1.4342,1.4367,182568.0,167357.0,EC1 Curncy,Future,CME,USD,0.0,6.25,125000.0,179588,1.4367,1.4355,0.010486798049523927,3296
23/08/2011,1.4351,1.4497,1.4349,1.442,277467.0,169155.0,EC1 Curncy,Future,CME,USD,0.0,6.25,125000.0,180250,1.442,1.4407,0.010018150195095204,3297
24/08/2011,1.4429,1.4478,1.4374,1.4416,256054.0,169289.0,EC1 Curncy,Future,CME,USD,0.0,6.25,125000.0,180200,1.4416,1.4401,0.009991287871514732,3298
25/08/2011,1.4405,1.4472,1.4322,1.4364,321648.0,172768.0,EC1 Curncy,Future,CME,USD,0.0,6.25,125000.0,179550,1.4364,1.435,0.009924140600818374,3299
26/08/2011,1.437,1.45,1.4324,1.448,350854.0,171567.0,EC1 Curncy,Future,CME,USD,0.0,6.25,125000.0,181000,1.448,1.4465,0.010449920254790114,3300
29/08/2011,1.449,1.4553,1.4462,1.4503,164570.0,172896.0,EC1 Curncy,Future,CME,USD,0.0,6.25,125000.0,181288,1.4503,1.4487,0.011048290968809008,3301
30/08/2011,1.451,1.453,1.438,1.4447,243875.0,172010.0,EC1 Curncy,Future,CME,USD,0.0,6.25,125000.0,180588,1.4447,1.4432,0.01076049874919694,3302
31/08/2011,1.4436,1.4466,1.4355,1.4377,246224.0,170143.0,EC1 Curncy,Future,CME,USD,0.0,6.25,125000.0,179713,1.4377,1.4362,0.010799344115800174,3303
01/09/2011,1.4376,1.4378,1.4224,1.427,290076.0,174750.0,EC1 Curncy,Future,CME,USD,0.0,6.25,125000.0,178375,1.427,1.4257,0.010836086316784399,3304
02/09/2011,1.4259,1.4287,1.418,1.427,262475.0,177942.0,EC1 Curncy,Future,CME,USD,0.0,6.25,125000.0,178375,1.427,1.4257,0.010876082321534959,3305
05/09/2011,1.4259,1.4287,1.418,1.4184,262475.0,177942.0,EC1 Curncy,Future,CME,USD,0.0,6.25,125000.0,177300,1.4184,1.4171,0.011129615147500589,3306
06/09/2011,1.4091,1.4283,1.3969,1.3986,605886.0,193623.0,EC1 Curncy,Future,CME,USD,0.0,6.25,125000.0,174825,1.3986,1.398,0.012699018334690892,3307
07/09/2011,1.4,1.4149,1.3991,1.4089,286012.0,192822.0,EC1 Curncy,Future,CME,USD,0.0,6.25,125000.0,176113,1.4089,1.4082,0.013450059479353876,3308
08/09/2011,1.4093,1.4095,1.3871,1.3888,378127.0,195859.0,EC1 Curncy,Future,CME,USD,0.0,6.25,125000.0,173600,1.3888,1.3879,0.015420097275898303,3309
09/09/2011,1.3886,1.3935,1.3625,1.3658,472976.0,214717.0,EC1 Curncy,Future,CME,USD,0.0,6.25,125000.0,170725,1.3658,1.3654,0.019976484508829988,3310
12/09/2011,1.3574,1.3695,1.3497,1.3575,389990.0,196718.0,EC1 Curncy,Future,CME,USD,0.0,6.25,125000.0,169688,1.3575,1.3573,0.02429663762742114,3311
13/09/2011,1.3662,1.3738,1.3556,1.371,423176.0,170785.0,EC1 Curncy,Future,CME,USD,0.0,6.25,125000.0,171375,1.371,1.3703,0.026549269920876757,3312
14/09/2011,1.3678,1.3782,1.359,1.3749,381821.0,155149.0,EC1 Curncy,Future,CME,USD,0.0,6.25,125000.0,171863,1.3749,1.3741,0.028205377737793014,3313
15/09/2011,1.3733,1.3925,1.3694,1.3875,269199.0,178968.0,EC1 Curncy,Future,CME,USD,0.0,6.25,125000.0,173438,1.3889,1.3875,0.028977179526855336,3314
16/09/2011,1.3872,1.3872,1.374,1.3783,301357.0,212334.0,EC1 Curncy,Future,CME,USD,0.0,6.25,125000.0,172288,1.3795,1.3783,0.03009581532370056,3315
19/09/2011,1.3672,1.3711,1.3577,1.3658,318921.0,202661.0,EC1 Curncy,Future,CME,USD,0.0,6.25,125000.0,170725,1.3606,1.3658,0.0312590290955801,3316
20/09/2011,1.3668,1.3738,1.3585,1.3678,307611.0,199663.0,EC1 Curncy,Future,CME,USD,0.0,6.25,125000.0,170975,1.3678,1.3677,0.032160768025629505,3317
21/09/2011,1.3692,1.3791,1.3554,1.3665,352799.0,204493.0,EC1 Curncy,Future,CME,USD,0.0,6.25,125000.0,170813,1.3665,1.3664,0.0326097260542268,3318
22/09/2011,1.3577,1.3594,1.338,1.3464,455837.0,210785.0,EC1 Curncy,Future,CME,USD,0.0,6.25,125000.0,168300,1.3464,1.3469,0.03447522927163435,3319
23/09/2011,1.3458,1.3563,1.3414,1.3455,359907.0,211563.0,EC1 Curncy,Future,CME,USD,0.0,6.25,125000.0,168188,1.3455,1.346,0.035721845323720226,3320
26/09/2011,1.3501,1.3545,1.3357,1.3459,399493.0,208874.0,EC1 Curncy,Future,CME,USD,0.0,6.25,125000.0,168238,1.3459,1.3461,0.03658083423504485,3321
27/09/2011,1.352,1.3662,1.3474,1.3639,370514.0,213008.0,EC1 Curncy,Future,CME,USD,0.0,6.25,125000.0,170488,1.3639,1.3638,0.03596902278348036,3322
28/09/2011,1.3582,1.3684,1.3525,1.3571,307418.0,216949.0,EC1 Curncy,Future,CME,USD,0.0,6.25,125000.0,169638,1.3571,1.3569,0.035329830643974186,3323
29/09/2011,1.3523,1.3675,1.3513,1.3556,279130.0,217637.0,EC1 Curncy,Future,CME,USD,0.0,6.25,125000.0,169450,1.3556,1.3556,0.03471188653278968,3324
30/09/2011,1.358,1.3596,1.338,1.3415,323034.0,224262.0,EC1 Curncy,Future,CME,USD,0.0,6.25,125000.0,167688,1.3415,1.3416,0.033551670102474944,3325
03/10/2011,1.3353,1.3379,1.3161,1.3217,376287.0,225357.0,EC1 Curncy,Future,CME,USD,0.0,6.25,125000.0,165213,1.3217,1.3218,0.03276370095088007,3326
04/10/2011,1.3183,1.3368,1.3142,1.3236,416518.0,218578.0,EC1 Curncy,Future,CME,USD,0.0,6.25,125000.0,165450,1.3236,1.3239,0.03150436371888954,3327
05/10/2011,1.3331,1.338,1.3256,1.3351,356614.0,215239.0,EC1 Curncy,Future,CME,USD,0.0,6.25,125000.0,166888,1.3351,1.3354,0.029435756034661757,3328
06/10/2011,1.3345,1.3445,1.3235,1.3417,451604.0,218020.0,EC1 Curncy,Future,CME,USD,0.0,6.25,125000.0,167713,1.3417,1.3417,0.02737731603594773,3329
07/10/2011,1.3425,1.3518,1.3353,1.3381,329607.0,221957.0,EC1 Curncy,Future,CME,USD,0.0,6.25,125000.0,167263,1.3381,1.3382,0.024802417220885192,3330
10/10/2011,1.3382,1.369,1.3371,1.3654,256950.0,219872.0,EC1 Curncy,Future,CME,USD,0.0,6.25,125000.0,170675,1.3654,1.3652,0.021936930049550767,3331
11/10/2011,1.3627,1.3676,1.3557,1.3653,286387.0,220446.0,EC1 Curncy,Future,CME,USD,0.0,6.25,125000.0,170663,1.3653,1.3651,0.02049149579701045,3332
12/10/2011,1.364,1.3825,1.3573,1.3779,316600.0,222048.0,EC1 Curncy,Future,CME,USD,0.0,6.25,125000.0,172238,1.3779,1.3775,0.01816338074255202,3333
13/10/2011,1.3771,1.3817,1.3676,1.3775,304876.0,222914.0,EC1 Curncy,Future,CME,USD,0.0,6.25,125000.0,172188,1.3775,1.3773,0.017491710417573452,3334
14/10/2011,1.3764,1.3885,1.3714,1.387,283759.0,219466.0,EC1 Curncy,Future,CME,USD,0.0,6.25,125000.0,173375,1.387,1.3867,0.018401494504493528,3335
17/10/2011,1.3871,1.3905,1.3717,1.3735,282897.0,231858.0,EC1 Curncy,Future,CME,USD,0.0,6.25,125000.0,171688,1.3735,1.3731,0.01864765400791474,3336
18/10/2011,1.3728,1.3811,1.3645,1.3734,338900.0,227423.0,EC1 Curncy,Future,CME,USD,0.0,6.25,125000.0,171675,1.3734,1.3731,0.018718156960526266,3337
19/10/2011,1.3727,1.3862,1.3717,1.3739,291119.0,230987.0,EC1 Curncy,Future,CME,USD,0.0,6.25,125000.0,171738,1.3739,1.3736,0.01868396995641535,3338
20/10/2011,1.3751,1.3837,1.3649,1.3763,428480.0,234845.0,EC1 Curncy,Future,CME,USD,0.0,6.25,125000.0,172038,1.3763,1.376,0.018098119607634272,3339
21/10/2011,1.3768,1.3897,1.3697,1.3859,290552.0,238383.0,EC1 Curncy,Future,CME,USD,0.0,6.25,125000.0,173238,1.3859,1.3856,0.018502340392471957,3340
24/10/2011,1.3861,1.3949,1.3815,1.394,279707.0,233885.0,EC1 Curncy,Future,CME,USD,0.0,6.25,125000.0,174250,1.394,1.3937,0.01975803633964893,3341
25/10/2011,1.3925,1.3954,1.3842,1.392,343739.0,232340.0,EC1 Curncy,Future,CME,USD,0.0,6.25,125000.0,174000,1.392,1.3918,0.020724267578506705,3342
26/10/2011,1.3904,1.397,1.3792,1.389,353908.0,230480.0,EC1 Curncy,Future,CME,USD,0.0,6.25,125000.0,173625,1.389,1.3888,0.021449481734194302,3343
27/10/2011,1.3891,1.4241,1.3858,1.4201,432110.0,225265.0,EC1 Curncy,Future,CME,USD,0.0,6.25,125000.0,177513,1.4201,1.4196,0.024129354183901625,3344
28/10/2011,1.4175,1.4195,1.4126,1.4148,233050.0,217819.0,EC1 Curncy,Future,CME,USD,0.0,6.25,125000.0,176850,1.4148,1.4144,0.025742181984675302,3345
31/10/2011,1.4146,1.4166,1.3822,1.392,342132.0,220209.0,EC1 Curncy,Future,CME,USD,0.0,6.25,125000.0,174000,1.392,1.3917,0.025773502542963032,3346
01/11/2011,1.3855,1.3866,1.3604,1.3707,432717.0,227248.0,EC1 Curncy,Future,CME,USD,0.0,6.25,125000.0,171338,1.3707,1.3708,0.025748337810406044,3347
02/11/2011,1.3693,1.3825,1.3633,1.3757,300005.0,226288.0,EC1 Curncy,Future,CME,USD,0.0,6.25,125000.0,171963,1.3757,1.3758,0.025636850430557526,3348
03/11/2011,1.3741,1.3854,1.3652,1.383,446224.0,231021.0,EC1 Curncy,Future,CME,USD,0.0,6.25,125000.0,172875,1.383,1.3832,0.025560318855577014,3349
04/11/2011,1.3812,1.3879,1.3708,1.3773,321864.0,230496.0,EC1 Curncy,Future,CME,USD,0.0,6.25,125000.0,172163,1.3773,1.3774,0.024797269338889254,3350
07/11/2011,1.3816,1.3819,1.3678,1.3771,267747.0,228828.0,EC1 Curncy,Future,CME,USD,0.0,6.25,125000.0,172138,1.3771,1.3772,0.022379777329814107,3351
08/11/2011,1.3766,1.3846,1.3722,1.384,268761.0,226609.0,EC1 Curncy,Future,CME,USD,0.0,6.25,125000.0,173000,1.384,1.3841,0.019672326586655603,3352
09/11/2011,1.383,1.3857,1.3521,1.354,424486.0,242468.0,EC1 Curncy,Future,CME,USD,0.0,6.25,125000.0,169250,1.354,1.3545,0.018284070480394366,3353
10/11/2011,1.3527,1.3653,1.3484,1.3582,340140.0,244439.0,EC1 Curncy,Future,CME,USD,0.0,6.25,125000.0,169775,1.3582,1.3588,0.017168480810252885,3354
11/11/2011,1.3608,1.3795,1.3578,1.3748,236711.0,238602.0,EC1 Curncy,Future,CME,USD,0.0,6.25,125000.0,171850,1.3748,1.3754,0.014946970707538245,3355
14/11/2011,1.3775,1.3794,1.359,1.3611,229167.0,237132.0,EC1 Curncy,Future,CME,USD,0.0,6.25,125000.0,170138,1.3611,1.3619,0.015151457575604453,3356
15/11/2011,1.3622,1.364,1.3495,1.3542,260681.0,238375.0,EC1 Curncy,Future,CME,USD,0.0,6.25,125000.0,169275,1.3542,1.3553,0.01576093482840869,3357
16/11/2011,1.3527,1.3558,1.3428,1.3511,299129.0,240229.0,EC1 Curncy,Future,CME,USD,0.0,6.25,125000.0,168888,1.3511,1.3523,0.016780774713900756,3358
17/11/2011,1.3457,1.354,1.342,1.3464,324009.0,247880.0,EC1 Curncy,Future,CME,USD,0.0,6.25,125000.0,168300,1.3464,1.3478,0.0179920584332469,3359
18/11/2011,1.3466,1.3614,1.3447,1.3513,288299.0,253690.0,EC1 Curncy,Future,CME,USD,0.0,6.25,125000.0,168913,1.3513,1.3526,0.018619056546060175,3360
21/11/2011,1.3522,1.3543,1.343,1.3496,272027.0,251748.0,EC1 Curncy,Future,CME,USD,0.0,6.25,125000.0,168700,1.3496,1.3512,0.019359740872888675,3361
22/11/2011,1.3488,1.3569,1.3468,1.3506,270548.0,251010.0,EC1 Curncy,Future,CME,USD,0.0,6.25,125000.0,168825,1.3506,1.3522,0.019975123695872468,3362
23/11/2011,1.3515,1.3531,1.3319,1.3506,319717.0,260828.0,EC1 Curncy,Future,CME,USD,0.0,6.25,125000.0,168825,1.3506,1.3522,0.020529655785361218,3363
24/11/2011,1.3515,1.3531,1.3319,1.3328,319717.0,260828.0,EC1 Curncy,Future,CME,USD,0.0,6.25,125000.0,166600,1.3328,1.3346,0.022056070970719908,3364
25/11/2011,1.3343,1.3345,1.3212,1.3239,305688.0,265046.0,EC1 Curncy,Future,CME,USD,0.0,6.25,125000.0,165488,1.3239,1.3259,0.023799347329961078,3365
28/11/2011,1.3315,1.3401,1.3273,1.3303,246194.0,260387.0,EC1 Curncy,Future,CME,USD,0.0,6.25,125000.0,166288,1.3303,1.3325,0.024427625754436678,3366
29/11/2011,1.3312,1.3444,1.3286,1.333,306908.0,266183.0,EC1 Curncy,Future,CME,USD,0.0,6.25,125000.0,166625,1.333,1.3354,0.02471814920253624,3367
30/11/2011,1.3332,1.3535,1.326,1.3436,441324.0,269266.0,EC1 Curncy,Future,CME,USD,0.0,6.25,125000.0,167950,1.3436,1.3447,0.02448872053277172,3368
01/12/2011,1.3441,1.3522,1.3417,1.3456,280158.0,259590.0,EC1 Curncy,Future,CME,USD,0.0,6.25,125000.0,168200,1.3456,1.3465,0.021529892397909464,3369
02/12/2011,1.346,1.355,1.3362,1.3404,281905.0,255082.0,EC1 Curncy,Future,CME,USD,0.0,6.25,125000.0,167550,1.3404,1.3414,0.018483621578727204,3370
05/12/2011,1.3407,1.3487,1.3373,1.34,249473.0,249432.0,EC1 Curncy,Future,CME,USD,0.0,6.25,125000.0,167500,1.34,1.341,0.017197759543971933,3371
06/12/2011,1.3395,1.3429,1.3333,1.341,231102.0,250788.0,EC1 Curncy,Future,CME,USD,0.0,6.25,125000.0,167625,1.341,1.3418,0.017048012591862127,3372
07/12/2011,1.3403,1.3453,1.335,1.3396,259934.0,254776.0,EC1 Curncy,Future,CME,USD,0.0,6.25,125000.0,167450,1.3396,1.3402,0.01658395308721569,3373
08/12/2011,1.3415,1.3461,1.3288,1.3336,366724.0,249839.0,EC1 Curncy,Future,CME,USD,0.0,6.25,125000.0,166700,1.3336,1.3344,0.01561905566924553,3374
09/12/2011,1.335,1.3434,1.3281,1.3371,295942.0,229687.0,EC1 Curncy,Future,CME,USD,0.0,6.25,125000.0,167138,1.3371,1.3381,0.014708871472652388,3375
12/12/2011,1.3361,1.3377,1.3163,1.3186,260451.0,215824.0,EC1 Curncy,Future,CME,USD,0.0,6.25,125000.0,164825,1.3186,1.32,0.014564988843079512,3376
13/12/2011,1.3186,1.3254,1.3025,1.3055,387751.0,165000.0,EC1 Curncy,Future,CME,USD,0.0,6.25,125000.0,163188,1.3038,1.3055,0.014451363257459878,3377
14/12/2011,1.3047,1.3083,1.2965,1.2994,273640.0,211277.0,EC1 Curncy,Future,CME,USD,0.0,6.25,125000.0,162425,1.2975,1.2994,0.01663021647481121,3378
15/12/2011,1.3,1.3065,1.2976,1.3025,210055.0,244984.0,EC1 Curncy,Future,CME,USD,0.0,6.25,125000.0,162813,1.3012,1.3025,0.01784570162996597,3379
16/12/2011,1.3031,1.3096,1.3006,1.3037,230604.0,258127.0,EC1 Curncy,Future,CME,USD,0.0,6.25,125000.0,162963,1.3026,1.3037,0.017441378003638264,3380
19/12/2011,1.3047,1.3055,1.2993,1.3026,158626.0,264580.0,EC1 Curncy,Future,CME,USD,0.0,6.25,125000.0,162825,1.3022,1.3026,0.017773622778314454,3381
20/12/2011,1.3007,1.3142,1.3003,1.3084,191054.0,264989.0,EC1 Curncy,Future,CME,USD,0.0,6.25,125000.0,163550,1.3084,1.3095,0.01786614862430724,3382
21/12/2011,1.3092,1.3224,1.3038,1.3057,235154.0,271048.0,EC1 Curncy,Future,CME,USD,0.0,6.25,125000.0,163213,1.3057,1.307,0.01807038830054626,3383
22/12/2011,1.3058,1.3133,1.3029,1.3058,147047.0,272531.0,EC1 Curncy,Future,CME,USD,0.0,6.25,125000.0,163225,1.3058,1.3071,0.018304778975243994,3384
23/12/2011,1.3067,1.3109,1.304,1.3058,77608.0,272983.0,EC1 Curncy,Future,CME,USD,0.0,6.25,125000.0,163225,1.3058,1.3071,0.018132873462284416,3385
26/12/2011,1.3067,1.3109,1.304,1.3071,77608.0,272983.0,EC1 Curncy,Future,CME,USD,0.0,6.25,125000.0,163388,1.3071,1.3086,0.017816432489864562,3386
27/12/2011,1.3089,1.3097,1.3072,1.3083,37818.0,274303.0,EC1 Curncy,Future,CME,USD,0.0,6.25,125000.0,163538,1.3083,1.3099,0.017211829265534724,3387
28/12/2011,1.3082,1.3095,1.2924,1.2953,177098.0,284438.0,EC1 Curncy,Future,CME,USD,0.0,6.25,125000.0,161913,1.2953,1.2971,0.017015254920196517,3388
29/12/2011,1.2954,1.2979,1.2869,1.2947,141379.0,280275.0,EC1 Curncy,Future,CME,USD,0.0,6.25,125000.0,161838,1.2947,1.2965,0.017554557812696003,3389
30/12/2011,1.2961,1.3008,1.2915,1.2947,115573.0,282768.0,EC1 Curncy,Future,CME,USD,0.0,6.25,125000.0,161838,1.2947,1.2965,0.018166014973001025,3390
02/01/2012,1.2961,1.3008,1.2915,1.2968,115573.0,282768.0,EC1 Curncy,Future,CME,USD,0.0,6.25,125000.0,162100,1.2968,1.2986,0.018430864512170256,3391
03/01/2012,1.3047,1.3085,1.302,1.3063,137120.0,280981.0,EC1 Curncy,Future,CME,USD,0.0,6.25,125000.0,163288,1.3063,1.3078,0.018198092390852055,3392
04/01/2012,1.3059,1.308,1.2904,1.2944,216058.0,291420.0,EC1 Curncy,Future,CME,USD,0.0,6.25,125000.0,161800,1.2944,1.2959,0.017660706856352255,3393
05/01/2012,1.2948,1.2952,1.2777,1.2792,266261.0,296662.0,EC1 Curncy,Future,CME,USD,0.0,6.25,125000.0,159900,1.2792,1.2809,0.017596045957336597,3394
06/01/2012,1.2798,1.282,1.2703,1.2729,227148.0,291543.0,EC1 Curncy,Future,CME,USD,0.0,6.25,125000.0,159113,1.2729,1.2743,0.01801619641691134,3395
09/01/2012,1.27,1.2791,1.2673,1.2761,186645.0,288544.0,EC1 Curncy,Future,CME,USD,0.0,6.25,125000.0,159513,1.2761,1.2775,0.01781288110701788,3396
10/01/2012,1.2773,1.2824,1.2747,1.2795,214390.0,291573.0,EC1 Curncy,Future,CME,USD,0.0,6.25,125000.0,159938,1.2795,1.2805,0.01691624170236344,3397
11/01/2012,1.2778,1.2794,1.2664,1.27,289336.0,296418.0,EC1 Curncy,Future,CME,USD,0.0,6.25,125000.0,158750,1.27,1.2709,0.01634994903150492,3398
12/01/2012,1.2713,1.2848,1.2702,1.2832,321518.0,290209.0,EC1 Curncy,Future,CME,USD,0.0,6.25,125000.0,160400,1.2832,1.284,0.01511552954192573,3399
13/01/2012,1.2815,1.2884,1.2627,1.2832,400353.0,301762.0,EC1 Curncy,Future,CME,USD,0.0,6.25,125000.0,160400,1.2832,1.284,0.013027289306152106,3400
16/01/2012,1.2815,1.2884,1.2627,1.2672,400353.0,301762.0,EC1 Curncy,Future,CME,USD,0.0,6.25,125000.0,158400,1.2672,1.2683,0.01336165907860517,3401
17/01/2012,1.2656,1.282,1.2628,1.2724,373270.0,297914.0,EC1 Curncy,Future,CME,USD,0.0,6.25,125000.0,159050,1.2724,1.2732,0.013800359898672383,3402
18/01/2012,1.2741,1.2872,1.2736,1.284,353752.0,303769.0,EC1 Curncy,Future,CME,USD,0.0,6.25,125000.0,160500,1.284,1.2848,0.013828229580567813,3403
19/01/2012,1.2857,1.2975,1.2841,1.2937,285083.0,303569.0,EC1 Curncy,Future,CME,USD,0.0,6.25,125000.0,161713,1.2937,1.2945,0.013660588079077251,3404
20/01/2012,1.2969,1.2989,1.2889,1.2925,241537.0,312052.0,EC1 Curncy,Future,CME,USD,0.0,6.25,125000.0,161563,1.2925,1.2933,0.013430311488056852,3405
23/01/2012,1.2885,1.3056,1.288,1.302,270677.0,306836.0,EC1 Curncy,Future,CME,USD,0.0,6.25,125000.0,162750,1.302,1.3028,0.013409596066482845,3406
24/01/2012,1.3017,1.3066,1.2956,1.3025,308386.0,311623.0,EC1 Curncy,Future,CME,USD,0.0,6.25,125000.0,162813,1.3025,1.3032,0.013142955020323036,3407
25/01/2012,1.3034,1.3124,1.2933,1.3087,365623.0,305870.0,EC1 Curncy,Future,CME,USD,0.0,6.25,125000.0,163588,1.3087,1.3094,0.013296212493271654,3408
26/01/2012,1.3103,1.3186,1.3093,1.311,279417.0,302351.0,EC1 Curncy,Future,CME,USD,0.0,6.25,125000.0,163875,1.311,1.3115,0.013574301700869587,3409
27/01/2012,1.3107,1.3237,1.3078,1.3207,331156.0,297295.0,EC1 Curncy,Future,CME,USD,0.0,6.25,125000.0,165088,1.3207,1.3212,0.014532580637985749,3410
30/01/2012,1.3218,1.3224,1.3078,1.3126,218465.0,298634.0,EC1 Curncy,Future,CME,USD,0.0,6.25,125000.0,164075,1.3126,1.3133,0.014811911872978768,3411
31/01/2012,1.3143,1.3216,1.3043,1.3086,317545.0,300708.0,EC1 Curncy,Future,CME,USD,0.0,6.25,125000.0,163575,1.3086,1.3092,0.014825718644736563,3412
01/02/2012,1.3093,1.3221,1.3027,1.3158,348285.0,299201.0,EC1 Curncy,Future,CME,USD,0.0,6.25,125000.0,164475,1.3158,1.3164,0.01555953405470575,3413
02/02/2012,1.3169,1.3198,1.3086,1.3143,294235.0,295198.0,EC1 Curncy,Future,CME,USD,0.0,6.25,125000.0,164288,1.3143,1.3148,0.016136679749343522,3414
03/02/2012,1.3147,1.3217,1.3067,1.3154,357602.0,294768.0,EC1 Curncy,Future,CME,USD,0.0,6.25,125000.0,164425,1.3154,1.3159,0.01671139830573327,3415
06/02/2012,1.3123,1.3144,1.3028,1.3125,279685.0,292722.0,EC1 Curncy,Future,CME,USD,0.0,6.25,125000.0,164063,1.3125,1.3131,0.0170913262602075,3416
07/02/2012,1.3126,1.328,1.3091,1.3248,383182.0,283869.0,EC1 Curncy,Future,CME,USD,0.0,6.25,125000.0,165600,1.3248,1.3254,0.017972092254368095,3417
08/02/2012,1.326,1.329,1.3222,1.3253,276607.0,278398.0,EC1 Curncy,Future,CME,USD,0.0,6.25,125000.0,165663,1.3253,1.3258,0.018903885843907994,3418
09/02/2012,1.3253,1.3325,1.3216,1.329,308723.0,284320.0,EC1 Curncy,Future,CME,USD,0.0,6.25,125000.0,166125,1.329,1.3295,0.019549268528502153,3419
10/02/2012,1.3288,1.3292,1.3157,1.3172,246746.0,283051.0,EC1 Curncy,Future,CME,USD,0.0,6.25,125000.0,164650,1.3172,1.3178,0.019075973544386497,3420
13/02/2012,1.3237,1.3285,1.3185,1.3205,209072.0,281213.0,EC1 Curncy,Future,CME,USD,0.0,6.25,125000.0,165063,1.3205,1.321,0.01873583642824937,3421
14/02/2012,1.3175,1.3218,1.308,1.3094,281658.0,285412.0,EC1 Curncy,Future,CME,USD,0.0,6.25,125000.0,163675,1.3094,1.3101,0.018140424471313723,3422
15/02/2012,1.3134,1.3192,1.3045,1.3063,321141.0,293224.0,EC1 Curncy,Future,CME,USD,0.0,6.25,125000.0,163288,1.3063,1.307,0.016713949263995737,3423
16/02/2012,1.3063,1.3161,1.2975,1.3141,358451.0,288063.0,EC1 Curncy,Future,CME,USD,0.0,6.25,125000.0,164263,1.3141,1.3147,0.01614342280928711,3424
17/02/2012,1.3134,1.3199,1.3116,1.3141,232493.0,289422.0,EC1 Curncy,Future,CME,USD,0.0,6.25,125000.0,164263,1.3141,1.3147,0.015449317136993442,3425
20/02/2012,1.3134,1.3199,1.3116,1.3159,232493.0,289422.0,EC1 Curncy,Future,CME,USD,0.0,6.25,125000.0,164488,1.3159,1.3165,0.012994060181459125,3426
21/02/2012,1.3206,1.3295,1.3182,1.3247,384165.0,281113.0,EC1 Curncy,Future,CME,USD,0.0,6.25,125000.0,165588,1.3247,1.3253,0.010749506965408339,3427
22/02/2012,1.323,1.3268,1.3212,1.3245,238054.0,279979.0,EC1 Curncy,Future,CME,USD,0.0,6.25,125000.0,165563,1.3245,1.3252,0.009341086660520175,3428
23/02/2012,1.3249,1.3381,1.3232,1.3336,320659.0,273084.0,EC1 Curncy,Future,CME,USD,0.0,6.25,125000.0,166700,1.3336,1.3343,0.009235123171855032,3429
24/02/2012,1.337,1.3488,1.3358,1.346,263776.0,268456.0,EC1 Curncy,Future,CME,USD,0.0,6.25,125000.0,168250,1.346,1.3467,0.009964269499867092,3430
27/02/2012,1.346,1.3473,1.3367,1.3398,258732.0,264033.0,EC1 Curncy,Future,CME,USD,0.0,6.25,125000.0,167475,1.3398,1.3405,0.010422248637696578,3431
28/02/2012,1.3394,1.3473,1.339,1.3458,250559.0,260227.0,EC1 Curncy,Future,CME,USD,0.0,6.25,125000.0,168225,1.3458,1.3465,0.011188955864271658,3432
29/02/2012,1.3458,1.3487,1.3315,1.3339,345085.0,261452.0,EC1 Curncy,Future,CME,USD,0.0,6.25,125000.0,166738,1.3339,1.3346,0.011223810998614057,3433
01/03/2012,1.3322,1.3357,1.3282,1.3316,246951.0,255953.0,EC1 Curncy,Future,CME,USD,0.0,6.25,125000.0,166450,1.3316,1.3323,0.011182131579709462,3434
02/03/2012,1.3317,1.3334,1.3188,1.3206,260353.0,256376.0,EC1 Curncy,Future,CME,USD,0.0,6.25,125000.0,165075,1.3206,1.3214,0.01118272924346299,3435
05/03/2012,1.32,1.3244,1.3161,1.3227,220586.0,251386.0,EC1 Curncy,Future,CME,USD,0.0,6.25,125000.0,165338,1.3227,1.3235,0.011000457566207503,3436
06/03/2012,1.3216,1.3227,1.3104,1.3106,280597.0,255418.0,EC1 Curncy,Future,CME,USD,0.0,6.25,125000.0,163825,1.3106,1.3113,0.01090079813588273,3437
07/03/2012,1.3119,1.3165,1.3096,1.3149,248830.0,251209.0,EC1 Curncy,Future,CME,USD,0.0,6.25,125000.0,164363,1.3149,1.3156,0.010926115503657501,3438
08/03/2012,1.315,1.3292,1.3136,1.3273,289207.0,241468.0,EC1 Curncy,Future,CME,USD,0.0,6.25,125000.0,165913,1.3273,1.328,0.010818502669004613,3439
09/03/2012,1.3274,1.3277,1.3097,1.3107,308977.0,233455.0,EC1 Curncy,Future,CME,USD,0.0,6.25,125000.0,163838,1.3107,1.3114,0.010999383316013451,3440
12/03/2012,1.3115,1.316,1.308,1.3149,221268.0,209660.0,EC1 Curncy,Future,CME,USD,0.0,6.25,125000.0,164363,1.3149,1.3156,0.010913772644351458,3441
13/03/2012,1.315,1.3192,1.3052,1.3073,321411.0,185142.0,EC1 Curncy,Future,CME,USD,0.0,6.25,125000.0,163413,1.3073,1.308,0.011354386817405334,3442
14/03/2012,1.3093,1.3098,1.3017,1.3029,270176.0,186333.0,EC1 Curncy,Future,CME,USD,0.0,6.25,125000.0,162863,1.3023,1.3029,0.01198463321644056,3443
15/03/2012,1.3032,1.3126,1.3009,1.3102,214767.0,236061.0,EC1 Curncy,Future,CME,USD,0.0,6.25,125000.0,163775,1.3097,1.3102,0.012085907771696396,3444
16/03/2012,1.3084,1.3195,1.3055,1.3179,254334.0,257559.0,EC1 Curncy,Future,CME,USD,0.0,6.25,125000.0,164738,1.3173,1.3179,0.012078076557656756,3445
19/03/2012,1.3185,1.3272,1.3148,1.3245,224237.0,257512.0,EC1 Curncy,Future,CME,USD,0.0,6.25,125000.0,165563,1.3158,1.3245,0.012100300271726707,3446
20/03/2012,1.3244,1.3259,1.3178,1.3236,208459.0,257885.0,EC1 Curncy,Future,CME,USD,0.0,6.25,125000.0,165450,1.3236,1.3245,0.011865667560906285,3447
21/03/2012,1.3229,1.3292,1.3185,1.321,245811.0,258717.0,EC1 Curncy,Future,CME,USD,0.0,6.25,125000.0,165125,1.321,1.3218,0.01143562707794977,3448
22/03/2012,1.322,1.3261,1.314,1.3188,243903.0,263226.0,EC1 Curncy,Future,CME,USD,0.0,6.25,125000.0,164850,1.3188,1.3196,0.011336420657888577,3449
23/03/2012,1.3206,1.33,1.3196,1.327,241136.0,250302.0,EC1 Curncy,Future,CME,USD,0.0,6.25,125000.0,165875,1.327,1.3277,0.011240237245387572,3450
26/03/2012,1.3271,1.3374,1.3197,1.3349,261180.0,237700.0,EC1 Curncy,Future,CME,USD,0.0,6.25,125000.0,166863,1.3349,1.3356,0.011393577137986891,3451
27/03/2012,1.336,1.3391,1.3319,1.3341,182687.0,238721.0,EC1 Curncy,Future,CME,USD,0.0,6.25,125000.0,166763,1.3341,1.3348,0.011585295277459303,3452
28/03/2012,1.3322,1.3379,1.3282,1.3328,239588.0,237508.0,EC1 Curncy,Future,CME,USD,0.0,6.25,125000.0,166600,1.3328,1.3335,0.011719445379336479,3453
29/03/2012,1.3322,1.3351,1.3257,1.3292,226316.0,235624.0,EC1 Curncy,Future,CME,USD,0.0,6.25,125000.0,166150,1.3292,1.33,0.011606391917068203,3454
30/03/2012,1.3308,1.3383,1.3303,1.3339,236775.0,234114.0,EC1 Curncy,Future,CME,USD,0.0,6.25,125000.0,166738,1.3339,1.3347,0.010885880763597273,3455
02/04/2012,1.3365,1.3387,1.3283,1.3338,240814.0,237656.0,EC1 Curncy,Future,CME,USD,0.0,6.25,125000.0,166725,1.3338,1.3346,0.010576407707688813,3456
03/04/2012,1.3324,1.3374,1.3218,1.322,301290.0,240260.0,EC1 Curncy,Future,CME,USD,0.0,6.25,125000.0,165250,1.322,1.3228,0.009491227528579633,3457
04/04/2012,1.3241,1.3245,1.3112,1.3141,274349.0,251713.0,EC1 Curncy,Future,CME,USD,0.0,6.25,125000.0,164263,1.3141,1.315,0.009320010729568657,3458
05/04/2012,1.3147,1.3169,1.304,1.3068,233636.0,263016.0,EC1 Curncy,Future,CME,USD,0.0,6.25,125000.0,163350,1.3068,1.3079,0.009534411360922288,3459
06/04/2012,1.3069,1.3119,1.3044,1.3087,50858.0,264693.0,EC1 Curncy,Future,CME,USD,0.0,6.25,125000.0,163588,1.3087,1.3098,0.009829999999963798,3460
09/04/2012,1.3101,1.314,1.3037,1.3127,104022.0,265483.0,EC1 Curncy,Future,CME,USD,0.0,6.25,125000.0,164088,1.3127,1.3138,0.009926340379647737,3461
10/04/2012,1.3115,1.315,1.3059,1.3082,291464.0,273901.0,EC1 Curncy,Future,CME,USD,0.0,6.25,125000.0,163525,1.3082,1.3094,0.010029926885706898,3462
11/04/2012,1.3089,1.3163,1.3072,1.3104,227979.0,274921.0,EC1 Curncy,Future,CME,USD,0.0,6.25,125000.0,163800,1.3104,1.3115,0.010158982888686626,3463
12/04/2012,1.3112,1.3218,1.3106,1.32,274580.0,275619.0,EC1 Curncy,Future,CME,USD,0.0,6.25,125000.0,165000,1.32,1.321,0.010029775670437351,3464
13/04/2012,1.3192,1.3206,1.3074,1.3083,242328.0,285827.0,EC1 Curncy,Future,CME,USD,0.0,6.25,125000.0,163538,1.3083,1.3094,0.010125709851625109,3465
16/04/2012,1.3075,1.3154,1.3,1.3139,303925.0,291006.0,EC1 Curncy,Future,CME,USD,0.0,6.25,125000.0,164238,1.3139,1.3151,0.010145031624690224,3466
17/04/2012,1.3138,1.3178,1.3095,1.3143,226444.0,294825.0,EC1 Curncy,Future,CME,USD,0.0,6.25,125000.0,164288,1.3143,1.3154,0.00989999999996442,3467
18/04/2012,1.3132,1.3146,1.3061,1.313,242766.0,296446.0,EC1 Curncy,Future,CME,USD,0.0,6.25,125000.0,164125,1.313,1.3141,0.009393432102589477,3468
19/04/2012,1.3124,1.317,1.3072,1.3136,303320.0,296995.0,EC1 Curncy,Future,CME,USD,0.0,6.25,125000.0,164200,1.3136,1.3146,0.00927303438287367,3469
20/04/2012,1.3139,1.3232,1.3132,1.3219,243875.0,285360.0,EC1 Curncy,Future,CME,USD,0.0,6.25,125000.0,165238,1.3219,1.3229,0.009271596410505002,3470
23/04/2012,1.3194,1.3214,1.3107,1.3148,226354.0,293472.0,EC1 Curncy,Future,CME,USD,0.0,6.25,125000.0,164350,1.3148,1.3158,0.009281007488376066,3471
24/04/2012,1.3163,1.3222,1.3148,1.3193,224930.0,286037.0,EC1 Curncy,Future,CME,USD,0.0,6.25,125000.0,164913,1.3193,1.3203,0.00924495357835618,3472
25/04/2012,1.3199,1.3239,1.3175,1.3232,246699.0,287145.0,EC1 Curncy,Future,CME,USD,0.0,6.25,125000.0,165400,1.3232,1.3242,0.009270262491750706,3473
26/04/2012,1.3223,1.3266,1.3201,1.3241,225954.0,283008.0,EC1 Curncy,Future,CME,USD,0.0,6.25,125000.0,165513,1.3241,1.3251,0.00931199942722426,3474
27/04/2012,1.32,1.3273,1.316,1.3262,224478.0,284690.0,EC1 Curncy,Future,CME,USD,0.0,6.25,125000.0,165775,1.3262,1.3272,0.009287568752511348,3475
30/04/2012,1.3247,1.3269,1.3211,1.3242,149908.0,280324.0,EC1 Curncy,Future,CME,USD,0.0,6.25,125000.0,165525,1.3242,1.3252,0.008794647993673702,3476
01/05/2012,1.3243,1.3287,1.3207,1.3232,158386.0,278140.0,EC1 Curncy,Future,CME,USD,0.0,6.25,125000.0,165400,1.3232,1.3242,0.008288017454894298,3477
02/05/2012,1.324,1.3245,1.3124,1.3164,258790.0,292077.0,EC1 Curncy,Future,CME,USD,0.0,6.25,125000.0,164550,1.3164,1.3173,0.007775502127363762,3478
03/05/2012,1.3159,1.3183,1.3097,1.3152,236027.0,296022.0,EC1 Curncy,Future,CME,USD,0.0,6.25,125000.0,164400,1.3152,1.3161,0.007451248217534437,3479
04/05/2012,1.3154,1.3182,1.3082,1.3089,237586.0,302377.0,EC1 Curncy,Future,CME,USD,0.0,6.25,125000.0,163613,1.3089,1.3098,0.00683711196334525,3480
07/05/2012,1.303,1.3068,1.2957,1.3054,227383.0,310499.0,EC1 Curncy,Future,CME,USD,0.0,6.25,125000.0,163175,1.3054,1.3064,0.006205650650764061,3481
08/05/2012,1.3062,1.3067,1.2984,1.303,273862.0,319010.0,EC1 Curncy,Future,CME,USD,0.0,6.25,125000.0,162875,1.303,1.304,0.006537642286482307,3482
09/05/2012,1.3004,1.3009,1.2913,1.2948,333777.0,328988.0,EC1 Curncy,Future,CME,USD,0.0,6.25,125000.0,161850,1.2948,1.2959,0.007665072297941823,3483
10/05/2012,1.2936,1.2981,1.2925,1.2953,253654.0,340307.0,EC1 Curncy,Future,CME,USD,0.0,6.25,125000.0,161913,1.2953,1.2964,0.008423924263628315,3484
11/05/2012,1.2931,1.2959,1.2906,1.2924,221596.0,341111.0,EC1 Curncy,Future,CME,USD,0.0,6.25,125000.0,161550,1.2924,1.2934,0.009391038281220624,3485
14/05/2012,1.2885,1.2907,1.2823,1.2845,268593.0,345575.0,EC1 Curncy,Future,CME,USD,0.0,6.25,125000.0,160563,1.2845,1.2857,0.01097679370305193,3486
15/05/2012,1.2828,1.2871,1.2723,1.2736,358548.0,353165.0,EC1 Curncy,Future,CME,USD,0.0,6.25,125000.0,159200,1.2736,1.2748,0.013367824554979204,3487
16/05/2012,1.2735,1.2761,1.2683,1.2724,364621.0,353464.0,EC1 Curncy,Future,CME,USD,0.0,6.25,125000.0,159050,1.2724,1.2737,0.015376802875307039,3488
17/05/2012,1.2717,1.2752,1.2668,1.2715,320573.0,361504.0,EC1 Curncy,Future,CME,USD,0.0,6.25,125000.0,158938,1.2715,1.2727,0.016899010819159413,3489
18/05/2012,1.2686,1.2796,1.2644,1.2739,307173.0,357864.0,EC1 Curncy,Future,CME,USD,0.0,6.25,125000.0,159238,1.2739,1.2752,0.01813838011876324,3490
21/05/2012,1.2777,1.2826,1.2726,1.279,227694.0,363262.0,EC1 Curncy,Future,CME,USD,0.0,6.25,125000.0,159875,1.279,1.2802,0.01880068438469085,3491
22/05/2012,1.2811,1.2819,1.2659,1.272,290187.0,372728.0,EC1 Curncy,Future,CME,USD,0.0,6.25,125000.0,159000,1.272,1.2731,0.019730887798899813,3492
23/05/2012,1.268,1.2689,1.2546,1.2574,397628.0,378866.0,EC1 Curncy,Future,CME,USD,0.0,6.25,125000.0,157175,1.2574,1.2585,0.02154489730770281,3493
24/05/2012,1.2588,1.2622,1.2516,1.2526,347365.0,381450.0,EC1 Curncy,Future,CME,USD,0.0,6.25,125000.0,156575,1.2526,1.2537,0.023348446058202996,3494
25/05/2012,1.2538,1.2604,1.2496,1.2526,278740.0,377755.0,EC1 Curncy,Future,CME,USD,0.0,6.25,125000.0,156575,1.2526,1.2537,0.024456455862059003,3495
28/05/2012,1.2538,1.2604,1.2496,1.2518,278740.0,377755.0,EC1 Curncy,Future,CME,USD,0.0,6.25,125000.0,156475,1.2518,1.2528,0.025556158422831522,3496
29/05/2012,1.257,1.2625,1.2462,1.2489,408604.0,388599.0,EC1 Curncy,Future,CME,USD,0.0,6.25,125000.0,156113,1.2489,1.2499,0.02634826053713769,3497
30/05/2012,1.249,1.2494,1.2362,1.2381,363376.0,387439.0,EC1 Curncy,Future,CME,USD,0.0,6.25,125000.0,154763,1.2381,1.2392,0.027319231321535794,3498
31/05/2012,1.2371,1.2429,1.2337,1.2368,354135.0,388914.0,EC1 Curncy,Future,CME,USD,0.0,6.25,125000.0,154600,1.2368,1.2379,0.02785979002073796,3499
01/06/2012,1.2361,1.2462,1.2288,1.2413,458185.0,381082.0,EC1 Curncy,Future,CME,USD,0.0,6.25,125000.0,155163,1.2413,1.2426,0.027522020274675284,3500
04/06/2012,1.2435,1.2511,1.2386,1.2493,238948.0,381300.0,EC1 Curncy,Future,CME,USD,0.0,6.25,125000.0,156163,1.2493,1.2506,0.026500665400444726,3501
05/06/2012,1.2495,1.2543,1.241,1.2446,259090.0,386448.0,EC1 Curncy,Future,CME,USD,0.0,6.25,125000.0,155575,1.2446,1.2457,0.02535630625044496,3502
06/06/2012,1.2452,1.2587,1.2441,1.2546,379706.0,382763.0,EC1 Curncy,Future,CME,USD,0.0,6.25,125000.0,156825,1.2546,1.2556,0.023949573413035434,3503
07/06/2012,1.2576,1.2627,1.254,1.2603,336903.0,376194.0,EC1 Curncy,Future,CME,USD,0.0,6.25,125000.0,157538,1.2603,1.2613,0.022158388178439136,3504
08/06/2012,1.2563,1.2575,1.2435,1.2507,312801.0,360577.0,EC1 Curncy,Future,CME,USD,0.0,6.25,125000.0,156338,1.2507,1.2517,0.020761232301248638,3505
11/06/2012,1.2647,1.267,1.2481,1.2499,354648.0,322259.0,EC1 Curncy,Future,CME,USD,0.0,6.25,125000.0,156238,1.2499,1.2509,0.01932024240703071,3506
12/06/2012,1.247,1.253,1.2443,1.2501,375779.0,265493.0,EC1 Curncy,Future,CME,USD,0.0,6.25,125000.0,156263,1.2501,1.2512,0.017706281371303735,3507
13/06/2012,1.2519,1.2621,1.2484,1.2599,360912.0,243490.0,EC1 Curncy,Future,CME,USD,0.0,6.25,125000.0,157488,1.2589,1.2599,0.016329523365154357,3508
14/06/2012,1.2576,1.2649,1.2553,1.2611,297009.0,310943.0,EC1 Curncy,Future,CME,USD,0.0,6.25,125000.0,157638,1.2601,1.2611,0.014641479888765787,3509
15/06/2012,1.2642,1.2676,1.2602,1.2647,214311.0,318769.0,EC1 Curncy,Future,CME,USD,0.0,6.25,125000.0,158088,1.2637,1.2647,0.012975485861159172,3510
18/06/2012,1.2754,1.2759,1.2567,1.2591,306255.0,325782.0,EC1 Curncy,Future,CME,USD,0.0,6.25,125000.0,157388,1.2597,1.2591,0.01175642094062429,3511
19/06/2012,1.2587,1.2741,1.2578,1.2699,312893.0,310194.0,EC1 Curncy,Future,CME,USD,0.0,6.25,125000.0,158738,1.2699,1.2712,0.011561033690800191,3512
20/06/2012,1.2696,1.2753,1.2646,1.2676,307192.0,309707.0,EC1 Curncy,Future,CME,USD,0.0,6.25,125000.0,158450,1.2676,1.2689,0.01133045012344252,3513
21/06/2012,1.2709,1.2711,1.2541,1.2563,364723.0,325272.0,EC1 Curncy,Future,CME,USD,0.0,6.25,125000.0,157038,1.2563,1.2577,0.010903401609887162,3514
22/06/2012,1.2557,1.2594,1.2528,1.2572,251484.0,321898.0,EC1 Curncy,Future,CME,USD,0.0,6.25,125000.0,157150,1.2572,1.2585,0.010260024366434445,3515
25/06/2012,1.2564,1.2569,1.2481,1.2506,214261.0,312345.0,EC1 Curncy,Future,CME,USD,0.0,6.25,125000.0,156325,1.2506,1.252,0.009041731028947826,3516
26/06/2012,1.251,1.2542,1.2451,1.2506,273601.0,314015.0,EC1 Curncy,Future,CME,USD,0.0,6.25,125000.0,156325,1.2506,1.252,0.008276422334953154,3517
27/06/2012,1.2504,1.2519,1.2455,1.2468,197694.0,311271.0,EC1 Curncy,Future,CME,USD,0.0,6.25,125000.0,155850,1.2468,1.2482,0.008336400102353229,3518
28/06/2012,1.2479,1.2535,1.2417,1.2436,278698.0,311083.0,EC1 Curncy,Future,CME,USD,0.0,6.25,125000.0,155450,1.2436,1.245,0.00854678692062215,3519
29/06/2012,1.2451,1.2703,1.2443,1.2668,388212.0,299280.0,EC1 Curncy,Future,CME,USD,0.0,6.25,125000.0,158350,1.2668,1.2682,0.009002605178493972,3520
02/07/2012,1.2678,1.2682,1.2578,1.2593,223942.0,295964.0,EC1 Curncy,Future,CME,USD,0.0,6.25,125000.0,157413,1.2593,1.2608,0.009077824629273475,3521
03/07/2012,1.2596,1.2639,1.257,1.2593,184384.0,300964.0,EC1 Curncy,Future,CME,USD,0.0,6.25,125000.0,157413,1.2593,1.2608,0.009095374282192798,3522
04/07/2012,1.2596,1.2639,1.257,1.2622,184384.0,300964.0,EC1 Curncy,Future,CME,USD,0.0,6.25,125000.0,157775,1.2622,1.2637,0.008610820711939512,3523
05/07/2012,1.2619,1.2619,1.2374,1.2401,403817.0,317778.0,EC1 Curncy,Future,CME,USD,0.0,6.25,125000.0,155013,1.2401,1.2416,0.008342855226669424,3524
06/07/2012,1.2408,1.2414,1.2271,1.2283,291598.0,324576.0,EC1 Curncy,Future,CME,USD,0.0,6.25,125000.0,153538,1.2283,1.2299,0.00955216729333381,3525
09/07/2012,1.228,1.2336,1.2266,1.2321,218836.0,321752.0,EC1 Curncy,Future,CME,USD,0.0,6.25,125000.0,154013,1.2321,1.2337,0.010514455129321173,3526
10/07/2012,1.2328,1.2345,1.2246,1.2263,226816.0,324222.0,EC1 Curncy,Future,CME,USD,0.0,6.25,125000.0,153288,1.2263,1.228,0.011748279306626743,3527
11/07/2012,1.2261,1.2308,1.2222,1.2232,229414.0,323945.0,EC1 Curncy,Future,CME,USD,0.0,6.25,125000.0,152900,1.2232,1.2248,0.013172888825153625,3528
12/07/2012,1.2251,1.2259,1.2176,1.2206,204599.0,328748.0,EC1 Curncy,Future,CME,USD,0.0,6.25,125000.0,152575,1.2206,1.2222,0.01444230244801259,3529
13/07/2012,1.2211,1.2267,1.2171,1.2251,227048.0,324606.0,EC1 Curncy,Future,CME,USD,0.0,6.25,125000.0,153138,1.2251,1.2268,0.015291787556284764,3530
16/07/2012,1.2256,1.2301,1.2184,1.2286,211953.0,321961.0,EC1 Curncy,Future,CME,USD,0.0,6.25,125000.0,153575,1.2286,1.2303,0.01583646319941901,3531
17/07/2012,1.2281,1.2327,1.2197,1.2297,264786.0,320727.0,EC1 Curncy,Future,CME,USD,0.0,6.25,125000.0,153713,1.2297,1.2314,0.01626373778276566,3532
18/07/2012,1.23,1.2317,1.2225,1.2272,214863.0,321995.0,EC1 Curncy,Future,CME,USD,0.0,6.25,125000.0,153400,1.2272,1.2288,0.01654249880358375,3533
19/07/2012,1.2292,1.2335,1.2237,1.2287,255789.0,320781.0,EC1 Curncy,Future,CME,USD,0.0,6.25,125000.0,153588,1.2287,1.2302,0.01659985140495482,3534
20/07/2012,1.2286,1.2292,1.2153,1.2168,245281.0,332331.0,EC1 Curncy,Future,CME,USD,0.0,6.25,125000.0,152100,1.2168,1.2184,0.016985876486067173,3535
23/07/2012,1.2132,1.2154,1.2076,1.2135,284732.0,321309.0,EC1 Curncy,Future,CME,USD,0.0,6.25,125000.0,151688,1.2135,1.2152,0.017625731190505128,3536
24/07/2012,1.2125,1.2147,1.2051,1.2071,240980.0,320452.0,EC1 Curncy,Future,CME,USD,0.0,6.25,125000.0,150888,1.2071,1.2087,0.017841162144508215,3537
25/07/2012,1.2071,1.2179,1.2061,1.2167,281130.0,321109.0,EC1 Curncy,Future,CME,USD,0.0,6.25,125000.0,152088,1.2167,1.2183,0.017302377485959846,3538
26/07/2012,1.2158,1.2337,1.2124,1.2293,338189.0,313833.0,EC1 Curncy,Future,CME,USD,0.0,6.25,125000.0,153663,1.2293,1.2309,0.01686298510545092,3539
27/07/2012,1.2285,1.2397,1.2247,1.2317,348129.0,309351.0,EC1 Curncy,Future,CME,USD,0.0,6.25,125000.0,153963,1.2317,1.2333,0.016261757797565064,3540
30/07/2012,1.231,1.2317,1.2233,1.2269,182033.0,310604.0,EC1 Curncy,Future,CME,USD,0.0,6.25,125000.0,153363,1.2269,1.2285,0.01597651922875181,3541
31/07/2012,1.2265,1.2338,1.2256,1.2313,221689.0,306479.0,EC1 Curncy,Future,CME,USD,0.0,6.25,125000.0,153913,1.2313,1.2329,0.015583300891232353,3542
01/08/2012,1.2306,1.2344,1.2225,1.2243,211572.0,313583.0,EC1 Curncy,Future,CME,USD,0.0,6.25,125000.0,153038,1.2243,1.2259,0.015392506835037985,3543
02/08/2012,1.2236,1.2413,1.214,1.218,478120.0,319933.0,EC1 Curncy,Future,CME,USD,0.0,6.25,125000.0,152250,1.218,1.2196,0.015436517310154515,3544
03/08/2012,1.2188,1.2399,1.2173,1.2382,300265.0,316328.0,EC1 Curncy,Future,CME,USD,0.0,6.25,125000.0,154775,1.2382,1.2397,0.01361983847187783,3545
06/08/2012,1.2398,1.245,1.2347,1.24,209578.0,313792.0,EC1 Curncy,Future,CME,USD,0.0,6.25,125000.0,155000,1.24,1.2415,0.012366147338603474,3546
07/08/2012,1.2402,1.2448,1.2381,1.2417,172830.0,316517.0,EC1 Curncy,Future,CME,USD,0.0,6.25,125000.0,155213,1.2417,1.2432,0.010994713881379039,3547
08/08/2012,1.2403,1.2407,1.2331,1.236,185922.0,315972.0,EC1 Curncy,Future,CME,USD,0.0,6.25,125000.0,154500,1.236,1.2374,0.008621778625476946,3548
09/08/2012,1.237,1.2392,1.227,1.23,189274.0,317252.0,EC1 Curncy,Future,CME,USD,0.0,6.25,125000.0,153750,1.23,1.2315,0.00822223205705531,3549
10/08/2012,1.2309,1.2322,1.2245,1.2297,167683.0,315913.0,EC1 Curncy,Future,CME,USD,0.0,6.25,125000.0,153713,1.2297,1.2313,0.008237258848269903,3550
13/08/2012,1.2292,1.2378,1.2265,1.2338,185556.0,316770.0,EC1 Curncy,Future,CME,USD,0.0,6.25,125000.0,154225,1.2338,1.2353,0.008288761467597772,3551
14/08/2012,1.2335,1.239,1.232,1.2335,182943.0,315385.0,EC1 Curncy,Future,CME,USD,0.0,6.25,125000.0,154188,1.2335,1.235,0.008388776231771295,3552
15/08/2012,1.2322,1.2348,1.2267,1.2293,160227.0,318134.0,EC1 Curncy,Future,CME,USD,0.0,6.25,125000.0,153663,1.2293,1.2308,0.008354286324998813,3553
16/08/2012,1.2293,1.2377,1.2258,1.2366,221999.0,314898.0,EC1 Curncy,Future,CME,USD,0.0,6.25,125000.0,154575,1.2366,1.2381,0.008415665947112544,3554
17/08/2012,1.2359,1.2386,1.2292,1.2324,198739.0,314466.0,EC1 Curncy,Future,CME,USD,0.0,6.25,125000.0,154050,1.2324,1.2339,0.008432131007840609,3555
20/08/2012,1.2342,1.2372,1.2298,1.2351,183922.0,313122.0,EC1 Curncy,Future,CME,USD,0.0,6.25,125000.0,154388,1.2351,1.2366,0.008536831965082337,3556
21/08/2012,1.2349,1.2492,1.2349,1.247,267939.0,314719.0,EC1 Curncy,Future,CME,USD,0.0,6.25,125000.0,155875,1.247,1.2485,0.009289282354773833,3557
22/08/2012,1.2473,1.2543,1.2434,1.2532,264389.0,305276.0,EC1 Curncy,Future,CME,USD,0.0,6.25,125000.0,156650,1.2532,1.2546,0.010420241519915493,3558
23/08/2012,1.2531,1.2593,1.2527,1.2568,229424.0,306686.0,EC1 Curncy,Future,CME,USD,0.0,6.25,125000.0,157100,1.2568,1.2583,0.01166662190467724,3559
24/08/2012,1.2568,1.2574,1.2483,1.2521,229786.0,305104.0,EC1 Curncy,Future,CME,USD,0.0,6.25,125000.0,156513,1.2521,1.2536,0.011939281106220345,3560
27/08/2012,1.2512,1.2539,1.2492,1.2505,114497.0,302372.0,EC1 Curncy,Future,CME,USD,0.0,6.25,125000.0,156313,1.2505,1.2519,0.011716659080130521,3561
28/08/2012,1.25,1.258,1.2467,1.2565,208471.0,304226.0,EC1 Curncy,Future,CME,USD,0.0,6.25,125000.0,157063,1.2565,1.2579,0.011059471054258868,3562
29/08/2012,1.2568,1.2576,1.2521,1.2529,177805.0,303819.0,EC1 Curncy,Future,CME,USD,0.0,6.25,125000.0,156613,1.2529,1.2543,0.010734466296311383,3563
30/08/2012,1.2533,1.2566,1.2488,1.2509,183075.0,303476.0,EC1 Curncy,Future,CME,USD,0.0,6.25,125000.0,156363,1.2509,1.2524,0.010884005083912742,3564
31/08/2012,1.2509,1.264,1.2496,1.2509,312652.0,305030.0,EC1 Curncy,Future,CME,USD,0.0,6.25,125000.0,156363,1.2509,1.2524,0.011043077771465373,3565
03/09/2012,1.2509,1.264,1.2496,1.2582,312652.0,305030.0,EC1 Curncy,Future,CME,USD,0.0,6.25,125000.0,157275,1.2582,1.2596,0.011325269680378046,3566
04/09/2012,1.2581,1.263,1.2556,1.2574,268497.0,305143.0,EC1 Curncy,Future,CME,USD,0.0,6.25,125000.0,157175,1.2574,1.2588,0.011616511237599807,3567
05/09/2012,1.2568,1.2626,1.2503,1.2601,301738.0,307564.0,EC1 Curncy,Future,CME,USD,0.0,6.25,125000.0,157513,1.2601,1.2615,0.01157586281881132,3568
06/09/2012,1.2604,1.2654,1.2562,1.2648,324973.0,303985.0,EC1 Curncy,Future,CME,USD,0.0,6.25,125000.0,158100,1.2648,1.2661,0.01109979279085532,3569
07/09/2012,1.2634,1.282,1.2627,1.2798,324900.0,299806.0,EC1 Curncy,Future,CME,USD,0.0,6.25,125000.0,159975,1.2798,1.281,0.012980521304371556,3570
10/09/2012,1.2809,1.2811,1.2756,1.277,198491.0,284366.0,EC1 Curncy,Future,CME,USD,0.0,6.25,125000.0,159625,1.277,1.2782,0.014226241012060489,3571
11/09/2012,1.276,1.2872,1.2758,1.2861,284159.0,259322.0,EC1 Curncy,Future,CME,USD,0.0,6.25,125000.0,160763,1.2861,1.2872,0.016031616678713903,3572
12/09/2012,1.2854,1.2938,1.2815,1.2895,404035.0,215355.0,EC1 Curncy,Future,CME,USD,0.0,6.25,125000.0,161188,1.2895,1.2905,0.017577800393295356,3573
13/09/2012,1.2909,1.3015,1.2838,1.2995,346801.0,214449.0,EC1 Curncy,Future,CME,USD,0.0,6.25,125000.0,162438,1.2986,1.2995,0.019334491631964695,3574
14/09/2012,1.2995,1.3179,1.299,1.3128,329684.0,234706.0,EC1 Curncy,Future,CME,USD,0.0,6.25,125000.0,164100,1.3118,1.3128,0.021799822629243695,3575
17/09/2012,1.3135,1.3183,1.3093,1.3116,235533.0,237422.0,EC1 Curncy,Future,CME,USD,0.0,6.25,125000.0,163950,1.3143,1.3116,0.023637082448273103,3576
18/09/2012,1.3124,1.313,1.3041,1.3048,227799.0,233534.0,EC1 Curncy,Future,CME,USD,0.0,6.25,125000.0,163100,1.3048,1.3061,0.024421416830310457,3577
19/09/2012,1.3056,1.3097,1.3004,1.3074,264759.0,224808.0,EC1 Curncy,Future,CME,USD,0.0,6.25,125000.0,163425,1.3074,1.3087,0.02475966276021841,3578
20/09/2012,1.3057,1.307,1.293,1.2981,277597.0,219908.0,EC1 Curncy,Future,CME,USD,0.0,6.25,125000.0,162263,1.2981,1.2995,0.024631410840626394,3579
21/09/2012,1.2977,1.3059,1.2966,1.3001,281069.0,221755.0,EC1 Curncy,Future,CME,USD,0.0,6.25,125000.0,162513,1.3001,1.3014,0.024061367375934957,3580
24/09/2012,1.2988,1.2991,1.2902,1.2947,210912.0,216409.0,EC1 Curncy,Future,CME,USD,0.0,6.25,125000.0,161838,1.2947,1.296,0.023133596059980745,3581
25/09/2012,1.2944,1.2983,1.2898,1.2938,256749.0,217411.0,EC1 Curncy,Future,CME,USD,0.0,6.25,125000.0,161725,1.2938,1.2951,0.022670061020348912,3582
26/09/2012,1.2914,1.2924,1.2846,1.2871,242644.0,215178.0,EC1 Curncy,Future,CME,USD,0.0,6.25,125000.0,160888,1.2871,1.2885,0.022210055530464873,3583
27/09/2012,1.2884,1.294,1.2839,1.2927,288116.0,216077.0,EC1 Curncy,Future,CME,USD,0.0,6.25,125000.0,161588,1.2927,1.2941,0.02193191206133935,3584
28/09/2012,1.2924,1.2971,1.2849,1.2862,305925.0,213277.0,EC1 Curncy,Future,CME,USD,0.0,6.25,125000.0,160775,1.2862,1.2875,0.02120035141217348,3585
01/10/2012,1.2858,1.295,1.2813,1.2896,282079.0,218027.0,EC1 Curncy,Future,CME,USD,0.0,6.25,125000.0,161200,1.2896,1.2909,0.020283901662803968,3586
02/10/2012,1.2897,1.2979,1.289,1.2925,234486.0,216251.0,EC1 Curncy,Future,CME,USD,0.0,6.25,125000.0,161563,1.2925,1.2938,0.01962846572369556,3587
03/10/2012,1.2929,1.2947,1.2888,1.2909,226853.0,215235.0,EC1 Curncy,Future,CME,USD,0.0,6.25,125000.0,161363,1.2909,1.2922,0.01856726510105748,3588
04/10/2012,1.2918,1.3041,1.2917,1.3028,308299.0,220184.0,EC1 Curncy,Future,CME,USD,0.0,6.25,125000.0,162850,1.3028,1.3041,0.017407347107843064,3589
05/10/2012,1.3025,1.308,1.3002,1.3042,247356.0,220864.0,EC1 Curncy,Future,CME,USD,0.0,6.25,125000.0,163025,1.3042,1.3055,0.015935069291751352,3590
08/10/2012,1.3033,1.3034,1.2945,1.2984,162322.0,219777.0,EC1 Curncy,Future,CME,USD,0.0,6.25,125000.0,162300,1.2984,1.2997,0.01459966552126814,3591
09/10/2012,1.2978,1.3,1.2864,1.2892,308267.0,226207.0,EC1 Curncy,Future,CME,USD,0.0,6.25,125000.0,161150,1.2892,1.2905,0.012799548169091629,3592
10/10/2012,1.2892,1.2922,1.2844,1.2905,217687.0,222554.0,EC1 Curncy,Future,CME,USD,0.0,6.25,125000.0,161313,1.2905,1.2918,0.010890052035361825,3593
11/10/2012,1.2866,1.296,1.2833,1.2938,223709.0,221925.0,EC1 Curncy,Future,CME,USD,0.0,6.25,125000.0,161725,1.2938,1.2951,0.00906845631844507,3594
12/10/2012,1.2939,1.3,1.293,1.2965,199900.0,221838.0,EC1 Curncy,Future,CME,USD,0.0,6.25,125000.0,162063,1.2965,1.2978,0.008505582480516829,3595
15/10/2012,1.2963,1.2987,1.2898,1.2949,194490.0,223911.0,EC1 Curncy,Future,CME,USD,0.0,6.25,125000.0,161863,1.2949,1.2962,0.007578144011973024,3596
16/10/2012,1.2958,1.3069,1.295,1.305,273330.0,218241.0,EC1 Curncy,Future,CME,USD,0.0,6.25,125000.0,163125,1.305,1.3062,0.0074591599169207354,3597
17/10/2012,1.3098,1.3147,1.309,1.3132,237578.0,220083.0,EC1 Curncy,Future,CME,USD,0.0,6.25,125000.0,164150,1.3132,1.3144,0.007947815213389779,3598
18/10/2012,1.3121,1.3136,1.3062,1.307,237217.0,218271.0,EC1 Curncy,Future,CME,USD,0.0,6.25,125000.0,163375,1.307,1.3083,0.008145413842536654,3599
19/10/2012,1.3075,1.3084,1.3019,1.303,217244.0,219208.0,EC1 Curncy,Future,CME,USD,0.0,6.25,125000.0,162875,1.303,1.3043,0.007639208074108464,3600
22/10/2012,1.3034,1.309,1.3022,1.3052,205135.0,218141.0,EC1 Curncy,Future,CME,USD,0.0,6.25,125000.0,163150,1.3052,1.3064,0.007259469677567751,3601
23/10/2012,1.3069,1.3082,1.2957,1.2979,245218.0,215308.0,EC1 Curncy,Future,CME,USD,0.0,6.25,125000.0,162238,1.2979,1.2991,0.007106412597051178,3602
24/10/2012,1.2995,1.3003,1.2926,1.298,228980.0,214525.0,EC1 Curncy,Future,CME,USD,0.0,6.25,125000.0,162250,1.298,1.2992,0.006796526073384637,3603
25/10/2012,1.2976,1.3029,1.2932,1.2955,226534.0,216116.0,EC1 Curncy,Future,CME,USD,0.0,6.25,125000.0,161938,1.2955,1.2967,0.006799075917568839,3604
26/10/2012,1.2945,1.2962,1.2887,1.2939,261817.0,220129.0,EC1 Curncy,Future,CME,USD,0.0,6.25,125000.0,161738,1.2939,1.2951,0.006790863960709727,3605
29/10/2012,1.295,1.295,1.289,1.291,121660.0,219425.0,EC1 Curncy,Future,CME,USD,0.0,6.25,125000.0,161375,1.291,1.2922,0.006875155755777506,3606
30/10/2012,1.291,1.299,1.2892,1.2969,120267.0,219893.0,EC1 Curncy,Future,CME,USD,0.0,6.25,125000.0,162113,1.2969,1.2981,0.006852121325998231,3607
31/10/2012,1.2966,1.3027,1.2952,1.2967,213027.0,219534.0,EC1 Curncy,Future,CME,USD,0.0,6.25,125000.0,162088,1.2967,1.2979,0.006558137438800541,3608
01/11/2012,1.2961,1.2988,1.293,1.2942,189227.0,217457.0,EC1 Curncy,Future,CME,USD,0.0,6.25,125000.0,161775,1.2942,1.2954,0.006523738703090195,3609
02/11/2012,1.2948,1.2956,1.2826,1.2831,276549.0,222581.0,EC1 Curncy,Future,CME,USD,0.0,6.25,125000.0,160388,1.2831,1.2843,0.006764187558965559,3610
05/11/2012,1.2826,1.2847,1.2772,1.2793,219459.0,223251.0,EC1 Curncy,Future,CME,USD,0.0,6.25,125000.0,159913,1.2793,1.2805,0.007504114426957186,3611
06/11/2012,1.28,1.2832,1.2767,1.2821,234289.0,226030.0,EC1 Curncy,Future,CME,USD,0.0,6.25,125000.0,160263,1.2821,1.2834,0.008008928351088514,3612
07/11/2012,1.2817,1.2881,1.2741,1.2773,361792.0,228015.0,EC1 Curncy,Future,CME,USD,0.0,6.25,125000.0,159663,1.2773,1.2785,0.008801499872154686,3613
08/11/2012,1.2775,1.2781,1.2721,1.2752,297795.0,231036.0,EC1 Curncy,Future,CME,USD,0.0,6.25,125000.0,159400,1.2752,1.2764,0.009557196241552515,3614
09/11/2012,1.275,1.2794,1.2693,1.2716,286917.0,230790.0,EC1 Curncy,Future,CME,USD,0.0,6.25,125000.0,158950,1.2716,1.2729,0.010365539059766863,3615
12/11/2012,1.2719,1.2743,1.2701,1.2717,147452.0,229377.0,EC1 Curncy,Future,CME,USD,0.0,6.25,125000.0,158963,1.2717,1.273,0.011150632269049067,3616
13/11/2012,1.2712,1.2733,1.2665,1.2709,309295.0,229148.0,EC1 Curncy,Future,CME,USD,0.0,6.25,125000.0,158863,1.2709,1.2722,0.011923376199699586,3617
14/11/2012,1.2707,1.2787,1.2706,1.275,269791.0,232951.0,EC1 Curncy,Future,CME,USD,0.0,6.25,125000.0,159375,1.275,1.2763,0.012365613611930722,3618
15/11/2012,1.2738,1.2807,1.2721,1.2777,243579.0,227760.0,EC1 Curncy,Future,CME,USD,0.0,6.25,125000.0,159713,1.2777,1.2791,0.012617161593093621,3619
16/11/2012,1.2784,1.2788,1.2693,1.273,254596.0,235438.0,EC1 Curncy,Future,CME,USD,0.0,6.25,125000.0,159125,1.273,1.2744,0.012991263731173696,3620
19/11/2012,1.2746,1.2824,1.2743,1.2811,215057.0,230540.0,EC1 Curncy,Future,CME,USD,0.0,6.25,125000.0,160138,1.2811,1.2825,0.013030860805522886,3621
20/11/2012,1.2787,1.2832,1.2768,1.2809,238921.0,229190.0,EC1 Curncy,Future,CME,USD,0.0,6.25,125000.0,160113,1.2809,1.2823,0.012654613124584987,3622
21/11/2012,1.2818,1.2836,1.2739,1.2809,238434.0,228682.0,EC1 Curncy,Future,CME,USD,0.0,6.25,125000.0,160113,1.2809,1.2823,0.01153754306599086,3623
22/11/2012,1.2818,1.2836,1.2739,1.2828,238434.0,228682.0,EC1 Curncy,Future,CME,USD,0.0,6.25,125000.0,160350,1.2828,1.2842,0.010720287620501,3624
23/11/2012,1.283,1.2994,1.283,1.2988,308294.0,222305.0,EC1 Curncy,Future,CME,USD,0.0,6.25,125000.0,162350,1.2988,1.3001,0.010462732275379513,3625
26/11/2012,1.2974,1.2987,1.2946,1.2965,180265.0,212140.0,EC1 Curncy,Future,CME,USD,0.0,6.25,125000.0,162063,1.2965,1.2978,0.00990033669459127,3626
27/11/2012,1.2993,1.3012,1.2917,1.2936,243441.0,205943.0,EC1 Curncy,Future,CME,USD,0.0,6.25,125000.0,161700,1.2936,1.295,0.009700039518799471,3627
28/11/2012,1.2941,1.2957,1.2881,1.2934,233723.0,206098.0,EC1 Curncy,Future,CME,USD,0.0,6.25,125000.0,161675,1.2934,1.2948,0.009478496716231213,3628
29/11/2012,1.2953,1.3017,1.2941,1.2976,246992.0,203972.0,EC1 Curncy,Future,CME,USD,0.0,6.25,125000.0,162200,1.2976,1.2989,0.009588487889109806,3629
30/11/2012,1.2979,1.3031,1.2969,1.3,268334.0,204389.0,EC1 Curncy,Future,CME,USD,0.0,6.25,125000.0,162500,1.3,1.3013,0.00990711528816221,3630
03/12/2012,1.2995,1.3078,1.299,1.3059,273625.0,202091.0,EC1 Curncy,Future,CME,USD,0.0,6.25,125000.0,163238,1.3059,1.3071,0.010708179116899414,3631
04/12/2012,1.3059,1.311,1.3047,1.3101,253280.0,205414.0,EC1 Curncy,Future,CME,USD,0.0,6.25,125000.0,163763,1.3101,1.3114,0.011585849127258548,3632
05/12/2012,1.3097,1.313,1.3061,1.308,253686.0,204021.0,EC1 Curncy,Future,CME,USD,0.0,6.25,125000.0,163500,1.308,1.3092,0.012224480902391244,3633
06/12/2012,1.3072,1.3088,1.2951,1.2964,319195.0,208967.0,EC1 Curncy,Future,CME,USD,0.0,6.25,125000.0,162050,1.2964,1.2976,0.01229050039663131,3634
07/12/2012,1.296,1.2974,1.2877,1.2928,270296.0,209795.0,EC1 Curncy,Future,CME,USD,0.0,6.25,125000.0,161600,1.2928,1.2941,0.01233120972706755,3635
10/12/2012,1.2897,1.2947,1.2886,1.2939,176719.0,203392.0,EC1 Curncy,Future,CME,USD,0.0,6.25,125000.0,161738,1.2939,1.2952,0.012301772230032084,3636
11/12/2012,1.2943,1.3016,1.2929,1.3004,237328.0,180690.0,EC1 Curncy,Future,CME,USD,0.0,6.25,125000.0,162550,1.3004,1.3016,0.0125104955936839,3637
12/12/2012,1.3009,1.3099,1.2996,1.3082,266906.0,139832.0,EC1 Curncy,Future,CME,USD,0.0,6.25,125000.0,163525,1.3082,1.3093,0.012906816028733703,3638
13/12/2012,1.3079,1.3112,1.3052,1.3088,237395.0,151332.0,EC1 Curncy,Future,CME,USD,0.0,6.25,125000.0,163600,1.3077,1.3088,0.013108298898009955,3639
14/12/2012,1.3087,1.3186,1.3078,1.3171,254562.0,178142.0,EC1 Curncy,Future,CME,USD,0.0,6.25,125000.0,164638,1.316,1.3171,0.013484713567575631,3640
17/12/2012,1.3186,1.3205,1.3156,1.3172,160781.0,184432.0,EC1 Curncy,Future,CME,USD,0.0,6.25,125000.0,164650,1.3171,1.3172,0.01361344311086953,3641
18/12/2012,1.3174,1.3252,1.3168,1.3231,181264.0,192760.0,EC1 Curncy,Future,CME,USD,0.0,6.25,125000.0,165388,1.3231,1.3243,0.013853535048241982,3642
19/12/2012,1.3235,1.3321,1.3235,1.3259,228297.0,197385.0,EC1 Curncy,Future,CME,USD,0.0,6.25,125000.0,165738,1.3259,1.3271,0.014291194258453602,3643
20/12/2012,1.3218,1.3308,1.3212,1.3252,204854.0,201591.0,EC1 Curncy,Future,CME,USD,0.0,6.25,125000.0,165650,1.3252,1.3264,0.014556839171543382,3644
21/12/2012,1.3261,1.3261,1.317,1.3187,202083.0,200040.0,EC1 Curncy,Future,CME,USD,0.0,6.25,125000.0,164838,1.3187,1.3199,0.013814814511947042,3645
24/12/2012,1.3192,1.3247,1.3183,1.3187,59433.0,201502.0,EC1 Curncy,Future,CME,USD,0.0,6.25,125000.0,164838,1.3187,1.3199,0.013453546000943164,3646
25/12/2012,1.3192,1.3247,1.3183,1.3201,59433.0,201502.0,EC1 Curncy,Future,CME,USD,0.0,6.25,125000.0,165013,1.3201,1.3213,0.01294874125154582,3647
26/12/2012,1.322,1.3267,1.3199,1.3232,53665.0,204594.0,EC1 Curncy,Future,CME,USD,0.0,6.25,125000.0,165400,1.3232,1.3243,0.012369555367897186,3648
27/12/2012,1.3235,1.3295,1.3213,1.3249,154306.0,204849.0,EC1 Curncy,Future,CME,USD,0.0,6.25,125000.0,165613,1.3249,1.3261,0.011781518011959688,3649
28/12/2012,1.3245,1.3266,1.3175,1.3231,132099.0,204867.0,EC1 Curncy,Future,CME,USD,0.0,6.25,125000.0,165388,1.3231,1.3243,0.011928757968293454,3650
31/12/2012,1.3227,1.3245,1.3181,1.3231,103044.0,206499.0,EC1 Curncy,Future,CME,USD,0.0,6.25,125000.0,165388,1.3231,1.3243,0.011887433140342709,3651
01/01/2013,1.3227,1.3245,1.3181,1.3208,103044.0,206499.0,EC1 Curncy,Future,CME,USD,0.0,6.25,125000.0,165100,1.3208,1.322,0.011487924094432604,3652
02/01/2013,1.3257,1.3289,1.3162,1.3184,170097.0,204014.0,EC1 Curncy,Future,CME,USD,0.0,6.25,125000.0,164800,1.3184,1.3195,0.01088603386604933,3653
03/01/2013,1.3195,1.3198,1.3055,1.3069,253804.0,196963.0,EC1 Curncy,Future,CME,USD,0.0,6.25,125000.0,163363,1.3069,1.308,0.010494557319523819,3654
04/01/2013,1.305,1.31,1.3005,1.308,263072.0,195876.0,EC1 Curncy,Future,CME,USD,0.0,6.25,125000.0,163500,1.308,1.309,0.010191748296183986,3655
07/01/2013,1.3085,1.3128,1.3025,1.312,229282.0,192381.0,EC1 Curncy,Future,CME,USD,0.0,6.25,125000.0,164000,1.312,1.313,0.01007314912690008,3656
08/01/2013,1.3136,1.3148,1.3064,1.3091,228038.0,192999.0,EC1 Curncy,Future,CME,USD,0.0,6.25,125000.0,163638,1.3091,1.3102,0.01009042450376105,3657
09/01/2013,1.3091,1.3104,1.3044,1.3062,221294.0,194628.0,EC1 Curncy,Future,CME,USD,0.0,6.25,125000.0,163275,1.3062,1.3073,0.01013953976599046,3658
10/01/2013,1.3066,1.328,1.3046,1.3259,344492.0,199697.0,EC1 Curncy,Future,CME,USD,0.0,6.25,125000.0,165738,1.3259,1.3268,0.009752979032040867,3659
11/01/2013,1.3276,1.3373,1.3255,1.3346,307899.0,203346.0,EC1 Curncy,Future,CME,USD,0.0,6.25,125000.0,166825,1.3346,1.3355,0.009388290579195952,3660
14/01/2013,1.3375,1.3413,1.3342,1.3385,225105.0,208339.0,EC1 Curncy,Future,CME,USD,0.0,6.25,125000.0,167313,1.3385,1.3394,0.00914117424984756,3661
15/01/2013,1.3382,1.3401,1.327,1.3304,305268.0,209568.0,EC1 Curncy,Future,CME,USD,0.0,6.25,125000.0,166300,1.3304,1.3313,0.008645869919566769,3662
16/01/2013,1.3306,1.3332,1.3262,1.3296,265806.0,208772.0,EC1 Curncy,Future,CME,USD,0.0,6.25,125000.0,166200,1.3296,1.3305,0.008536685539446691,3663
17/01/2013,1.3297,1.3394,1.3276,1.3392,291059.0,215604.0,EC1 Curncy,Future,CME,USD,0.0,6.25,125000.0,167400,1.3392,1.34,0.008972480147617576,3664
18/01/2013,1.3381,1.3404,1.3286,1.3392,297890.0,210248.0,EC1 Curncy,Future,CME,USD,0.0,6.25,125000.0,167400,1.3392,1.34,0.009579231005986495,3665
21/01/2013,1.3381,1.3404,1.3286,1.3325,297890.0,210248.0,EC1 Curncy,Future,CME,USD,0.0,6.25,125000.0,166563,1.3325,1.3333,0.009715619726298958,3666
22/01/2013,1.3317,1.3377,1.3272,1.3324,400822.0,214161.0,EC1 Curncy,Future,CME,USD,0.0,6.25,125000.0,166550,1.3324,1.3332,0.009892374167309244,3667
23/01/2013,1.3326,1.336,1.3269,1.3325,234950.0,216667.0,EC1 Curncy,Future,CME,USD,0.0,6.25,125000.0,166563,1.3325,1.3333,0.01004695310360538,3668
24/01/2013,1.3317,1.3398,1.3291,1.3378,286929.0,224202.0,EC1 Curncy,Future,CME,USD,0.0,6.25,125000.0,167225,1.3378,1.3385,0.010432510084636538,3669
25/01/2013,1.3383,1.3485,1.3354,1.3469,324884.0,228152.0,EC1 Curncy,Future,CME,USD,0.0,6.25,125000.0,168363,1.3469,1.3475,0.011298082433140443,3670
28/01/2013,1.3468,1.3482,1.3429,1.346,214356.0,232069.0,EC1 Curncy,Future,CME,USD,0.0,6.25,125000.0,168250,1.346,1.3466,0.01192923998694093,3671
29/01/2013,1.3451,1.3503,1.3418,1.3491,275612.0,235558.0,EC1 Curncy,Future,CME,USD,0.0,6.25,125000.0,168638,1.3491,1.3497,0.012672651656198743,3672
30/01/2013,1.3493,1.3592,1.3486,1.357,287947.0,238388.0,EC1 Curncy,Future,CME,USD,0.0,6.25,125000.0,169625,1.357,1.3575,0.013923597475724983,3673
31/01/2013,1.3571,1.3598,1.3545,1.3578,240654.0,240629.0,EC1 Curncy,Future,CME,USD,0.0,6.25,125000.0,169725,1.3578,1.3583,0.01503398926874279,3674
01/02/2013,1.3589,1.3715,1.3587,1.3665,404628.0,241944.0,EC1 Curncy,Future,CME,USD,0.0,6.25,125000.0,170813,1.3665,1.3671,0.016595046449648643,3675
04/02/2013,1.3654,1.3658,1.3509,1.3523,278973.0,241883.0,EC1 Curncy,Future,CME,USD,0.0,6.25,125000.0,169038,1.3523,1.353,0.016964833234252224,3676
05/02/2013,1.3504,1.3602,1.3462,1.3588,364363.0,248553.0,EC1 Curncy,Future,CME,USD,0.0,6.25,125000.0,169850,1.3588,1.3595,0.017502844530703547,3677
06/02/2013,1.3587,1.36,1.3497,1.3529,277241.0,244737.0,EC1 Curncy,Future,CME,USD,0.0,6.25,125000.0,169113,1.3529,1.3536,0.017523857071603,3678
07/02/2013,1.3523,1.3581,1.3374,1.3407,451520.0,239945.0,EC1 Curncy,Future,CME,USD,0.0,6.25,125000.0,167588,1.3407,1.3414,0.016449363716143008,3679
08/02/2013,1.3399,1.3433,1.3356,1.3366,271248.0,238613.0,EC1 Curncy,Future,CME,USD,0.0,6.25,125000.0,167075,1.3366,1.3374,0.015269059128379697,3680
11/02/2013,1.3374,1.3431,1.336,1.3392,216669.0,234286.0,EC1 Curncy,Future,CME,USD,0.0,6.25,125000.0,167400,1.3392,1.34,0.014229889903507662,3681
12/02/2013,1.3404,1.348,1.3367,1.3446,251774.0,236771.0,EC1 Curncy,Future,CME,USD,0.0,6.25,125000.0,168075,1.3446,1.3454,0.01274634980426191,3682
13/02/2013,1.3453,1.3523,1.3429,1.3451,246183.0,235450.0,EC1 Curncy,Future,CME,USD,0.0,6.25,125000.0,168138,1.3451,1.3458,0.010483442500721427,3683
14/02/2013,1.3452,1.3459,1.3317,1.335,261089.0,233529.0,EC1 Curncy,Future,CME,USD,0.0,6.25,125000.0,166875,1.335,1.3358,0.010025838285779258,3684
15/02/2013,1.3362,1.3396,1.3308,1.335,237879.0,231676.0,EC1 Curncy,Future,CME,USD,0.0,6.25,125000.0,166875,1.335,1.3358,0.010012170926723659,3685
18/02/2013,1.3362,1.3396,1.3308,1.3358,237879.0,231676.0,EC1 Curncy,Future,CME,USD,0.0,6.25,125000.0,166975,1.3358,1.3365,0.0100773541500699,3686
19/02/2013,1.3349,1.3399,1.3324,1.3391,303420.0,230398.0,EC1 Curncy,Future,CME,USD,0.0,6.25,125000.0,167388,1.3391,1.3399,0.009772746116927892,3687
20/02/2013,1.3389,1.3437,1.3273,1.3287,313250.0,229980.0,EC1 Curncy,Future,CME,USD,0.0,6.25,125000.0,166088,1.3287,1.3295,0.00982668645403573,3688
21/02/2013,1.3288,1.3292,1.3163,1.3172,368309.0,229373.0,EC1 Curncy,Future,CME,USD,0.0,6.25,125000.0,164650,1.3172,1.318,0.011104433048679306,3689
22/02/2013,1.3193,1.3247,1.3147,1.3181,283086.0,223738.0,EC1 Curncy,Future,CME,USD,0.0,6.25,125000.0,164763,1.3181,1.319,0.012109998623696834,3690
25/02/2013,1.3195,1.3321,1.305,1.3122,459601.0,225088.0,EC1 Curncy,Future,CME,USD,0.0,6.25,125000.0,164025,1.3122,1.3131,0.013355427111575663,3691
26/02/2013,1.3063,1.3126,1.302,1.3056,449110.0,224235.0,EC1 Curncy,Future,CME,USD,0.0,6.25,125000.0,163200,1.3056,1.3066,0.015020513750621713,3692
27/02/2013,1.3067,1.3149,1.3042,1.3129,346071.0,215619.0,EC1 Curncy,Future,CME,USD,0.0,6.25,125000.0,164113,1.3129,1.3138,0.015893758733098787,3693
28/02/2013,1.3136,1.3164,1.3055,1.3065,281712.0,213871.0,EC1 Curncy,Future,CME,USD,0.0,6.25,125000.0,163313,1.3065,1.3074,0.017161043091819754,3694
01/03/2013,1.3068,1.3103,1.2967,1.302,325169.0,210376.0,EC1 Curncy,Future,CME,USD,0.0,6.25,125000.0,162750,1.302,1.3029,0.018446800083825876,3695
04/03/2013,1.3016,1.3033,1.2983,1.3025,210759.0,208176.0,EC1 Curncy,Future,CME,USD,0.0,6.25,125000.0,162813,1.3025,1.3034,0.019466790524702536,3696
05/03/2013,1.3028,1.3076,1.3011,1.3042,212788.0,208187.0,EC1 Curncy,Future,CME,USD,0.0,6.25,125000.0,163025,1.3042,1.3051,0.020081752081578738,3697
06/03/2013,1.3045,1.3072,1.2965,1.2996,220283.0,201021.0,EC1 Curncy,Future,CME,USD,0.0,6.25,125000.0,162450,1.2996,1.3005,0.02041296728387795,3698
07/03/2013,1.2975,1.3119,1.2974,1.3108,387020.0,188111.0,EC1 Curncy,Future,CME,USD,0.0,6.25,125000.0,163850,1.3108,1.3116,0.01989958709787759,3699
08/03/2013,1.3105,1.3135,1.2955,1.3003,346277.0,187324.0,EC1 Curncy,Future,CME,USD,0.0,6.25,125000.0,162538,1.3003,1.3011,0.018955705385609686,3700
11/03/2013,1.2996,1.3055,1.298,1.3042,179065.0,157362.0,EC1 Curncy,Future,CME,USD,0.0,6.25,125000.0,163025,1.3042,1.305,0.0185513135204144,3701
12/03/2013,1.3046,1.3076,1.2991,1.3027,252971.0,139768.0,EC1 Curncy,Future,CME,USD,0.0,6.25,125000.0,162838,1.3027,1.3035,0.01746513193001196,3702
13/03/2013,1.3039,1.3074,1.2931,1.2968,315432.0,117461.0,EC1 Curncy,Future,CME,USD,0.0,6.25,125000.0,162100,1.296,1.2968,0.01682267022005532,3703
14/03/2013,1.2971,1.3042,1.2918,1.3006,296271.0,162847.0,EC1 Curncy,Future,CME,USD,0.0,6.25,125000.0,162575,1.2999,1.3006,0.016578960562494402,3704
15/03/2013,1.301,1.3115,1.3007,1.3062,254580.0,174379.0,EC1 Curncy,Future,CME,USD,0.0,6.25,125000.0,163275,1.3054,1.3062,0.01622401717617283,3705
18/03/2013,1.2935,1.3005,1.2892,1.2956,349691.0,187867.0,EC1 Curncy,Future,CME,USD,0.0,6.25,125000.0,161950,1.2959,1.2956,0.015989869709686834,3706
19/03/2013,1.2968,1.2978,1.2852,1.2884,410877.0,194440.0,EC1 Curncy,Future,CME,USD,0.0,6.25,125000.0,161050,1.2884,1.2894,0.015518389091637034,3707
20/03/2013,1.2877,1.2988,1.2866,1.2954,319590.0,194544.0,EC1 Curncy,Future,CME,USD,0.0,6.25,125000.0,161925,1.2954,1.2963,0.014261126650190829,3708
21/03/2013,1.2951,1.2964,1.2887,1.2924,314672.0,195940.0,EC1 Curncy,Future,CME,USD,0.0,6.25,125000.0,161550,1.2924,1.2934,0.013710832700197033,3709
22/03/2013,1.2903,1.3019,1.2897,1.2991,294940.0,192138.0,EC1 Curncy,Future,CME,USD,0.0,6.25,125000.0,162388,1.2991,1.3,0.012660808294344137,3710
25/03/2013,1.2975,1.3094,1.2837,1.2872,400240.0,201311.0,EC1 Curncy,Future,CME,USD,0.0,6.25,125000.0,160900,1.2872,1.2881,0.011766149185954753,3711
26/03/2013,1.2858,1.2899,1.2836,1.2865,265665.0,203497.0,EC1 Curncy,Future,CME,USD,0.0,6.25,125000.0,160813,1.2865,1.2874,0.010010973978564144,3712
27/03/2013,1.2866,1.2874,1.2758,1.2782,289448.0,218960.0,EC1 Curncy,Future,CME,USD,0.0,6.25,125000.0,159775,1.2782,1.2792,0.009705321564284506,3713
28/03/2013,1.2786,1.2852,1.2762,1.2782,270700.0,223438.0,EC1 Curncy,Future,CME,USD,0.0,6.25,125000.0,159775,1.2782,1.2792,0.010119746373609092,3714
29/03/2013,1.2786,1.2852,1.2762,1.2823,270700.0,223438.0,EC1 Curncy,Future,CME,USD,0.0,6.25,125000.0,160288,1.2823,1.2833,0.009900996582811697,3715
01/04/2013,1.2819,1.2875,1.2778,1.2856,95747.0,223825.0,EC1 Curncy,Future,CME,USD,0.0,6.25,125000.0,160700,1.2856,1.2866,0.009741197736051505,3716
02/04/2013,1.2852,1.2885,1.2816,1.2822,217356.0,234926.0,EC1 Curncy,Future,CME,USD,0.0,6.25,125000.0,160275,1.2822,1.2831,0.009996486049250516,3717
03/04/2013,1.2828,1.2871,1.2797,1.2853,215762.0,234836.0,EC1 Curncy,Future,CME,USD,0.0,6.25,125000.0,160663,1.2853,1.2862,0.00956906125661584,3718
04/04/2013,1.2851,1.2956,1.2751,1.2944,448553.0,231051.0,EC1 Curncy,Future,CME,USD,0.0,6.25,125000.0,161800,1.2944,1.2954,0.009259523025847627,3719
05/04/2013,1.2941,1.3047,1.2907,1.3019,298273.0,217262.0,EC1 Curncy,Future,CME,USD,0.0,6.25,125000.0,162738,1.3019,1.3028,0.009256136703085279,3720
08/04/2013,1.2999,1.3044,1.2975,1.3009,185838.0,216892.0,EC1 Curncy,Future,CME,USD,0.0,6.25,125000.0,162613,1.3009,1.3018,0.009203350839026118,3721
09/04/2013,1.3022,1.311,1.301,1.3105,245324.0,218930.0,EC1 Curncy,Future,CME,USD,0.0,6.25,125000.0,163813,1.3105,1.3114,0.009563224700183582,3722
10/04/2013,1.3086,1.3128,1.3058,1.3064,213917.0,218959.0,EC1 Curncy,Future,CME,USD,0.0,6.25,125000.0,163300,1.3064,1.3073,0.009804662156317949,3723
11/04/2013,1.3074,1.3145,1.305,1.3118,237955.0,212323.0,EC1 Curncy,Future,CME,USD,0.0,6.25,125000.0,163975,1.3118,1.3127,0.009874094051246757,3724
12/04/2013,1.311,1.3132,1.3042,1.3085,243121.0,214401.0,EC1 Curncy,Future,CME,USD,0.0,6.25,125000.0,163563,1.3085,1.3094,0.010191218442014921,3725
15/04/2013,1.3113,1.3115,1.3027,1.3045,250289.0,217058.0,EC1 Curncy,Future,CME,USD,0.0,6.25,125000.0,163063,1.3045,1.3054,0.01020236410509177,3726
16/04/2013,1.3049,1.3208,1.3031,1.3196,317540.0,213637.0,EC1 Curncy,Future,CME,USD,0.0,6.25,125000.0,164950,1.3196,1.3205,0.011224303987309368,3727
17/04/2013,1.3181,1.3205,1.3006,1.302,354125.0,213931.0,EC1 Curncy,Future,CME,USD,0.0,6.25,125000.0,162750,1.302,1.3029,0.01128890015307934,3728
18/04/2013,1.3041,1.3101,1.3027,1.3053,252896.0,210308.0,EC1 Curncy,Future,CME,USD,0.0,6.25,125000.0,163163,1.3053,1.3062,0.011404673018819695,3729
19/04/2013,1.3062,1.3135,1.3051,1.3066,218846.0,211068.0,EC1 Curncy,Future,CME,USD,0.0,6.25,125000.0,163325,1.3066,1.3075,0.011419359293156243,3730
22/04/2013,1.3073,1.3089,1.3019,1.3064,185711.0,213764.0,EC1 Curncy,Future,CME,USD,0.0,6.25,125000.0,163300,1.3064,1.3073,0.011592694538639068,3731
23/04/2013,1.3068,1.309,1.2977,1.2995,274475.0,217865.0,EC1 Curncy,Future,CME,USD,0.0,6.25,125000.0,162438,1.2995,1.3004,0.011470124962971865,3732
24/04/2013,1.3007,1.3039,1.2959,1.3027,241850.0,216197.0,EC1 Curncy,Future,CME,USD,0.0,6.25,125000.0,162838,1.3027,1.3036,0.011514483632923187,3733
25/04/2013,1.3018,1.3098,1.2993,1.3021,271446.0,217820.0,EC1 Curncy,Future,CME,USD,0.0,6.25,125000.0,162763,1.3021,1.303,0.011498185364055835,3734
26/04/2013,1.3015,1.3052,1.2994,1.3033,210625.0,216799.0,EC1 Curncy,Future,CME,USD,0.0,6.25,125000.0,162913,1.3033,1.3042,0.011546907233808848,3735
29/04/2013,1.3061,1.3121,1.3036,1.3101,209470.0,220433.0,EC1 Curncy,Future,CME,USD,0.0,6.25,125000.0,163763,1.3101,1.311,0.011556488797764221,3736
30/04/2013,1.3096,1.3191,1.3057,1.3166,285067.0,220220.0,EC1 Curncy,Future,CME,USD,0.0,6.25,125000.0,164575,1.3166,1.3175,0.011766848912637785,3737
01/05/2013,1.3171,1.3248,1.3165,1.3217,198603.0,219324.0,EC1 Curncy,Future,CME,USD,0.0,6.25,125000.0,165213,1.3217,1.3226,0.011593672124604808,3738
02/05/2013,1.3187,1.3222,1.304,1.3061,440047.0,215972.0,EC1 Curncy,Future,CME,USD,0.0,6.25,125000.0,163263,1.3061,1.3071,0.01050540019860426,3739
03/05/2013,1.3068,1.3164,1.3035,1.3113,297214.0,208821.0,EC1 Curncy,Future,CME,USD,0.0,6.25,125000.0,163913,1.3113,1.3122,0.0096877637598242,3740
06/05/2013,1.3121,1.3145,1.3056,1.3081,133956.0,213062.0,EC1 Curncy,Future,CME,USD,0.0,6.25,125000.0,163513,1.3081,1.309,0.00889973407839581,3741
07/05/2013,1.3078,1.3135,1.3071,1.3088,183012.0,211749.0,EC1 Curncy,Future,CME,USD,0.0,6.25,125000.0,163600,1.3088,1.3096,0.007531228319436949,3742
08/05/2013,1.3083,1.3198,1.3075,1.3162,235593.0,216904.0,EC1 Curncy,Future,CME,USD,0.0,6.25,125000.0,164525,1.3162,1.317,0.00641530201935066,3743
09/05/2013,1.316,1.3181,1.3012,1.3019,282023.0,218467.0,EC1 Curncy,Future,CME,USD,0.0,6.25,125000.0,162738,1.3019,1.3027,0.005939158189464522,3744
10/05/2013,1.3047,1.3054,1.2938,1.2986,302174.0,227202.0,EC1 Curncy,Future,CME,USD,0.0,6.25,125000.0,162325,1.2986,1.2994,0.006107986574926637,3745
13/05/2013,1.2979,1.3003,1.2944,1.2973,213180.0,224509.0,EC1 Curncy,Future,CME,USD,0.0,6.25,125000.0,162163,1.2973,1.2981,0.006311093407602571,3746
14/05/2013,1.2983,1.3032,1.2911,1.2939,283856.0,229569.0,EC1 Curncy,Future,CME,USD,0.0,6.25,125000.0,161738,1.2939,1.2947,0.006827427529176257,3747
15/05/2013,1.2932,1.2945,1.2845,1.2877,287148.0,241262.0,EC1 Curncy,Future,CME,USD,0.0,6.25,125000.0,160963,1.2877,1.2885,0.007821832692288722,3748
16/05/2013,1.2884,1.2932,1.2848,1.2909,264742.0,244262.0,EC1 Curncy,Future,CME,USD,0.0,6.25,125000.0,161363,1.2909,1.2917,0.008282125331066491,3749
17/05/2013,1.2888,1.2892,1.2798,1.2831,265709.0,260067.0,EC1 Curncy,Future,CME,USD,0.0,6.25,125000.0,160388,1.2831,1.284,0.009348240476126885,3750
20/05/2013,1.2848,1.2903,1.2822,1.2899,196063.0,261690.0,EC1 Curncy,Future,CME,USD,0.0,6.25,125000.0,161238,1.2899,1.2907,0.009773276489122386,3751
21/05/2013,1.2887,1.2936,1.2843,1.2903,258625.0,261415.0,EC1 Curncy,Future,CME,USD,0.0,6.25,125000.0,161288,1.2903,1.2911,0.009526834031627173,3752
22/05/2013,1.2909,1.3,1.2835,1.2844,397720.0,263265.0,EC1 Curncy,Future,CME,USD,0.0,6.25,125000.0,160550,1.2844,1.2852,0.010186319256704318,3753
23/05/2013,1.2853,1.2959,1.2823,1.2933,325451.0,259574.0,EC1 Curncy,Future,CME,USD,0.0,6.25,125000.0,161663,1.2933,1.2941,0.010292380676962294,3754
24/05/2013,1.2934,1.2995,1.2906,1.2933,238648.0,255362.0,EC1 Curncy,Future,CME,USD,0.0,6.25,125000.0,161663,1.2933,1.2941,0.010346939966298015,3755
27/05/2013,1.2934,1.2995,1.2906,1.2919,238648.0,255362.0,EC1 Curncy,Future,CME,USD,0.0,6.25,125000.0,161488,1.2919,1.2926,0.010420252716041824,3756
28/05/2013,1.2938,1.2952,1.2851,1.2876,308706.0,259509.0,EC1 Curncy,Future,CME,USD,0.0,6.25,125000.0,160950,1.2876,1.2884,0.010717317761432279,3757
29/05/2013,1.2856,1.298,1.2839,1.2936,307771.0,256169.0,EC1 Curncy,Future,CME,USD,0.0,6.25,125000.0,161700,1.2936,1.2943,0.010763634764002643,3758
30/05/2013,1.2939,1.3063,1.2935,1.3046,309070.0,251771.0,EC1 Curncy,Future,CME,USD,0.0,6.25,125000.0,163075,1.3046,1.3053,0.010802468853592956,3759
31/05/2013,1.3047,1.306,1.2945,1.2983,290258.0,238075.0,EC1 Curncy,Future,CME,USD,0.0,6.25,125000.0,162288,1.2983,1.299,0.01077311468422727,3760
03/06/2013,1.2991,1.3109,1.2956,1.3073,294332.0,233276.0,EC1 Curncy,Future,CME,USD,0.0,6.25,125000.0,163413,1.3073,1.308,0.010668908097809892,3761
04/06/2013,1.3073,1.3103,1.3043,1.3082,225479.0,223380.0,EC1 Curncy,Future,CME,USD,0.0,6.25,125000.0,163525,1.3082,1.3089,0.010216437735312379,3762
05/06/2013,1.3084,1.3118,1.3054,1.3087,250417.0,219863.0,EC1 Curncy,Future,CME,USD,0.0,6.25,125000.0,163588,1.3087,1.3094,0.009287281625939644,3763
06/06/2013,1.3092,1.3307,1.3075,1.3247,472383.0,222466.0,EC1 Curncy,Future,CME,USD,0.0,6.25,125000.0,165588,1.3247,1.3254,0.010598037554166037,3764
07/06/2013,1.3241,1.3286,1.3191,1.3224,308499.0,210786.0,EC1 Curncy,Future,CME,USD,0.0,6.25,125000.0,165300,1.3224,1.3231,0.011343059551968881,3765
10/06/2013,1.3202,1.327,1.3178,1.3262,248889.0,197874.0,EC1 Curncy,Future,CME,USD,0.0,6.25,125000.0,165775,1.3262,1.3268,0.0124455574402881,3766
11/06/2013,1.3257,1.3318,1.3232,1.3308,324546.0,183150.0,EC1 Curncy,Future,CME,USD,0.0,6.25,125000.0,166350,1.3308,1.3314,0.01378977519756968,3767
12/06/2013,1.3313,1.3361,1.3265,1.333,287078.0,138148.0,EC1 Curncy,Future,CME,USD,0.0,6.25,125000.0,166625,1.333,1.3336,0.01492387014147154,3768
13/06/2013,1.3347,1.3398,1.3285,1.3352,257137.0,169264.0,EC1 Curncy,Future,CME,USD,0.0,6.25,125000.0,166900,1.3346,1.3352,0.016361512766229838,3769
14/06/2013,1.3378,1.338,1.3301,1.3347,234874.0,193319.0,EC1 Curncy,Future,CME,USD,0.0,6.25,125000.0,166838,1.3341,1.3347,0.01750904813706801,3770
17/06/2013,1.3357,1.3389,1.3325,1.3348,173366.0,200459.0,EC1 Curncy,Future,CME,USD,0.0,6.25,125000.0,166850,1.3342,1.3348,0.018451741561873243,3771
18/06/2013,1.337,1.3423,1.3332,1.3411,242700.0,212489.0,EC1 Curncy,Future,CME,USD,0.0,6.25,125000.0,167638,1.3411,1.3417,0.01954931797615513,3772
19/06/2013,1.34,1.3424,1.3268,1.3275,224135.0,213196.0,EC1 Curncy,Future,CME,USD,0.0,6.25,125000.0,165938,1.3275,1.3281,0.019461237542000024,3773
20/06/2013,1.3302,1.3308,1.3167,1.3201,359499.0,215677.0,EC1 Curncy,Future,CME,USD,0.0,6.25,125000.0,165013,1.3201,1.3207,0.019176830638372305,3774
21/06/2013,1.3231,1.326,1.3104,1.3146,274016.0,212522.0,EC1 Curncy,Future,CME,USD,0.0,6.25,125000.0,164325,1.3146,1.3153,0.018309924449128975,3775
24/06/2013,1.3113,1.315,1.3065,1.313,278469.0,210376.0,EC1 Curncy,Future,CME,USD,0.0,6.25,125000.0,164125,1.313,1.3137,0.01772920565995015,3776
25/06/2013,1.3128,1.3156,1.307,1.3096,246203.0,210271.0,EC1 Curncy,Future,CME,USD,0.0,6.25,125000.0,163700,1.3096,1.3102,0.017119070262900955,3777
26/06/2013,1.3087,1.3092,1.2988,1.3008,273191.0,203410.0,EC1 Curncy,Future,CME,USD,0.0,6.25,125000.0,162600,1.3008,1.3014,0.016247290030426745,3778
27/06/2013,1.3012,1.3062,1.3004,1.3052,231530.0,200611.0,EC1 Curncy,Future,CME,USD,0.0,6.25,125000.0,163150,1.3052,1.3058,0.01577659976038783,3779
28/06/2013,1.3043,1.3108,1.2995,1.3023,266624.0,201314.0,EC1 Curncy,Future,CME,USD,0.0,6.25,125000.0,162788,1.3023,1.3029,0.015365549127820585,3780
01/07/2013,1.3014,1.3072,1.3009,1.3063,189879.0,197909.0,EC1 Curncy,Future,CME,USD,0.0,6.25,125000.0,163288,1.3063,1.3069,0.014717910857165365,3781
02/07/2013,1.3067,1.3082,1.2967,1.2981,263432.0,194563.0,EC1 Curncy,Future,CME,USD,0.0,6.25,125000.0,162263,1.2981,1.2987,0.014018056213308067,3782
03/07/2013,1.2983,1.3037,1.2927,1.2981,237293.0,192674.0,EC1 Curncy,Future,CME,USD,0.0,6.25,125000.0,162263,1.2981,1.2987,0.013744067811221849,3783
04/07/2013,1.2983,1.3037,1.2927,1.3017,237293.0,192674.0,EC1 Curncy,Future,CME,USD,0.0,6.25,125000.0,162713,1.3017,1.3023,0.013858027757686086,3784
05/07/2013,1.3012,1.3028,1.2808,1.2833,431229.0,214703.0,EC1 Curncy,Future,CME,USD,0.0,6.25,125000.0,160413,1.2833,1.2839,0.014943390958306605,3785
08/07/2013,1.2827,1.2886,1.2815,1.2878,182993.0,213636.0,EC1 Curncy,Future,CME,USD,0.0,6.25,125000.0,160975,1.2878,1.2885,0.01586987502574616,3786
09/07/2013,1.2873,1.2901,1.2755,1.279,283410.0,223087.0,EC1 Curncy,Future,CME,USD,0.0,6.25,125000.0,159875,1.279,1.2797,0.0173736390354124,3787
10/07/2013,1.2789,1.299,1.2768,1.2886,299164.0,220680.0,EC1 Curncy,Future,CME,USD,0.0,6.25,125000.0,161075,1.2886,1.2892,0.01805946381631547,3788
11/07/2013,1.3016,1.3212,1.3008,1.3101,378770.0,221472.0,EC1 Curncy,Future,CME,USD,0.0,6.25,125000.0,163763,1.3101,1.3107,0.017892422045831104,3789
12/07/2013,1.3099,1.3103,1.3003,1.3063,220465.0,218200.0,EC1 Curncy,Future,CME,USD,0.0,6.25,125000.0,163288,1.3063,1.3069,0.01779844375217896,3790
15/07/2013,1.3069,1.3083,1.2996,1.307,180810.0,219497.0,EC1 Curncy,Future,CME,USD,0.0,6.25,125000.0,163375,1.307,1.3076,0.017551495662748533,3791
16/07/2013,1.3068,1.3178,1.3046,1.3163,221735.0,217988.0,EC1 Curncy,Future,CME,USD,0.0,6.25,125000.0,164538,1.3163,1.3169,0.017095320997263623,3792
17/07/2013,1.3159,1.3185,1.3086,1.3115,253146.0,218759.0,EC1 Curncy,Future,CME,USD,0.0,6.25,125000.0,163938,1.3115,1.3121,0.016427238558752104,3793
18/07/2013,1.3128,1.3129,1.3069,1.3105,172521.0,218210.0,EC1 Curncy,Future,CME,USD,0.0,6.25,125000.0,163813,1.3105,1.3111,0.015523791418319449,3794
19/07/2013,1.3115,1.3158,1.3092,1.3139,146551.0,220286.0,EC1 Curncy,Future,CME,USD,0.0,6.25,125000.0,164238,1.3139,1.3144,0.014580437807766886,3795
22/07/2013,1.3141,1.3222,1.314,1.3192,170678.0,221176.0,EC1 Curncy,Future,CME,USD,0.0,6.25,125000.0,164900,1.3192,1.3197,0.013668707571170006,3796
23/07/2013,1.3186,1.3243,1.3166,1.3237,170473.0,217114.0,EC1 Curncy,Future,CME,USD,0.0,6.25,125000.0,165463,1.3237,1.3242,0.012219622198176287,3797
24/07/2013,1.3227,1.3259,1.3179,1.3197,221547.0,215097.0,EC1 Curncy,Future,CME,USD,0.0,6.25,125000.0,164963,1.3197,1.3202,0.011742860242128571,3798
25/07/2013,1.3202,1.3299,1.3168,1.3246,232162.0,216683.0,EC1 Curncy,Future,CME,USD,0.0,6.25,125000.0,165575,1.3246,1.3251,0.012001740151584823,3799
26/07/2013,1.3276,1.33,1.3255,1.3279,153736.0,215443.0,EC1 Curncy,Future,CME,USD,0.0,6.25,125000.0,165988,1.3279,1.3284,0.012672641134855365,3800
29/07/2013,1.3284,1.3298,1.3241,1.3268,155080.0,216737.0,EC1 Curncy,Future,CME,USD,0.0,6.25,125000.0,165850,1.3268,1.3273,0.01325128044125647,3801
30/07/2013,1.3265,1.3305,1.3236,1.3266,183935.0,219010.0,EC1 Curncy,Future,CME,USD,0.0,6.25,125000.0,165825,1.3266,1.3271,0.013807706785203586,3802
31/07/2013,1.3265,1.3347,1.3209,1.3339,335681.0,223651.0,EC1 Curncy,Future,CME,USD,0.0,6.25,125000.0,166738,1.3339,1.3344,0.014667506036570067,3803
01/08/2013,1.3305,1.3313,1.3193,1.3216,278300.0,222750.0,EC1 Curncy,Future,CME,USD,0.0,6.25,125000.0,165200,1.3216,1.3221,0.014849745227875702,3804
02/08/2013,1.3214,1.3297,1.3187,1.3288,229513.0,224329.0,EC1 Curncy,Future,CME,USD,0.0,6.25,125000.0,166100,1.3288,1.3292,0.015233518963111582,3805
05/08/2013,1.3286,1.3303,1.3234,1.3261,155132.0,222518.0,EC1 Curncy,Future,CME,USD,0.0,6.25,125000.0,165763,1.3261,1.3265,0.015499383858704752,3806
06/08/2013,1.3262,1.3326,1.3248,1.3307,197013.0,224615.0,EC1 Curncy,Future,CME,USD,0.0,6.25,125000.0,166338,1.3307,1.3311,0.015682690032840004,3807
07/08/2013,1.3308,1.3349,1.3267,1.3334,209744.0,223360.0,EC1 Curncy,Future,CME,USD,0.0,6.25,125000.0,166675,1.3334,1.3338,0.015878050887922837,3808
08/08/2013,1.3338,1.3402,1.3329,1.3391,202519.0,229767.0,EC1 Curncy,Future,CME,USD,0.0,6.25,125000.0,167388,1.3391,1.3395,0.016389200712648006,3809
09/08/2013,1.3382,1.3392,1.3334,1.3342,142452.0,226346.0,EC1 Curncy,Future,CME,USD,0.0,6.25,125000.0,166775,1.3342,1.3346,0.015301849561391438,3810
12/08/2013,1.3341,1.3346,1.3279,1.3312,143053.0,227038.0,EC1 Curncy,Future,CME,USD,0.0,6.25,125000.0,166400,1.3312,1.3316,0.014165319151579899,3811
13/08/2013,1.3304,1.332,1.3235,1.3262,219665.0,221025.0,EC1 Curncy,Future,CME,USD,0.0,6.25,125000.0,165775,1.3262,1.3266,0.011400280698274185,3812
14/08/2013,1.3266,1.3284,1.324,1.3261,169868.0,221051.0,EC1 Curncy,Future,CME,USD,0.0,6.25,125000.0,165763,1.3261,1.3265,0.009129835704953163,3813
15/08/2013,1.326,1.3364,1.3207,1.3349,313774.0,225818.0,EC1 Curncy,Future,CME,USD,0.0,6.25,125000.0,166863,1.3349,1.3353,0.009014567839489989,3814
16/08/2013,1.3351,1.3382,1.3312,1.3337,182199.0,229448.0,EC1 Curncy,Future,CME,USD,0.0,6.25,125000.0,166713,1.3337,1.3341,0.008417812463229172,3815
19/08/2013,1.3339,1.3377,1.3317,1.3344,136594.0,232580.0,EC1 Curncy,Future,CME,USD,0.0,6.25,125000.0,166800,1.3344,1.3348,0.007717026629436059,3816
20/08/2013,1.3337,1.3454,1.3325,1.3421,244413.0,244288.0,EC1 Curncy,Future,CME,USD,0.0,6.25,125000.0,167763,1.3421,1.3425,0.008055625363646252,3817
21/08/2013,1.3419,1.3429,1.3336,1.3376,219988.0,238646.0,EC1 Curncy,Future,CME,USD,0.0,6.25,125000.0,167200,1.3376,1.338,0.0076108081042301975,3818
22/08/2013,1.3358,1.3374,1.3299,1.3354,200664.0,240416.0,EC1 Curncy,Future,CME,USD,0.0,6.25,125000.0,166925,1.3354,1.3358,0.006770494812006832,3819
23/08/2013,1.3357,1.3412,1.3334,1.3384,194675.0,244870.0,EC1 Curncy,Future,CME,USD,0.0,6.25,125000.0,167300,1.3384,1.3388,0.0062020238631762,3820
26/08/2013,1.3383,1.3396,1.3358,1.3374,95099.0,243322.0,EC1 Curncy,Future,CME,USD,0.0,6.25,125000.0,167175,1.3374,1.3378,0.005912063937357535,3821
27/08/2013,1.3371,1.34,1.3323,1.3386,206068.0,242074.0,EC1 Curncy,Future,CME,USD,0.0,6.25,125000.0,167325,1.3386,1.3391,0.0058986071801797,3822
28/08/2013,1.3394,1.3399,1.3304,1.3339,209542.0,239655.0,EC1 Curncy,Future,CME,USD,0.0,6.25,125000.0,166738,1.3339,1.3344,0.005367112817837767,3823
29/08/2013,1.3344,1.3344,1.3219,1.3243,225304.0,236199.0,EC1 Curncy,Future,CME,USD,0.0,6.25,125000.0,165538,1.3243,1.3248,0.0053849883936178105,3824
30/08/2013,1.3243,1.3256,1.3173,1.3243,176576.0,227501.0,EC1 Curncy,Future,CME,USD,0.0,6.25,125000.0,165538,1.3243,1.3248,0.005548522325754774,3825
02/09/2013,1.3243,1.3256,1.3173,1.3208,176576.0,227501.0,EC1 Curncy,Future,CME,USD,0.0,6.25,125000.0,165100,1.3208,1.3213,0.00590085587007514,3826
03/09/2013,1.3212,1.3227,1.3138,1.3169,251349.0,219398.0,EC1 Curncy,Future,CME,USD,0.0,6.25,125000.0,164613,1.3169,1.3174,0.006537966044528066,3827
04/09/2013,1.3169,1.3219,1.3157,1.3207,165928.0,215455.0,EC1 Curncy,Future,CME,USD,0.0,6.25,125000.0,165088,1.3207,1.3212,0.006849861312421167,3828
05/09/2013,1.3206,1.3224,1.311,1.312,304204.0,217518.0,EC1 Curncy,Future,CME,USD,0.0,6.25,125000.0,164000,1.312,1.3125,0.0076152872565259065,3829
06/09/2013,1.3118,1.319,1.3105,1.3182,237405.0,211649.0,EC1 Curncy,Future,CME,USD,0.0,6.25,125000.0,164775,1.3182,1.3187,0.00799642003228576,3830
09/09/2013,1.3173,1.3281,1.3166,1.326,180752.0,197766.0,EC1 Curncy,Future,CME,USD,0.0,6.25,125000.0,165750,1.326,1.3265,0.00799848944068447,3831
10/09/2013,1.3255,1.3277,1.323,1.3268,191741.0,169596.0,EC1 Curncy,Future,CME,USD,0.0,6.25,125000.0,165850,1.3268,1.3272,0.008022669962845388,3832
11/09/2013,1.3272,1.3329,1.3248,1.3314,225376.0,152243.0,EC1 Curncy,Future,CME,USD,0.0,6.25,125000.0,166425,1.331,1.3314,0.007995867682710153,3833
12/09/2013,1.3314,1.3329,1.326,1.3308,186496.0,193008.0,EC1 Curncy,Future,CME,USD,0.0,6.25,125000.0,166350,1.3304,1.3308,0.0077618253866434846,3834
13/09/2013,1.3306,1.3327,1.3257,1.331,186672.0,208806.0,EC1 Curncy,Future,CME,USD,0.0,6.25,125000.0,166375,1.3306,1.331,0.0077064518424116825,3835
16/09/2013,1.3368,1.3391,1.3334,1.3337,164112.0,218010.0,EC1 Curncy,Future,CME,USD,0.0,6.25,125000.0,166713,1.3366,1.3337,0.007747917999872184,3836
17/09/2013,1.3337,1.3377,1.3329,1.3362,103799.0,217980.0,EC1 Curncy,Future,CME,USD,0.0,6.25,125000.0,167025,1.3362,1.3366,0.00783221339508029,3837
18/09/2013,1.3362,1.3547,1.3342,1.3509,229827.0,231956.0,EC1 Curncy,Future,CME,USD,0.0,6.25,125000.0,168863,1.3509,1.3513,0.008845840830548806,3838
19/09/2013,1.3513,1.3573,1.3505,1.353,224931.0,236731.0,EC1 Curncy,Future,CME,USD,0.0,6.25,125000.0,169125,1.353,1.3533,0.0098748839655327,3839
20/09/2013,1.3533,1.3552,1.3501,1.3524,166089.0,249360.0,EC1 Curncy,Future,CME,USD,0.0,6.25,125000.0,169050,1.3524,1.3526,0.01071759923363119,3840
23/09/2013,1.3539,1.3548,1.3482,1.3498,151457.0,253309.0,EC1 Curncy,Future,CME,USD,0.0,6.25,125000.0,168725,1.3498,1.35,0.011272255024294367,3841
24/09/2013,1.3496,1.3522,1.3467,1.3479,137957.0,254002.0,EC1 Curncy,Future,CME,USD,0.0,6.25,125000.0,168488,1.3479,1.3481,0.011526233845713094,3842
25/09/2013,1.3474,1.354,1.3464,1.3525,134855.0,260078.0,EC1 Curncy,Future,CME,USD,0.0,6.25,125000.0,169063,1.3525,1.3527,0.012135784550908113,3843
26/09/2013,1.3526,1.3529,1.3474,1.349,140716.0,252078.0,EC1 Curncy,Future,CME,USD,0.0,6.25,125000.0,168625,1.349,1.3492,0.012512636279619821,3844
27/09/2013,1.349,1.3567,1.3477,1.3521,149897.0,256330.0,EC1 Curncy,Future,CME,USD,0.0,6.25,125000.0,169013,1.3521,1.3524,0.012991608830294649,3845
30/09/2013,1.3481,1.3559,1.348,1.3527,158856.0,258393.0,EC1 Curncy,Future,CME,USD,0.0,6.25,125000.0,169088,1.3527,1.3531,0.013469591679014915,3846
01/10/2013,1.3524,1.3591,1.3519,1.3533,186815.0,254389.0,EC1 Curncy,Future,CME,USD,0.0,6.25,125000.0,169163,1.3533,1.3536,0.013926571724562575,3847
02/10/2013,1.3526,1.361,1.3507,1.3585,231215.0,263211.0,EC1 Curncy,Future,CME,USD,0.0,6.25,125000.0,169813,1.3585,1.3588,0.014621956093470612,3848
03/10/2013,1.3582,1.3649,1.358,1.3624,164740.0,262501.0,EC1 Curncy,Future,CME,USD,0.0,6.25,125000.0,170300,1.3624,1.3627,0.015215718845962449,3849
04/10/2013,1.3624,1.3635,1.3541,1.3558,152800.0,261504.0,EC1 Curncy,Future,CME,USD,0.0,6.25,125000.0,169475,1.3558,1.3561,0.015292125424523954,3850
07/10/2013,1.3563,1.3594,1.3545,1.358,110524.0,263284.0,EC1 Curncy,Future,CME,USD,0.0,6.25,125000.0,169750,1.358,1.3583,0.015176544402444396,3851
08/10/2013,1.3581,1.3611,1.356,1.3569,133110.0,262731.0,EC1 Curncy,Future,CME,USD,0.0,6.25,125000.0,169613,1.3569,1.3573,0.014596603486177648,3852
09/10/2013,1.3577,1.3609,1.3488,1.3525,198604.0,253300.0,EC1 Curncy,Future,CME,USD,0.0,6.25,125000.0,169063,1.3525,1.3529,0.013954692161874742,3853
10/10/2013,1.3529,1.3552,1.349,1.3538,157153.0,261067.0,EC1 Curncy,Future,CME,USD,0.0,6.25,125000.0,169225,1.3538,1.3541,0.012354225997582695,3854
11/10/2013,1.3528,1.3585,1.3523,1.3557,156465.0,265331.0,EC1 Curncy,Future,CME,USD,0.0,6.25,125000.0,169463,1.3557,1.356,0.011070316165283724,3855
14/10/2013,1.3559,1.3602,1.3548,1.358,95690.0,270879.0,EC1 Curncy,Future,CME,USD,0.0,6.25,125000.0,169750,1.358,1.3583,0.01032704701254609,3856
15/10/2013,1.3562,1.3574,1.3482,1.3523,208065.0,255134.0,EC1 Curncy,Future,CME,USD,0.0,6.25,125000.0,169038,1.3523,1.3526,0.009291092508383132,3857
16/10/2013,1.3531,1.3571,1.3475,1.3535,208438.0,256829.0,EC1 Curncy,Future,CME,USD,0.0,6.25,125000.0,169188,1.3535,1.3538,0.008502838741620153,3858
17/10/2013,1.3538,1.3685,1.3518,1.3679,242596.0,270498.0,EC1 Curncy,Future,CME,USD,0.0,6.25,125000.0,170988,1.3679,1.3681,0.00815009815887668,3859
18/10/2013,1.3674,1.3707,1.3662,1.3681,131453.0,269650.0,EC1 Curncy,Future,CME,USD,0.0,6.25,125000.0,171013,1.3681,1.3683,0.007521983337701163,3860
21/10/2013,1.3686,1.3691,1.3653,1.368,100967.0,271412.0,EC1 Curncy,Future,CME,USD,0.0,6.25,125000.0,171000,1.368,1.3682,0.006863922590811311,3861
22/10/2013,1.368,1.3795,1.3664,1.3785,196295.0,275502.0,EC1 Curncy,Future,CME,USD,0.0,6.25,125000.0,172313,1.3785,1.3786,0.0072767323252023244,3862
23/10/2013,1.3781,1.3795,1.3743,1.3781,168143.0,276061.0,EC1 Curncy,Future,CME,USD,0.0,6.25,125000.0,172263,1.3781,1.3782,0.008352271148175269,3863
24/10/2013,1.3778,1.3827,1.3766,1.3804,176744.0,276867.0,EC1 Curncy,Future,CME,USD,0.0,6.25,125000.0,172550,1.3804,1.3805,0.009445822709852796,3864
25/10/2013,1.3801,1.3834,1.3776,1.3807,148588.0,282190.0,EC1 Curncy,Future,CME,USD,0.0,6.25,125000.0,172588,1.3807,1.3807,0.010312374443646202,3865
28/10/2013,1.3809,1.3819,1.3776,1.3807,105828.0,280257.0,EC1 Curncy,Future,CME,USD,0.0,6.25,125000.0,172588,1.3807,1.3808,0.010892348996702406,3866
29/10/2013,1.3789,1.3815,1.3738,1.3749,217958.0,279823.0,EC1 Curncy,Future,CME,USD,0.0,6.25,125000.0,171863,1.3749,1.375,0.010868360808602241,3867
30/10/2013,1.3747,1.3787,1.3697,1.3728,199993.0,282667.0,EC1 Curncy,Future,CME,USD,0.0,6.25,125000.0,171600,1.3728,1.3729,0.010873962785753819,3868
31/10/2013,1.3739,1.374,1.3576,1.3592,286499.0,269928.0,EC1 Curncy,Future,CME,USD,0.0,6.25,125000.0,169900,1.3592,1.3594,0.010512766841605395,3869
01/11/2013,1.359,1.3591,1.348,1.3493,241421.0,256141.0,EC1 Curncy,Future,CME,USD,0.0,6.25,125000.0,168663,1.3493,1.3495,0.010652073350571627,3870
04/11/2013,1.349,1.3526,1.3442,1.3518,142687.0,249387.0,EC1 Curncy,Future,CME,USD,0.0,6.25,125000.0,168975,1.3518,1.352,0.01069077016243257,3871
05/11/2013,1.3513,1.3524,1.345,1.3475,189195.0,248785.0,EC1 Curncy,Future,CME,USD,0.0,6.25,125000.0,168438,1.3475,1.3477,0.01097471791585669,3872
06/11/2013,1.3474,1.3549,1.3469,1.3522,185159.0,244397.0,EC1 Curncy,Future,CME,USD,0.0,6.25,125000.0,169025,1.3522,1.3523,0.011153512152350326,3873
07/11/2013,1.3516,1.353,1.3294,1.3428,437521.0,233925.0,EC1 Curncy,Future,CME,USD,0.0,6.25,125000.0,167850,1.3428,1.343,0.011847161404008502,3874
08/11/2013,1.3417,1.3453,1.3318,1.3356,259995.0,228720.0,EC1 Curncy,Future,CME,USD,0.0,6.25,125000.0,166950,1.3356,1.3358,0.012925675997768846,3875
11/11/2013,1.3358,1.3418,1.3346,1.3404,113866.0,229321.0,EC1 Curncy,Future,CME,USD,0.0,6.25,125000.0,167550,1.3404,1.3406,0.013568710329257508,3876
12/11/2013,1.3406,1.3457,1.3359,1.3428,230321.0,224608.0,EC1 Curncy,Future,CME,USD,0.0,6.25,125000.0,167850,1.3428,1.343,0.014008925726096947,3877
13/11/2013,1.3435,1.3499,1.3391,1.3463,230716.0,226216.0,EC1 Curncy,Future,CME,USD,0.0,6.25,125000.0,168288,1.3463,1.3465,0.014198976488910556,3878
14/11/2013,1.3483,1.3495,1.3419,1.3455,192914.0,222863.0,EC1 Curncy,Future,CME,USD,0.0,6.25,125000.0,168188,1.3455,1.3457,0.014436556606960298,3879
15/11/2013,1.3459,1.3507,1.3432,1.349,146370.0,224872.0,EC1 Curncy,Future,CME,USD,0.0,6.25,125000.0,168625,1.349,1.3492,0.014568147903307278,3880
18/11/2013,1.3493,1.3543,1.3475,1.35,122314.0,226416.0,EC1 Curncy,Future,CME,USD,0.0,6.25,125000.0,168750,1.35,1.3502,0.014679654855137782,3881
19/11/2013,1.3503,1.3548,1.3488,1.3532,200654.0,227245.0,EC1 Curncy,Future,CME,USD,0.0,6.25,125000.0,169150,1.3532,1.3534,0.014664319509134075,3882
20/11/2013,1.3535,1.3582,1.3414,1.342,287387.0,232840.0,EC1 Curncy,Future,CME,USD,0.0,6.25,125000.0,167750,1.342,1.3422,0.015012686856987706,3883
21/11/2013,1.3439,1.3488,1.34,1.3461,230041.0,229993.0,EC1 Curncy,Future,CME,USD,0.0,6.25,125000.0,168263,1.3461,1.3462,0.015065354293852744,3884
22/11/2013,1.3477,1.356,1.3463,1.3551,151394.0,228703.0,EC1 Curncy,Future,CME,USD,0.0,6.25,125000.0,169388,1.3551,1.3552,0.01490544307736748,3885
25/11/2013,1.3554,1.356,1.349,1.3516,136897.0,227077.0,EC1 Curncy,Future,CME,USD,0.0,6.25,125000.0,168950,1.3516,1.3517,0.0147574557427529,3886
26/11/2013,1.3523,1.3576,1.3519,1.3575,177389.0,231317.0,EC1 Curncy,Future,CME,USD,0.0,6.25,125000.0,169688,1.3575,1.3576,0.014017934940614929,3887
27/11/2013,1.3567,1.3615,1.3558,1.3575,158394.0,233733.0,EC1 Curncy,Future,CME,USD,0.0,6.25,125000.0,169688,1.3575,1.3576,0.013211468502756042,3888
28/11/2013,1.3567,1.3615,1.3558,1.3573,158394.0,233733.0,EC1 Curncy,Future,CME,USD,0.0,6.25,125000.0,169663,1.3573,1.3574,0.012091922923973573,3889
29/11/2013,1.3577,1.3623,1.3564,1.3587,184088.0,236045.0,EC1 Curncy,Future,CME,USD,0.0,6.25,125000.0,169838,1.3587,1.3588,0.010771409687965033,3890
02/12/2013,1.3588,1.3616,1.3526,1.354,182452.0,234230.0,EC1 Curncy,Future,CME,USD,0.0,6.25,125000.0,169250,1.354,1.3541,0.009079843978064288,3891
03/12/2013,1.3541,1.3615,1.3524,1.3591,170532.0,235974.0,EC1 Curncy,Future,CME,USD,0.0,6.25,125000.0,169888,1.3591,1.3592,0.007868551327870048,3892
04/12/2013,1.359,1.3609,1.3528,1.3588,230474.0,230180.0,EC1 Curncy,Future,CME,USD,0.0,6.25,125000.0,169850,1.3588,1.3589,0.006665440720562088,3893
05/12/2013,1.3591,1.3678,1.3543,1.3676,322628.0,233457.0,EC1 Curncy,Future,CME,USD,0.0,6.25,125000.0,170950,1.3676,1.3676,0.007301924403835329,3894
06/12/2013,1.3672,1.3709,1.3616,1.3696,211894.0,237587.0,EC1 Curncy,Future,CME,USD,0.0,6.25,125000.0,171200,1.3696,1.3695,0.00819445951030265,3895
09/12/2013,1.3711,1.3747,1.3695,1.374,132444.0,230943.0,EC1 Curncy,Future,CME,USD,0.0,6.25,125000.0,171750,1.374,1.3739,0.009331921917053645,3896
10/12/2013,1.3737,1.3796,1.3735,1.3764,200922.0,199262.0,EC1 Curncy,Future,CME,USD,0.0,6.25,125000.0,172050,1.3764,1.3762,0.010406139213591575,3897
11/12/2013,1.3758,1.381,1.374,1.3787,248925.0,152566.0,EC1 Curncy,Future,CME,USD,0.0,6.25,125000.0,172338,1.3788,1.3787,0.011533092964710048,3898
12/12/2013,1.3786,1.3802,1.3736,1.3743,234536.0,204931.0,EC1 Curncy,Future,CME,USD,0.0,6.25,125000.0,171788,1.3744,1.3743,0.0118846217160093,3899
13/12/2013,1.3748,1.3768,1.3708,1.3733,179470.0,221700.0,EC1 Curncy,Future,CME,USD,0.0,6.25,125000.0,171663,1.3735,1.3733,0.011570116680453168,3900
16/12/2013,1.3737,1.3797,1.3734,1.3762,153411.0,228083.0,EC1 Curncy,Future,CME,USD,0.0,6.25,125000.0,172025,1.3772,1.3762,0.011574241515795414,3901
17/12/2013,1.3757,1.378,1.3721,1.3765,144624.0,227841.0,EC1 Curncy,Future,CME,USD,0.0,6.25,125000.0,172063,1.3765,1.3765,0.01157327092914058,3902
18/12/2013,1.3768,1.3846,1.3673,1.3757,228130.0,230401.0,EC1 Curncy,Future,CME,USD,0.0,6.25,125000.0,171963,1.3757,1.3757,0.011581735621196248,3903
19/12/2013,1.3674,1.3694,1.3649,1.3655,174579.0,232003.0,EC1 Curncy,Future,CME,USD,0.0,6.25,125000.0,170688,1.3655,1.3656,0.011111102555520003,3904
20/12/2013,1.3656,1.3709,1.3625,1.3672,180641.0,236220.0,EC1 Curncy,Future,CME,USD,0.0,6.25,125000.0,170900,1.3672,1.3673,0.010794554182516326,3905
23/12/2013,1.367,1.3716,1.367,1.3689,80934.0,236927.0,EC1 Curncy,Future,CME,USD,0.0,6.25,125000.0,171113,1.3689,1.369,0.01050138562282514,3906
24/12/2013,1.3696,1.3699,1.3654,1.3689,34364.0,236868.0,EC1 Curncy,Future,CME,USD,0.0,6.25,125000.0,171113,1.3689,1.369,0.010309259591872252,3907
25/12/2013,1.3696,1.3699,1.3654,1.3679,34364.0,236868.0,EC1 Curncy,Future,CME,USD,0.0,6.25,125000.0,170988,1.3679,1.368,0.009204531492654804,3908
26/12/2013,1.3686,1.3699,1.3679,1.3691,26138.0,236166.0,EC1 Curncy,Future,CME,USD,0.0,6.25,125000.0,171138,1.3691,1.3692,0.00829363611447184,3909
27/12/2013,1.3688,1.3893,1.3687,1.3733,176825.0,240811.0,EC1 Curncy,Future,CME,USD,0.0,6.25,125000.0,171663,1.3733,1.3734,0.008058043600399292,3910
30/12/2013,1.3759,1.3819,1.3728,1.3802,98495.0,241463.0,EC1 Curncy,Future,CME,USD,0.0,6.25,125000.0,172525,1.3802,1.3803,0.007790973409397085,3911
31/12/2013,1.3796,1.3812,1.3742,1.3802,64841.0,238614.0,EC1 Curncy,Future,CME,USD,0.0,6.25,125000.0,172525,1.3802,1.3803,0.007808920113088397,3912
01/01/2014,1.3796,1.3812,1.3742,1.3788,64841.0,238614.0,EC1 Curncy,Future,CME,USD,0.0,6.25,125000.0,172350,1.3788,1.3789,0.007644438065194452,3913
02/01/2014,1.3726,1.3727,1.363,1.3652,177189.0,239112.0,EC1 Curncy,Future,CME,USD,0.0,6.25,125000.0,170650,1.3652,1.3653,0.007250360910505966,3914
03/01/2014,1.3667,1.3672,1.3582,1.3598,149837.0,237778.0,EC1 Curncy,Future,CME,USD,0.0,6.25,125000.0,169975,1.3598,1.3599,0.007179874650664837,3915
06/01/2014,1.3596,1.3653,1.3571,1.3635,164085.0,233579.0,EC1 Curncy,Future,CME,USD,0.0,6.25,125000.0,170438,1.3635,1.3636,0.006496352822873664,3916
07/01/2014,1.3634,1.3656,1.3596,1.3617,165968.0,234930.0,EC1 Curncy,Future,CME,USD,0.0,6.25,125000.0,170213,1.3617,1.3617,0.006320543225540433,3917
08/01/2014,1.3616,1.3634,1.3552,1.3582,209215.0,238557.0,EC1 Curncy,Future,CME,USD,0.0,6.25,125000.0,169775,1.3582,1.3582,0.0063691653037054275,3918
09/01/2014,1.3576,1.3633,1.3547,1.359,242975.0,240207.0,EC1 Curncy,Future,CME,USD,0.0,6.25,125000.0,169875,1.359,1.359,0.006770381574617948,3919
10/01/2014,1.3602,1.3687,1.3571,1.366,231614.0,236904.0,EC1 Curncy,Future,CME,USD,0.0,6.25,125000.0,170750,1.366,1.3659,0.006828006053448301,3920
13/01/2014,1.3666,1.3685,1.3637,1.3673,138853.0,237569.0,EC1 Curncy,Future,CME,USD,0.0,6.25,125000.0,170913,1.3673,1.3672,0.006809828681099658,3921
14/01/2014,1.3669,1.37,1.3649,1.3673,167370.0,239395.0,EC1 Curncy,Future,CME,USD,0.0,6.25,125000.0,170913,1.3673,1.3672,0.00669980845491834,3922
15/01/2014,1.3675,1.3675,1.3579,1.3599,204483.0,241206.0,EC1 Curncy,Future,CME,USD,0.0,6.25,125000.0,169988,1.3599,1.3597,0.006703548811333498,3923
16/01/2014,1.3601,1.3649,1.3581,1.3614,209806.0,241248.0,EC1 Curncy,Future,CME,USD,0.0,6.25,125000.0,170175,1.3614,1.3613,0.0067712012719998325,3924
17/01/2014,1.3615,1.362,1.3515,1.3614,210477.0,253516.0,EC1 Curncy,Future,CME,USD,0.0,6.25,125000.0,170175,1.3614,1.3613,0.00683330569094735,3925
20/01/2014,1.3615,1.362,1.3515,1.3529,210477.0,253516.0,EC1 Curncy,Future,CME,USD,0.0,6.25,125000.0,169113,1.3529,1.3528,0.007240034530253919,3926
21/01/2014,1.353,1.3568,1.3506,1.3559,247480.0,250829.0,EC1 Curncy,Future,CME,USD,0.0,6.25,125000.0,169488,1.3559,1.3558,0.007289657056355326,3927
22/01/2014,1.3559,1.3583,1.3533,1.3546,143625.0,249213.0,EC1 Curncy,Future,CME,USD,0.0,6.25,125000.0,169325,1.3546,1.3545,0.007365962258881937,3928
23/01/2014,1.3545,1.3699,1.3529,1.3696,316076.0,252800.0,EC1 Curncy,Future,CME,USD,0.0,6.25,125000.0,171200,1.3696,1.3695,0.007414598213385491,3929
24/01/2014,1.3692,1.374,1.3662,1.3676,244123.0,250668.0,EC1 Curncy,Future,CME,USD,0.0,6.25,125000.0,170950,1.3676,1.3676,0.0074187869627906555,3930
27/01/2014,1.3681,1.3717,1.3652,1.3666,161699.0,250953.0,EC1 Curncy,Future,CME,USD,0.0,6.25,125000.0,170825,1.3666,1.3665,0.0073896391431476196,3931
28/01/2014,1.3674,1.3688,1.3628,1.3665,163639.0,251905.0,EC1 Curncy,Future,CME,USD,0.0,6.25,125000.0,170813,1.3665,1.3664,0.007358503018001673,3932
29/01/2014,1.3655,1.3684,1.3602,1.3663,257429.0,253548.0,EC1 Curncy,Future,CME,USD,0.0,6.25,125000.0,170788,1.3663,1.3662,0.00734239515866178,3933
30/01/2014,1.3663,1.3664,1.3543,1.355,263799.0,249993.0,EC1 Curncy,Future,CME,USD,0.0,6.25,125000.0,169375,1.355,1.355,0.0075755373846309705,3934
31/01/2014,1.3557,1.3574,1.3479,1.3484,321695.0,254566.0,EC1 Curncy,Future,CME,USD,0.0,6.25,125000.0,168550,1.3484,1.3485,0.008025102283830658,3935
03/02/2014,1.3488,1.3536,1.3476,1.3531,226387.0,254739.0,EC1 Curncy,Future,CME,USD,0.0,6.25,125000.0,169138,1.3531,1.3532,0.007522528386959627,3936
04/02/2014,1.3527,1.3539,1.3493,1.3516,181062.0,255233.0,EC1 Curncy,Future,CME,USD,0.0,6.25,125000.0,168950,1.3516,1.3517,0.006890179001009313,3937
05/02/2014,1.3515,1.3556,1.3498,1.3534,209526.0,251756.0,EC1 Curncy,Future,CME,USD,0.0,6.25,125000.0,169175,1.3534,1.3535,0.006055666767523293,3938
06/02/2014,1.3536,1.362,1.3481,1.3587,309945.0,251263.0,EC1 Curncy,Future,CME,USD,0.0,6.25,125000.0,169838,1.3587,1.3587,0.005984042669128746,3939
07/02/2014,1.359,1.3646,1.3551,1.3628,236950.0,251131.0,EC1 Curncy,Future,CME,USD,0.0,6.25,125000.0,170350,1.3628,1.3628,0.006005145016230092,3940
10/02/2014,1.3624,1.3651,1.3618,1.3641,124011.0,255922.0,EC1 Curncy,Future,CME,USD,0.0,6.25,125000.0,170513,1.3641,1.3641,0.006019449033421005,3941
11/02/2014,1.3644,1.3683,1.3629,1.3638,195525.0,260302.0,EC1 Curncy,Future,CME,USD,0.0,6.25,125000.0,170475,1.3638,1.3638,0.00605331038903118,3942
12/02/2014,1.3636,1.3653,1.3562,1.3594,224243.0,259785.0,EC1 Curncy,Future,CME,USD,0.0,6.25,125000.0,169925,1.3594,1.3594,0.006039417742295419,3943
13/02/2014,1.3596,1.3692,1.3585,1.3674,199197.0,265081.0,EC1 Curncy,Future,CME,USD,0.0,6.25,125000.0,170925,1.3674,1.3674,0.006184186823338342,3944
14/02/2014,1.3678,1.3716,1.3673,1.3674,146628.0,265842.0,EC1 Curncy,Future,CME,USD,0.0,6.25,125000.0,170925,1.3674,1.3674,0.006238955574930093,3945
17/02/2014,1.3678,1.3716,1.3673,1.37,146628.0,265842.0,EC1 Curncy,Future,CME,USD,0.0,6.25,125000.0,171250,1.37,1.3701,0.006376289412028836,3946
18/02/2014,1.3702,1.3771,1.3691,1.3757,238140.0,269729.0,EC1 Curncy,Future,CME,USD,0.0,6.25,125000.0,171963,1.3757,1.3757,0.006920019267744122,3947
19/02/2014,1.3759,1.3773,1.3725,1.3744,129996.0,269078.0,EC1 Curncy,Future,CME,USD,0.0,6.25,125000.0,171800,1.3744,1.3744,0.00738624848390225,3948
20/02/2014,1.3734,1.3762,1.368,1.372,181485.0,270607.0,EC1 Curncy,Future,CME,USD,0.0,6.25,125000.0,171500,1.372,1.372,0.007654523716901909,3949
21/02/2014,1.3722,1.3759,1.3702,1.3744,135181.0,270163.0,EC1 Curncy,Future,CME,USD,0.0,6.25,125000.0,171800,1.3744,1.3744,0.008020540297632443,3950
24/02/2014,1.3739,1.3773,1.3708,1.3735,121043.0,270985.0,EC1 Curncy,Future,CME,USD,0.0,6.25,125000.0,171688,1.3735,1.3735,0.008012402885481804,3951
25/02/2014,1.3735,1.3767,1.3715,1.3742,166541.0,273269.0,EC1 Curncy,Future,CME,USD,0.0,6.25,125000.0,171775,1.3742,1.3742,0.008106633086508577,3952
26/02/2014,1.3746,1.3757,1.3661,1.3683,207013.0,275666.0,EC1 Curncy,Future,CME,USD,0.0,6.25,125000.0,171038,1.3683,1.3683,0.007874892591814042,3953
27/02/2014,1.3683,1.3727,1.3643,1.3711,196496.0,274032.0,EC1 Curncy,Future,CME,USD,0.0,6.25,125000.0,171388,1.3711,1.3712,0.007917255416658447,3954
28/02/2014,1.3708,1.3826,1.3694,1.3822,267889.0,277437.0,EC1 Curncy,Future,CME,USD,0.0,6.25,125000.0,172775,1.3822,1.3822,0.008621983530445456,3955
03/03/2014,1.3786,1.3793,1.3726,1.3733,183656.0,274715.0,EC1 Curncy,Future,CME,USD,0.0,6.25,125000.0,171663,1.3733,1.3733,0.00875704478306496,3956
04/03/2014,1.3737,1.3783,1.3721,1.3735,154171.0,275638.0,EC1 Curncy,Future,CME,USD,0.0,6.25,125000.0,171688,1.3735,1.3736,0.008888616315224269,3957
05/03/2014,1.374,1.375,1.3707,1.3731,159592.0,273896.0,EC1 Curncy,Future,CME,USD,0.0,6.25,125000.0,171638,1.3731,1.3732,0.008996467825352548,3958
06/03/2014,1.3736,1.3873,1.3711,1.3861,328406.0,276891.0,EC1 Curncy,Future,CME,USD,0.0,6.25,125000.0,173263,1.3861,1.3861,0.009486669594713776,3959
07/03/2014,1.386,1.3915,1.3852,1.3872,238924.0,270309.0,EC1 Curncy,Future,CME,USD,0.0,6.25,125000.0,173400,1.3872,1.3871,0.009374900888325634,3960
10/03/2014,1.3873,1.3898,1.3862,1.3869,146483.0,247820.0,EC1 Curncy,Future,CME,USD,0.0,6.25,125000.0,173363,1.3869,1.3868,0.009389311298808063,3961
11/03/2014,1.388,1.388,1.3834,1.387,179822.0,220045.0,EC1 Curncy,Future,CME,USD,0.0,6.25,125000.0,173375,1.387,1.3869,0.009071635280693362,3962
12/03/2014,1.3859,1.3914,1.3842,1.3902,242415.0,164140.0,EC1 Curncy,Future,CME,USD,0.0,6.25,125000.0,173775,1.3903,1.3902,0.0089127118955222,3963
13/03/2014,1.3901,1.3966,1.3844,1.3858,352296.0,237683.0,EC1 Curncy,Future,CME,USD,0.0,6.25,125000.0,173225,1.3859,1.3858,0.0086868732387386,3964
14/03/2014,1.387,1.3937,1.3847,1.3903,232175.0,247703.0,EC1 Curncy,Future,CME,USD,0.0,6.25,125000.0,173788,1.3904,1.3903,0.008875815455452117,3965
17/03/2014,1.3912,1.3947,1.3878,1.3919,133961.0,253762.0,EC1 Curncy,Future,CME,USD,0.0,6.25,125000.0,173988,1.3941,1.3919,0.009106677037531614,3966
18/03/2014,1.392,1.3942,1.3878,1.3928,158446.0,257305.0,EC1 Curncy,Future,CME,USD,0.0,6.25,125000.0,174100,1.3928,1.3928,0.009232654006255997,3967
19/03/2014,1.3932,1.3933,1.3808,1.3828,186383.0,255431.0,EC1 Curncy,Future,CME,USD,0.0,6.25,125000.0,172850,1.3828,1.3827,0.008427484796736903,3968
20/03/2014,1.3818,1.3844,1.3747,1.3779,209266.0,255178.0,EC1 Curncy,Future,CME,USD,0.0,6.25,125000.0,172238,1.3779,1.3778,0.00808733577881061,3969
21/03/2014,1.378,1.3809,1.3764,1.3792,140894.0,254031.0,EC1 Curncy,Future,CME,USD,0.0,6.25,125000.0,172400,1.3792,1.3791,0.0077001688292678725,3970
24/03/2014,1.3798,1.3875,1.3758,1.3837,192093.0,257469.0,EC1 Curncy,Future,CME,USD,0.0,6.25,125000.0,172963,1.3837,1.3836,0.00746100976181465,3971
25/03/2014,1.3837,1.3845,1.3747,1.3825,244947.0,254711.0,EC1 Curncy,Future,CME,USD,0.0,6.25,125000.0,172813,1.3825,1.3825,0.0074101012138314175,3972
26/03/2014,1.3826,1.3826,1.3774,1.3789,143984.0,253124.0,EC1 Curncy,Future,CME,USD,0.0,6.25,125000.0,172363,1.3789,1.3789,0.0073078793092952255,3973
27/03/2014,1.3782,1.3795,1.3727,1.3746,177625.0,249892.0,EC1 Curncy,Future,CME,USD,0.0,6.25,125000.0,171825,1.3746,1.3746,0.007195778855173242,3974
28/03/2014,1.3741,1.3772,1.3702,1.375,167417.0,252116.0,EC1 Curncy,Future,CME,USD,0.0,6.25,125000.0,171875,1.375,1.375,0.007174317621387995,3975
31/03/2014,1.3751,1.3808,1.3717,1.3774,209837.0,252598.0,EC1 Curncy,Future,CME,USD,0.0,6.25,125000.0,172175,1.3774,1.3774,0.007048456095667882,3976
01/04/2014,1.3773,1.3814,1.3768,1.379,115256.0,252351.0,EC1 Curncy,Future,CME,USD,0.0,6.25,125000.0,172375,1.379,1.3789,0.00691866557455678,3977
02/04/2014,1.3793,1.3818,1.3751,1.3762,122839.0,250764.0,EC1 Curncy,Future,CME,USD,0.0,6.25,125000.0,172025,1.3762,1.3761,0.006469420375831416,3978
03/04/2014,1.3766,1.3808,1.3696,1.3712,284230.0,258175.0,EC1 Curncy,Future,CME,USD,0.0,6.25,125000.0,171400,1.3712,1.3711,0.006462721304983631,3979
04/04/2014,1.3716,1.3729,1.3669,1.37,226723.0,252429.0,EC1 Curncy,Future,CME,USD,0.0,6.25,125000.0,171250,1.37,1.3698,0.006859846937011355,3980
07/04/2014,1.3698,1.3747,1.3694,1.3737,104869.0,251419.0,EC1 Curncy,Future,CME,USD,0.0,6.25,125000.0,171713,1.3737,1.3736,0.006841435034593063,3981
08/04/2014,1.3741,1.381,1.3735,1.3793,159641.0,253310.0,EC1 Curncy,Future,CME,USD,0.0,6.25,125000.0,172413,1.3793,1.3791,0.006670014992428672,3982
09/04/2014,1.3795,1.386,1.3778,1.385,158264.0,254882.0,EC1 Curncy,Future,CME,USD,0.0,6.25,125000.0,173125,1.385,1.3848,0.006481813017915724,3983
10/04/2014,1.3851,1.3898,1.3834,1.3889,137083.0,258163.0,EC1 Curncy,Future,CME,USD,0.0,6.25,125000.0,173613,1.3889,1.3887,0.006582899563709603,3984
11/04/2014,1.3885,1.3903,1.3861,1.3885,108887.0,262058.0,EC1 Curncy,Future,CME,USD,0.0,6.25,125000.0,173563,1.3885,1.3883,0.0066314980710159305,3985
14/04/2014,1.3856,1.3862,1.3806,1.3819,137542.0,263290.0,EC1 Curncy,Future,CME,USD,0.0,6.25,125000.0,172738,1.3819,1.3817,0.006550834552372331,3986
15/04/2014,1.3817,1.3831,1.3787,1.3808,123820.0,261475.0,EC1 Curncy,Future,CME,USD,0.0,6.25,125000.0,172600,1.3808,1.3806,0.006460456640147237,3987
16/04/2014,1.3811,1.3849,1.3802,1.3819,126473.0,259045.0,EC1 Curncy,Future,CME,USD,0.0,6.25,125000.0,172738,1.3819,1.3817,0.006202870303272777,3988
17/04/2014,1.3814,1.3864,1.3809,1.3819,109562.0,257894.0,EC1 Curncy,Future,CME,USD,0.0,6.25,125000.0,172738,1.3819,1.3817,0.006130138660684908,3989
18/04/2014,1.3814,1.3864,1.3809,1.3817,109562.0,257894.0,EC1 Curncy,Future,CME,USD,0.0,6.25,125000.0,172713,1.3817,1.3815,0.005820704424657258,3990
21/04/2014,1.3817,1.3829,1.3785,1.3794,41121.0,257148.0,EC1 Curncy,Future,CME,USD,0.0,6.25,125000.0,172425,1.3794,1.3792,0.005332035258625553,3991
22/04/2014,1.3792,1.3824,1.3782,1.3801,102650.0,257012.0,EC1 Curncy,Future,CME,USD,0.0,6.25,125000.0,172513,1.3801,1.3799,0.0046382467951329295,3992
23/04/2014,1.3803,1.3854,1.3797,1.3814,162973.0,259956.0,EC1 Curncy,Future,CME,USD,0.0,6.25,125000.0,172675,1.3814,1.3812,0.004607103211262767,3993
24/04/2014,1.3814,1.3842,1.3789,1.3823,157395.0,257945.0,EC1 Curncy,Future,CME,USD,0.0,6.25,125000.0,172788,1.3823,1.382,0.004623310502143143,3994
25/04/2014,1.3831,1.3849,1.3825,1.3834,94850.0,260494.0,EC1 Curncy,Future,CME,USD,0.0,6.25,125000.0,172925,1.3834,1.3831,0.00467734967681768,3995
28/04/2014,1.384,1.3878,1.3812,1.3852,153057.0,263647.0,EC1 Curncy,Future,CME,USD,0.0,6.25,125000.0,173150,1.3852,1.3849,0.004736728828973247,3996
29/04/2014,1.3848,1.3877,1.3804,1.3809,179268.0,259078.0,EC1 Curncy,Future,CME,USD,0.0,6.25,125000.0,172613,1.3809,1.3807,0.004712402076707781,3997
30/04/2014,1.381,1.3877,1.3768,1.387,227572.0,263235.0,EC1 Curncy,Future,CME,USD,0.0,6.25,125000.0,173375,1.387,1.3868,0.004911866583342688,3998
01/05/2014,1.3865,1.3888,1.3862,1.3863,59152.0,263342.0,EC1 Curncy,Future,CME,USD,0.0,6.25,125000.0,173288,1.3863,1.3861,0.004906702898337823,3999
02/05/2014,1.3867,1.388,1.3805,1.387,196881.0,256378.0,EC1 Curncy,Future,CME,USD,0.0,6.25,125000.0,173375,1.387,1.3868,0.0049091479232708825,4000
05/05/2014,1.3873,1.3885,1.3864,1.3876,79782.0,259417.0,EC1 Curncy,Future,CME,USD,0.0,6.25,125000.0,173450,1.3876,1.3874,0.005001773018895711,4001
06/05/2014,1.3874,1.395,1.3871,1.3932,167873.0,263833.0,EC1 Curncy,Future,CME,USD,0.0,6.25,125000.0,174150,1.3932,1.393,0.005475241242711046,4002
07/05/2014,1.3925,1.3938,1.3908,1.3915,130709.0,262483.0,EC1 Curncy,Future,CME,USD,0.0,6.25,125000.0,173938,1.3915,1.3913,0.0056304588326246885,4003
08/05/2014,1.391,1.3993,1.3831,1.3852,357383.0,255377.0,EC1 Curncy,Future,CME,USD,0.0,6.25,125000.0,173150,1.3852,1.3851,0.005099418267398631,4004
09/05/2014,1.3839,1.3843,1.3743,1.3745,231790.0,249940.0,EC1 Curncy,Future,CME,USD,0.0,6.25,125000.0,171813,1.3745,1.3744,0.0046693218635984165,4005
12/05/2014,1.3755,1.3773,1.3747,1.3754,101439.0,244305.0,EC1 Curncy,Future,CME,USD,0.0,6.25,125000.0,171925,1.3754,1.3753,0.00453029800335598,4006
13/05/2014,1.3757,1.377,1.3687,1.3697,214470.0,251879.0,EC1 Curncy,Future,CME,USD,0.0,6.25,125000.0,171213,1.3697,1.3697,0.005259239488672559,4007
14/05/2014,1.3701,1.373,1.3697,1.3705,146960.0,251694.0,EC1 Curncy,Future,CME,USD,0.0,6.25,125000.0,171313,1.3705,1.3705,0.005824811871000503,4008
15/05/2014,1.3712,1.3731,1.3645,1.3714,232853.0,251765.0,EC1 Curncy,Future,CME,USD,0.0,6.25,125000.0,171425,1.3714,1.3715,0.00608776915894082,4009
16/05/2014,1.3709,1.3726,1.3684,1.3697,118219.0,249922.0,EC1 Curncy,Future,CME,USD,0.0,6.25,125000.0,171213,1.3697,1.3698,0.00639794758751224,4010
19/05/2014,1.3697,1.3734,1.3694,1.3711,118610.0,247247.0,EC1 Curncy,Future,CME,USD,0.0,6.25,125000.0,171388,1.3711,1.3711,0.006705649359499438,4011
20/05/2014,1.3708,1.3712,1.3676,1.3696,111697.0,249049.0,EC1 Curncy,Future,CME,USD,0.0,6.25,125000.0,171200,1.3696,1.3696,0.007067512527937734,4012
21/05/2014,1.3698,1.3722,1.3632,1.3678,175669.0,250045.0,EC1 Curncy,Future,CME,USD,0.0,6.25,125000.0,170975,1.3678,1.3678,0.007486049247270477,4013
22/05/2014,1.3685,1.3687,1.3644,1.365,137816.0,249593.0,EC1 Curncy,Future,CME,USD,0.0,6.25,125000.0,170625,1.365,1.365,0.008027467429554687,4014
23/05/2014,1.3655,1.3656,1.3614,1.365,121505.0,250345.0,EC1 Curncy,Future,CME,USD,0.0,6.25,125000.0,170625,1.365,1.365,0.008481986795511437,4015
26/05/2014,1.3655,1.3656,1.3614,1.3626,121505.0,250345.0,EC1 Curncy,Future,CME,USD,0.0,6.25,125000.0,170325,1.3626,1.3627,0.009046817119806974,4016
27/05/2014,1.3623,1.3668,1.3612,1.3634,153882.0,249648.0,EC1 Curncy,Future,CME,USD,0.0,6.25,125000.0,170425,1.3634,1.3635,0.009471567979972204,4017
28/05/2014,1.3634,1.3638,1.3586,1.3593,142266.0,246684.0,EC1 Curncy,Future,CME,USD,0.0,6.25,125000.0,169913,1.3593,1.3594,0.010063245003438887,4018
29/05/2014,1.3592,1.3626,1.3586,1.3602,126642.0,247361.0,EC1 Curncy,Future,CME,USD,0.0,6.25,125000.0,170025,1.3602,1.3602,0.010466215489177899,4019
30/05/2014,1.3601,1.365,1.3598,1.3634,152758.0,246193.0,EC1 Curncy,Future,CME,USD,0.0,6.25,125000.0,170425,1.3634,1.3635,0.010584973626132019,4020
02/06/2014,1.3631,1.3636,1.3586,1.3595,160355.0,250099.0,EC1 Curncy,Future,CME,USD,0.0,6.25,125000.0,169938,1.3595,1.3596,0.010749206172205513,4021
03/06/2014,1.3597,1.3649,1.3585,1.3623,167837.0,243573.0,EC1 Curncy,Future,CME,USD,0.0,6.25,125000.0,170288,1.3623,1.3624,0.010856815063939505,4022
04/06/2014,1.3626,1.3639,1.3596,1.3599,149928.0,244200.0,EC1 Curncy,Future,CME,USD,0.0,6.25,125000.0,169988,1.3599,1.36,0.010724546610428543,4023
05/06/2014,1.36,1.3671,1.3502,1.3658,505682.0,246027.0,EC1 Curncy,Future,CME,USD,0.0,6.25,125000.0,170725,1.3658,1.366,0.010333855363121943,4024
06/06/2014,1.3662,1.3677,1.3621,1.3647,203782.0,241237.0,EC1 Curncy,Future,CME,USD,0.0,6.25,125000.0,170588,1.3647,1.3649,0.0098295354247252,4025
09/06/2014,1.3647,1.3669,1.3582,1.3588,172849.0,226398.0,EC1 Curncy,Future,CME,USD,0.0,6.25,125000.0,169850,1.3588,1.3589,0.00934848472566182,4026
10/06/2014,1.3592,1.3601,1.3533,1.3544,208054.0,198839.0,EC1 Curncy,Future,CME,USD,0.0,6.25,125000.0,169300,1.3544,1.3545,0.00828575685534752,4027
11/06/2014,1.3547,1.3559,1.3523,1.353,230773.0,204203.0,EC1 Curncy,Future,CME,USD,0.0,6.25,125000.0,169125,1.3528,1.353,0.007076093555011683,4028
12/06/2014,1.3533,1.3576,1.3516,1.3568,209557.0,251397.0,EC1 Curncy,Future,CME,USD,0.0,6.25,125000.0,169600,1.3564,1.3568,0.006012911108546516,4029
13/06/2014,1.3555,1.3583,1.3525,1.3538,155653.0,270613.0,EC1 Curncy,Future,CME,USD,0.0,6.25,125000.0,169225,1.3534,1.3538,0.00601118956607468,4030
16/06/2014,1.3544,1.3585,1.3517,1.3572,131468.0,276219.0,EC1 Curncy,Future,CME,USD,0.0,6.25,125000.0,169650,1.3566,1.3572,0.005628090262183779,4031
17/06/2014,1.3578,1.3593,1.3541,1.3547,112626.0,278496.0,EC1 Curncy,Future,CME,USD,0.0,6.25,125000.0,169338,1.3547,1.3553,0.005682904187058783,4032
18/06/2014,1.3551,1.3608,1.3546,1.3563,168189.0,276695.0,EC1 Curncy,Future,CME,USD,0.0,6.25,125000.0,169538,1.3563,1.3569,0.005547185472467924,4033
19/06/2014,1.3591,1.3648,1.3589,1.3611,153177.0,280207.0,EC1 Curncy,Future,CME,USD,0.0,6.25,125000.0,170138,1.3611,1.3616,0.005176765399290783,4034
20/06/2014,1.3611,1.3638,1.3567,1.3596,132073.0,279892.0,EC1 Curncy,Future,CME,USD,0.0,6.25,125000.0,169950,1.3596,1.3601,0.004889471682362968,4035
23/06/2014,1.3597,1.3617,1.3577,1.3607,102386.0,280027.0,EC1 Curncy,Future,CME,USD,0.0,6.25,125000.0,170088,1.3607,1.3612,0.0044147933133157945,4036
24/06/2014,1.3607,1.3632,1.3587,1.3606,157381.0,283741.0,EC1 Curncy,Future,CME,USD,0.0,6.25,125000.0,170075,1.3606,1.3611,0.0039971740016290945,4037
25/06/2014,1.3608,1.3656,1.3604,1.3631,150113.0,282489.0,EC1 Curncy,Future,CME,USD,0.0,6.25,125000.0,170388,1.3631,1.3636,0.0037280602640828906,4038
26/06/2014,1.3633,1.3645,1.3579,1.3611,176878.0,284447.0,EC1 Curncy,Future,CME,USD,0.0,6.25,125000.0,170138,1.3611,1.3616,0.0035912996717949552,4039
27/06/2014,1.3616,1.3656,1.3613,1.3649,118127.0,283636.0,EC1 Curncy,Future,CME,USD,0.0,6.25,125000.0,170613,1.3649,1.3654,0.003585424196098411,4040
30/06/2014,1.3649,1.3702,1.3644,1.3698,145256.0,286886.0,EC1 Curncy,Future,CME,USD,0.0,6.25,125000.0,171225,1.3698,1.3703,0.004068914679121015,4041
01/07/2014,1.3697,1.3705,1.3679,1.3683,120550.0,282915.0,EC1 Curncy,Future,CME,USD,0.0,6.25,125000.0,171038,1.3683,1.3688,0.004339692769382672,4042
02/07/2014,1.3683,1.3687,1.3643,1.3658,106287.0,281242.0,EC1 Curncy,Future,CME,USD,0.0,6.25,125000.0,170725,1.3658,1.3663,0.00446567650708874,4043
03/07/2014,1.3661,1.3668,1.3599,1.3658,161639.0,282124.0,EC1 Curncy,Future,CME,USD,0.0,6.25,125000.0,170725,1.3658,1.3663,0.004582037392466717,4044
04/07/2014,1.3661,1.3668,1.3599,1.3606,161639.0,282124.0,EC1 Curncy,Future,CME,USD,0.0,6.25,125000.0,170075,1.3606,1.3612,0.004551380742803631,4045
07/07/2014,1.3611,1.3614,1.3579,1.3612,126211.0,283481.0,EC1 Curncy,Future,CME,USD,0.0,6.25,125000.0,170150,1.3612,1.3618,0.0045447148791348925,4046
08/07/2014,1.3609,1.3621,1.3592,1.3614,100355.0,282995.0,EC1 Curncy,Future,CME,USD,0.0,6.25,125000.0,170175,1.3614,1.362,0.004535993092215885,4047
09/07/2014,1.3616,1.3652,1.3606,1.365,154792.0,285225.0,EC1 Curncy,Future,CME,USD,0.0,6.25,125000.0,170625,1.365,1.3656,0.004609049070321277,4048
10/07/2014,1.3645,1.3654,1.3592,1.3607,145228.0,285822.0,EC1 Curncy,Future,CME,USD,0.0,6.25,125000.0,170088,1.3607,1.3613,0.004498358959957538,4049
11/07/2014,1.3611,1.3628,1.3595,1.3612,96545.0,285638.0,EC1 Curncy,Future,CME,USD,0.0,6.25,125000.0,170150,1.3612,1.3618,0.0044250122409583035,4050
14/07/2014,1.3611,1.3644,1.3601,1.3622,106672.0,284833.0,EC1 Curncy,Future,CME,USD,0.0,6.25,125000.0,170275,1.3622,1.3628,0.0044184763587271,4051
15/07/2014,1.3623,1.3631,1.3564,1.3571,210434.0,299265.0,EC1 Curncy,Future,CME,USD,0.0,6.25,125000.0,169638,1.3571,1.3577,0.004287287409613439,4052
16/07/2014,1.3571,1.3574,1.3523,1.3526,132949.0,304664.0,EC1 Curncy,Future,CME,USD,0.0,6.25,125000.0,169075,1.3526,1.3532,0.004318552998319763,4053
17/07/2014,1.3528,1.3543,1.3519,1.3529,118396.0,308006.0,EC1 Curncy,Future,CME,USD,0.0,6.25,125000.0,169113,1.3529,1.3535,0.004536419292712834,4054
18/07/2014,1.3529,1.3538,1.3493,1.3528,161533.0,316272.0,EC1 Curncy,Future,CME,USD,0.0,6.25,125000.0,169100,1.3528,1.3533,0.0046037774344514035,4055
21/07/2014,1.3531,1.3552,1.3515,1.3525,96406.0,318458.0,EC1 Curncy,Future,CME,USD,0.0,6.25,125000.0,169063,1.3525,1.353,0.0048411431156251275,4056
22/07/2014,1.3527,1.3532,1.3461,1.3468,191543.0,328142.0,EC1 Curncy,Future,CME,USD,0.0,6.25,125000.0,168350,1.3468,1.3473,0.005453277302011368,4057
23/07/2014,1.3468,1.3476,1.3456,1.3459,125308.0,330210.0,EC1 Curncy,Future,CME,USD,0.0,6.25,125000.0,168238,1.3459,1.3464,0.006116652134348804,4058
24/07/2014,1.3463,1.3486,1.3439,1.3465,146497.0,332249.0,EC1 Curncy,Future,CME,USD,0.0,6.25,125000.0,168313,1.3465,1.3469,0.006655441382756113,4059
25/07/2014,1.3465,1.3477,1.3422,1.3433,142916.0,342171.0,EC1 Curncy,Future,CME,USD,0.0,6.25,125000.0,167913,1.3433,1.3437,0.007370906773658987,4060
28/07/2014,1.3434,1.3446,1.3428,1.3435,79710.0,345697.0,EC1 Curncy,Future,CME,USD,0.0,6.25,125000.0,167938,1.3435,1.344,0.00793900077671249,4061
29/07/2014,1.3441,1.3446,1.3405,1.3411,133238.0,342665.0,EC1 Curncy,Future,CME,USD,0.0,6.25,125000.0,167638,1.3411,1.3415,0.008586427274055527,4062
30/07/2014,1.3411,1.3417,1.3369,1.3393,197099.0,346897.0,EC1 Curncy,Future,CME,USD,0.0,6.25,125000.0,167413,1.3393,1.3398,0.009185492184199048,4063
31/07/2014,1.3396,1.3403,1.3373,1.3392,167085.0,346124.0,EC1 Curncy,Future,CME,USD,0.0,6.25,125000.0,167400,1.3392,1.3397,0.009716895937797492,4064
01/08/2014,1.339,1.3447,1.338,1.343,217944.0,348355.0,EC1 Curncy,Future,CME,USD,0.0,6.25,125000.0,167875,1.343,1.3435,0.009794343605673068,4065
04/08/2014,1.343,1.3433,1.3411,1.3421,102537.0,353456.0,EC1 Curncy,Future,CME,USD,0.0,6.25,125000.0,167763,1.3421,1.3426,0.00953592855115117,4066
05/08/2014,1.3424,1.3427,1.336,1.3374,185064.0,359709.0,EC1 Curncy,Future,CME,USD,0.0,6.25,125000.0,167175,1.3374,1.3379,0.009504011433740245,4067
06/08/2014,1.3374,1.339,1.3335,1.3379,199444.0,356912.0,EC1 Curncy,Future,CME,USD,0.0,6.25,125000.0,167238,1.3379,1.3384,0.009453482603393827,4068
07/08/2014,1.3385,1.3396,1.3339,1.336,201751.0,362684.0,EC1 Curncy,Future,CME,USD,0.0,6.25,125000.0,167000,1.336,1.3365,0.00937222492257528,4069
08/08/2014,1.3363,1.3435,1.3345,1.3413,206708.0,353568.0,EC1 Curncy,Future,CME,USD,0.0,6.25,125000.0,167663,1.3413,1.3418,0.009229738168876254,4070
11/08/2014,1.3409,1.341,1.3382,1.3384,90749.0,355408.0,EC1 Curncy,Future,CME,USD,0.0,6.25,125000.0,167300,1.3384,1.339,0.009090768210993786,4071
12/08/2014,1.3387,1.3388,1.3338,1.3369,125719.0,357101.0,EC1 Curncy,Future,CME,USD,0.0,6.25,125000.0,167113,1.3369,1.3375,0.00890516142466565,4072
13/08/2014,1.337,1.3417,1.3344,1.337,196545.0,362427.0,EC1 Curncy,Future,CME,USD,0.0,6.25,125000.0,167125,1.337,1.3375,0.008289626047015533,4073
14/08/2014,1.3365,1.341,1.335,1.3368,149068.0,365960.0,EC1 Curncy,Future,CME,USD,0.0,6.25,125000.0,167100,1.3368,1.3373,0.00788020304302894,4074
15/08/2014,1.3367,1.3414,1.336,1.34,162190.0,368725.0,EC1 Curncy,Future,CME,USD,0.0,6.25,125000.0,167500,1.34,1.3406,0.007166821703705179,4075
18/08/2014,1.3394,1.34,1.3354,1.3363,104859.0,372871.0,EC1 Curncy,Future,CME,USD,0.0,6.25,125000.0,167038,1.3363,1.3369,0.006255389676061001,4076
19/08/2014,1.3364,1.3365,1.3314,1.3321,159667.0,375439.0,EC1 Curncy,Future,CME,USD,0.0,6.25,125000.0,166513,1.3321,1.3327,0.005906626222532475,4077
20/08/2014,1.3319,1.3326,1.3257,1.3265,176085.0,373557.0,EC1 Curncy,Future,CME,USD,0.0,6.25,125000.0,165813,1.3265,1.3271,0.006262653857009256,4078
21/08/2014,1.3258,1.329,1.3243,1.3282,131932.0,378900.0,EC1 Curncy,Future,CME,USD,0.0,6.25,125000.0,166025,1.3282,1.3288,0.006258708599441038,4079
22/08/2014,1.3282,1.3298,1.3222,1.3243,207225.0,384442.0,EC1 Curncy,Future,CME,USD,0.0,6.25,125000.0,165538,1.3243,1.3249,0.006429419362020337,4080
25/08/2014,1.3208,1.3212,1.3185,1.3194,115049.0,381439.0,EC1 Curncy,Future,CME,USD,0.0,6.25,125000.0,164925,1.3194,1.3201,0.006901190718472238,4081
26/08/2014,1.3192,1.3215,1.3166,1.3174,162519.0,378268.0,EC1 Curncy,Future,CME,USD,0.0,6.25,125000.0,164675,1.3174,1.3181,0.007718965820155697,4082
27/08/2014,1.3171,1.3212,1.3153,1.3197,190234.0,383570.0,EC1 Curncy,Future,CME,USD,0.0,6.25,125000.0,164963,1.3197,1.3204,0.008141308248641763,4083
28/08/2014,1.3195,1.3222,1.316,1.3185,172845.0,384772.0,EC1 Curncy,Future,CME,USD,0.0,6.25,125000.0,164813,1.3185,1.3193,0.008462282985857897,4084
29/08/2014,1.3184,1.3198,1.3134,1.3185,200142.0,385252.0,EC1 Curncy,Future,CME,USD,0.0,6.25,125000.0,164813,1.3185,1.3193,0.008800838975124878,4085
01/09/2014,1.3184,1.3198,1.3134,1.3135,200142.0,385252.0,EC1 Curncy,Future,CME,USD,0.0,6.25,125000.0,164188,1.3135,1.3143,0.009369352521176792,4086
02/09/2014,1.313,1.3147,1.3111,1.3127,220081.0,387931.0,EC1 Curncy,Future,CME,USD,0.0,6.25,125000.0,164088,1.3127,1.3135,0.009929060042760998,4087
03/09/2014,1.3134,1.3161,1.3123,1.3146,191738.0,389528.0,EC1 Curncy,Future,CME,USD,0.0,6.25,125000.0,164325,1.3146,1.3154,0.010280642003271178,4088
04/09/2014,1.3149,1.3154,1.2921,1.2938,443017.0,392815.0,EC1 Curncy,Future,CME,USD,0.0,6.25,125000.0,161725,1.2938,1.2948,0.012368640453424829,4089
05/09/2014,1.2941,1.2992,1.2922,1.2959,263751.0,370212.0,EC1 Curncy,Future,CME,USD,0.0,6.25,125000.0,161988,1.2959,1.2969,0.013535352476611168,4090
08/09/2014,1.2953,1.296,1.2882,1.2908,249022.0,342553.0,EC1 Curncy,Future,CME,USD,0.0,6.25,125000.0,161350,1.2908,1.2918,0.014850423114043314,4091
09/09/2014,1.29,1.2959,1.286,1.2919,334354.0,309492.0,EC1 Curncy,Future,CME,USD,0.0,6.25,125000.0,161488,1.2919,1.2929,0.015910004190218992,4092
10/09/2014,1.295,1.2973,1.2894,1.2915,370262.0,279076.0,EC1 Curncy,Future,CME,USD,0.0,6.25,125000.0,161438,1.2906,1.2915,0.016705263641523093,4093
11/09/2014,1.2925,1.2962,1.2907,1.2933,281865.0,358194.0,EC1 Curncy,Future,CME,USD,0.0,6.25,125000.0,161663,1.2924,1.2933,0.017227074621057038,4094
12/09/2014,1.2934,1.2989,1.2918,1.2958,274011.0,390795.0,EC1 Curncy,Future,CME,USD,0.0,6.25,125000.0,161975,1.2949,1.2958,0.01715119335010857,4095
15/09/2014,1.2977,1.298,1.2918,1.2945,157102.0,398824.0,EC1 Curncy,Future,CME,USD,0.0,6.25,125000.0,161813,1.2938,1.2945,0.01711104613983265,4096
16/09/2014,1.2948,1.3006,1.2931,1.2969,213185.0,395429.0,EC1 Curncy,Future,CME,USD,0.0,6.25,125000.0,162113,1.2969,1.2979,0.016865385656213785,4097
17/09/2014,1.2967,1.2993,1.2861,1.2925,298537.0,394209.0,EC1 Curncy,Future,CME,USD,0.0,6.25,125000.0,161563,1.2925,1.2935,0.01663915262263964,4098
18/09/2014,1.2859,1.2939,1.2843,1.2924,228765.0,390477.0,EC1 Curncy,Future,CME,USD,0.0,6.25,125000.0,161550,1.2924,1.2934,0.016225751138221695,4099
19/09/2014,1.2925,1.2937,1.2835,1.2844,218578.0,397530.0,EC1 Curncy,Future,CME,USD,0.0,6.25,125000.0,160550,1.2844,1.2854,0.015751658113762005,4100
22/09/2014,1.2834,1.2875,1.2824,1.2843,184821.0,393055.0,EC1 Curncy,Future,CME,USD,0.0,6.25,125000.0,160538,1.2843,1.2852,0.015259228901428322,4101
23/09/2014,1.2854,1.2908,1.285,1.2865,192720.0,395335.0,EC1 Curncy,Future,CME,USD,0.0,6.25,125000.0,160813,1.2865,1.2873,0.014691333045921738,4102
24/09/2014,1.2855,1.2871,1.2781,1.2787,203833.0,397731.0,EC1 Curncy,Future,CME,USD,0.0,6.25,125000.0,159838,1.2787,1.2796,0.014739516048122677,4103
25/09/2014,1.2787,1.279,1.2703,1.2755,279428.0,400173.0,EC1 Curncy,Future,CME,USD,0.0,6.25,125000.0,159438,1.2755,1.2764,0.014604220851048755,4104
26/09/2014,1.2757,1.2768,1.2683,1.2689,215880.0,403949.0,EC1 Curncy,Future,CME,USD,0.0,6.25,125000.0,158613,1.2689,1.2698,0.014945436315685668,4105
29/09/2014,1.2688,1.2722,1.267,1.27,181938.0,410364.0,EC1 Curncy,Future,CME,USD,0.0,6.25,125000.0,158750,1.27,1.2709,0.015216767067927304,4106
30/09/2014,1.2695,1.271,1.2578,1.2635,327820.0,405587.0,EC1 Curncy,Future,CME,USD,0.0,6.25,125000.0,157938,1.2635,1.2644,0.015820532018010616,4107
01/10/2014,1.2636,1.2647,1.259,1.2614,264611.0,404171.0,EC1 Curncy,Future,CME,USD,0.0,6.25,125000.0,157675,1.2614,1.2623,0.01609876599824476,4108
02/10/2014,1.2625,1.2705,1.262,1.2681,354219.0,404087.0,EC1 Curncy,Future,CME,USD,0.0,6.25,125000.0,158513,1.2681,1.269,0.01568971212821478,4109
03/10/2014,1.2679,1.2679,1.2506,1.2515,284116.0,426750.0,EC1 Curncy,Future,CME,USD,0.0,6.25,125000.0,156438,1.2515,1.2524,0.016189906320490582,4110
06/10/2014,1.252,1.2682,1.2514,1.2633,268954.0,420995.0,EC1 Curncy,Future,CME,USD,0.0,6.25,125000.0,157913,1.2633,1.2642,0.0158123875489947,4111
07/10/2014,1.2662,1.2688,1.259,1.267,284945.0,420280.0,EC1 Curncy,Future,CME,USD,0.0,6.25,125000.0,158375,1.267,1.2678,0.015040168438760158,4112
08/10/2014,1.2672,1.2755,1.2628,1.2738,331403.0,423039.0,EC1 Curncy,Future,CME,USD,0.0,6.25,125000.0,159225,1.2738,1.2747,0.013574397469732652,4113
09/10/2014,1.2736,1.2797,1.2668,1.2693,339907.0,424437.0,EC1 Curncy,Future,CME,USD,0.0,6.25,125000.0,158663,1.2693,1.2701,0.013499590117220421,4114
10/10/2014,1.2696,1.2722,1.2611,1.2619,221594.0,425179.0,EC1 Curncy,Future,CME,USD,0.0,6.25,125000.0,157738,1.2619,1.2627,0.013550704778705356,4115
13/10/2014,1.2634,1.2767,1.2632,1.2671,169902.0,426625.0,EC1 Curncy,Future,CME,USD,0.0,6.25,125000.0,158388,1.2671,1.2679,0.013498425834134613,4116
14/10/2014,1.2747,1.2754,1.2645,1.2654,224906.0,429376.0,EC1 Curncy,Future,CME,USD,0.0,6.25,125000.0,158175,1.2654,1.2662,0.013381766201301834,4117
15/10/2014,1.2662,1.2893,1.263,1.2781,563026.0,424386.0,EC1 Curncy,Future,CME,USD,0.0,6.25,125000.0,159763,1.2781,1.2789,0.013027946883513141,4118
16/10/2014,1.2825,1.285,1.2711,1.2805,373128.0,426643.0,EC1 Curncy,Future,CME,USD,0.0,6.25,125000.0,160063,1.2805,1.2814,0.012569908511983785,4119
17/10/2014,1.281,1.2842,1.2749,1.2778,175499.0,424311.0,EC1 Curncy,Future,CME,USD,0.0,6.25,125000.0,159725,1.2778,1.2787,0.011863414348308232,4120
20/10/2014,1.2764,1.2822,1.2736,1.2813,151059.0,426444.0,EC1 Curncy,Future,CME,USD,0.0,6.25,125000.0,160163,1.2813,1.2822,0.011233227497012964,4121
21/10/2014,1.28,1.2845,1.2717,1.273,226381.0,433426.0,EC1 Curncy,Future,CME,USD,0.0,6.25,125000.0,159125,1.273,1.2738,0.010209273562125731,4122
22/10/2014,1.2717,1.2744,1.2641,1.2648,205927.0,439199.0,EC1 Curncy,Future,CME,USD,0.0,6.25,125000.0,158100,1.2648,1.2656,0.009536377719011432,4123
23/10/2014,1.265,1.268,1.2617,1.2653,169435.0,438942.0,EC1 Curncy,Future,CME,USD,0.0,6.25,125000.0,158163,1.2653,1.2661,0.00866122008339447,4124
24/10/2014,1.265,1.27,1.2638,1.2668,145116.0,435029.0,EC1 Curncy,Future,CME,USD,0.0,6.25,125000.0,158350,1.2668,1.2675,0.008254045472756509,4125
27/10/2014,1.2677,1.2727,1.2669,1.2712,143232.0,435325.0,EC1 Curncy,Future,CME,USD,0.0,6.25,125000.0,158900,1.2712,1.2719,0.007745026361026876,4126
28/10/2014,1.2702,1.2769,1.2688,1.2739,177732.0,434187.0,EC1 Curncy,Future,CME,USD,0.0,6.25,125000.0,159238,1.2739,1.2746,0.007002873219829378,4127
29/10/2014,1.2737,1.2775,1.2633,1.2649,192097.0,437202.0,EC1 Curncy,Future,CME,USD,0.0,6.25,125000.0,158113,1.2649,1.2656,0.006790098182869371,4128
30/10/2014,1.2639,1.2643,1.2548,1.2616,249335.0,443446.0,EC1 Curncy,Future,CME,USD,0.0,6.25,125000.0,157700,1.2616,1.2624,0.006802369685117694,4129
31/10/2014,1.2616,1.2619,1.2489,1.253,356853.0,452251.0,EC1 Curncy,Future,CME,USD,0.0,6.25,125000.0,156625,1.253,1.2537,0.0074661458151452495,4130
03/11/2014,1.2515,1.2515,1.2442,1.2494,225811.0,452793.0,EC1 Curncy,Future,CME,USD,0.0,6.25,125000.0,156175,1.2494,1.2502,0.00830100797090415,4131
04/11/2014,1.2492,1.2581,1.2491,1.256,218647.0,456281.0,EC1 Curncy,Future,CME,USD,0.0,6.25,125000.0,157000,1.256,1.2568,0.00856251909971683,4132
05/11/2014,1.2553,1.2571,1.246,1.2483,252300.0,457437.0,EC1 Curncy,Future,CME,USD,0.0,6.25,125000.0,156038,1.2483,1.2491,0.009269246643229296,4133
06/11/2014,1.248,1.2537,1.2367,1.239,349767.0,460417.0,EC1 Curncy,Future,CME,USD,0.0,6.25,125000.0,154875,1.239,1.2398,0.01072468802963619,4134
07/11/2014,1.2383,1.2474,1.2361,1.2444,327381.0,461080.0,EC1 Curncy,Future,CME,USD,0.0,6.25,125000.0,155550,1.2444,1.2452,0.011180514299426916,4135
10/11/2014,1.2466,1.2512,1.2421,1.2425,168858.0,458487.0,EC1 Curncy,Future,CME,USD,0.0,6.25,125000.0,155313,1.2425,1.2433,0.012029481839756299,4136
11/11/2014,1.2425,1.2504,1.2397,1.2467,166508.0,454422.0,EC1 Curncy,Future,CME,USD,0.0,6.25,125000.0,155838,1.2467,1.2475,0.012484657250656237,4137
12/11/2014,1.2477,1.2501,1.2422,1.2435,234136.0,455567.0,EC1 Curncy,Future,CME,USD,0.0,6.25,125000.0,155438,1.2435,1.2443,0.012861619908330686,4138
13/11/2014,1.2433,1.2495,1.2429,1.249,161386.0,456818.0,EC1 Curncy,Future,CME,USD,0.0,6.25,125000.0,156125,1.249,1.2498,0.013010178066922758,4139
14/11/2014,1.2478,1.255,1.24,1.2528,319049.0,458044.0,EC1 Curncy,Future,CME,USD,0.0,6.25,125000.0,156600,1.2528,1.2536,0.01311132207927076,4140
17/11/2014,1.2521,1.2581,1.2447,1.2454,188393.0,457748.0,EC1 Curncy,Future,CME,USD,0.0,6.25,125000.0,155675,1.2454,1.2462,0.01338216101132562,4141
18/11/2014,1.2454,1.2548,1.2445,1.2537,209275.0,453101.0,EC1 Curncy,Future,CME,USD,0.0,6.25,125000.0,156713,1.2537,1.2545,0.0133821610113257,4142
19/11/2014,1.2536,1.2605,1.2514,1.2547,251448.0,453407.0,EC1 Curncy,Future,CME,USD,0.0,6.25,125000.0,156838,1.2547,1.2554,0.012820133904645854,4143
20/11/2014,1.255,1.2577,1.2506,1.2552,265602.0,452337.0,EC1 Curncy,Future,CME,USD,0.0,6.25,125000.0,156900,1.2552,1.2559,0.011971762610397927,4144
21/11/2014,1.2545,1.257,1.2377,1.2389,322282.0,461814.0,EC1 Curncy,Future,CME,USD,0.0,6.25,125000.0,154863,1.2389,1.2396,0.011731059912318053,4145
24/11/2014,1.2376,1.2446,1.2366,1.2436,201664.0,456767.0,EC1 Curncy,Future,CME,USD,0.0,6.25,125000.0,155450,1.2436,1.2444,0.010695539568736218,4146
25/11/2014,1.2441,1.2489,1.2403,1.2473,206182.0,450956.0,EC1 Curncy,Future,CME,USD,0.0,6.25,125000.0,155913,1.2473,1.248,0.010038603820572199,4147
26/11/2014,1.2475,1.2534,1.2445,1.2473,208798.0,450413.0,EC1 Curncy,Future,CME,USD,0.0,6.25,125000.0,155913,1.2473,1.248,0.00980906383571218,4148
27/11/2014,1.2475,1.2534,1.2445,1.2516,208798.0,450413.0,EC1 Curncy,Future,CME,USD,0.0,6.25,125000.0,156450,1.2516,1.2524,0.009444509869040966,4149
28/11/2014,1.2508,1.2525,1.2428,1.2436,233459.0,447958.0,EC1 Curncy,Future,CME,USD,0.0,6.25,125000.0,155450,1.2436,1.2444,0.009064720992199175,4150
01/12/2014,1.2447,1.2509,1.2421,1.2479,241437.0,443563.0,EC1 Curncy,Future,CME,USD,0.0,6.25,125000.0,155988,1.2479,1.2487,0.008053400937890798,4151
02/12/2014,1.2473,1.2478,1.2378,1.2381,191569.0,436494.0,EC1 Curncy,Future,CME,USD,0.0,6.25,125000.0,154763,1.2381,1.2389,0.0067321913222783735,4152
03/12/2014,1.2384,1.2392,1.2302,1.2311,254613.0,435204.0,EC1 Curncy,Future,CME,USD,0.0,6.25,125000.0,153888,1.2311,1.2319,0.006744731277061121,4153
04/12/2014,1.2309,1.2458,1.2277,1.2368,434195.0,421554.0,EC1 Curncy,Future,CME,USD,0.0,6.25,125000.0,154600,1.2368,1.2376,0.006380694841977463,4154
05/12/2014,1.2379,1.2394,1.2272,1.2289,305520.0,430867.0,EC1 Curncy,Future,CME,USD,0.0,6.25,125000.0,153613,1.2289,1.2297,0.007118609414750572,4155
08/12/2014,1.2288,1.2346,1.2248,1.2327,209860.0,407498.0,EC1 Curncy,Future,CME,USD,0.0,6.25,125000.0,154088,1.2327,1.2335,0.007503499183699478,4156
09/12/2014,1.2316,1.245,1.2293,1.2378,348515.0,350480.0,EC1 Curncy,Future,CME,USD,0.0,6.25,125000.0,154725,1.2378,1.2386,0.007246017296863763,4157
10/12/2014,1.2378,1.2449,1.2362,1.2443,347256.0,268967.0,EC1 Curncy,Future,CME,USD,0.0,6.25,125000.0,155538,1.2443,1.2449,0.0071918078394644916,4158
11/12/2014,1.2453,1.2503,1.2377,1.2392,360548.0,335992.0,EC1 Curncy,Future,CME,USD,0.0,6.25,125000.0,154900,1.2385,1.2392,0.007186271634149581,4159
12/12/2014,1.2412,1.2493,1.2391,1.2459,254091.0,366709.0,EC1 Curncy,Future,CME,USD,0.0,6.25,125000.0,155738,1.2452,1.2459,0.007197048005938451,4160
15/12/2014,1.248,1.2487,1.2422,1.2444,204489.0,372095.0,EC1 Curncy,Future,CME,USD,0.0,6.25,125000.0,155550,1.2423,1.2444,0.0071912377237706646,4161
16/12/2014,1.2451,1.2579,1.2443,1.2495,319531.0,365590.0,EC1 Curncy,Future,CME,USD,0.0,6.25,125000.0,156188,1.2495,1.2505,0.007256291522978417,4162
17/12/2014,1.252,1.2523,1.2328,1.2337,309581.0,365910.0,EC1 Curncy,Future,CME,USD,0.0,6.25,125000.0,154213,1.2337,1.2347,0.007550379681388018,4163
18/12/2014,1.2344,1.2362,1.2275,1.2292,218920.0,372522.0,EC1 Curncy,Future,CME,USD,0.0,6.25,125000.0,153650,1.2292,1.2303,0.008000264578944916,4164
19/12/2014,1.2295,1.2312,1.2229,1.2235,168084.0,370678.0,EC1 Curncy,Future,CME,USD,0.0,6.25,125000.0,152938,1.2235,1.2246,0.008618513019451768,4165
22/12/2014,1.2231,1.2281,1.2226,1.223,96628.0,371156.0,EC1 Curncy,Future,CME,USD,0.0,6.25,125000.0,152875,1.223,1.2241,0.009358253042090559,4166
23/12/2014,1.2237,1.2254,1.2173,1.2185,106871.0,374158.0,EC1 Curncy,Future,CME,USD,0.0,6.25,125000.0,152313,1.2185,1.2196,0.009976042969691823,4167
24/12/2014,1.2181,1.2229,1.2178,1.2185,43012.0,373596.0,EC1 Curncy,Future,CME,USD,0.0,6.25,125000.0,152313,1.2185,1.2196,0.010295104014359383,4168
25/12/2014,1.2181,1.2229,1.2178,1.2199,43012.0,373596.0,EC1 Curncy,Future,CME,USD,0.0,6.25,125000.0,152488,1.2199,1.221,0.010261331947323055,4169
26/12/2014,1.2229,1.2237,1.2176,1.2185,32318.0,377591.0,EC1 Curncy,Future,CME,USD,0.0,6.25,125000.0,152313,1.2185,1.2196,0.010864848518647531,4170
29/12/2014,1.2189,1.223,1.2151,1.2165,100616.0,377465.0,EC1 Curncy,Future,CME,USD,0.0,6.25,125000.0,152063,1.2165,1.2176,0.011392465346293432,4171
30/12/2014,1.2163,1.2196,1.2132,1.2162,111793.0,383323.0,EC1 Curncy,Future,CME,USD,0.0,6.25,125000.0,152025,1.2162,1.2172,0.011655144786738465,4172
31/12/2014,1.2164,1.2178,1.2104,1.2162,73033.0,385451.0,EC1 Curncy,Future,CME,USD,0.0,6.25,125000.0,152025,1.2162,1.2172,0.01177592883809355,4173
01/01/2015,1.2164,1.2178,1.2104,1.2107,73033.0,385451.0,EC1 Curncy,Future,CME,USD,0.0,6.25,125000.0,151338,1.2107,1.2118,0.011812341004214692,4174
02/01/2015,1.211,1.2113,1.2007,1.2013,160116.0,394714.0,EC1 Curncy,Future,CME,USD,0.0,6.25,125000.0,150163,1.2013,1.2025,0.012853855452737156,4175
05/01/2015,1.196,1.1985,1.1895,1.1947,237144.0,400307.0,EC1 Curncy,Future,CME,USD,0.0,6.25,125000.0,149338,1.1947,1.1958,0.013934216877882726,4176
06/01/2015,1.1942,1.1977,1.1892,1.1921,241318.0,403080.0,EC1 Curncy,Future,CME,USD,0.0,6.25,125000.0,149013,1.1921,1.1933,0.015341047334951266,4177
07/01/2015,1.1884,1.1904,1.1809,1.1857,268955.0,403699.0,EC1 Curncy,Future,CME,USD,0.0,6.25,125000.0,148213,1.1857,1.1869,0.017158912164428088,4178
08/01/2015,1.1842,1.1854,1.1761,1.179,240002.0,409062.0,EC1 Curncy,Future,CME,USD,0.0,6.25,125000.0,147375,1.179,1.1801,0.01902924240915993,4179
09/01/2015,1.1798,1.1854,1.1769,1.1848,288184.0,405391.0,EC1 Curncy,Future,CME,USD,0.0,6.25,125000.0,148100,1.1848,1.186,0.020251475666394785,4180
12/01/2015,1.187,1.1878,1.1792,1.1847,185152.0,408457.0,EC1 Curncy,Future,CME,USD,0.0,6.25,125000.0,148088,1.1847,1.1858,0.02115680190072664,4181
13/01/2015,1.1837,1.1866,1.1759,1.1771,233788.0,418058.0,EC1 Curncy,Future,CME,USD,0.0,6.25,125000.0,147138,1.1771,1.1782,0.022143691351412104,4182
14/01/2015,1.1782,1.1854,1.1734,1.1782,315139.0,408788.0,EC1 Curncy,Future,CME,USD,0.0,6.25,125000.0,147275,1.1782,1.1793,0.022404835787539646,4183
15/01/2015,1.1794,1.1797,1.1574,1.1622,527783.0,425884.0,EC1 Curncy,Future,CME,USD,0.0,6.25,125000.0,145275,1.1622,1.1634,0.02376678354342393,4184
16/01/2015,1.1637,1.1656,1.1467,1.1622,351981.0,438205.0,EC1 Curncy,Future,CME,USD,0.0,6.25,125000.0,145275,1.1622,1.1634,0.02423697794693026,4185
19/01/2015,1.1637,1.1656,1.1467,1.159,351981.0,438205.0,EC1 Curncy,Future,CME,USD,0.0,6.25,125000.0,144875,1.159,1.1603,0.024558424895203157,4186
20/01/2015,1.1571,1.1646,1.1546,1.1554,277265.0,444392.0,EC1 Curncy,Future,CME,USD,0.0,6.25,125000.0,144425,1.1554,1.1567,0.024215004301741373,4187
21/01/2015,1.1558,1.1687,1.1547,1.1597,267234.0,433436.0,EC1 Curncy,Future,CME,USD,0.0,6.25,125000.0,144963,1.1597,1.1609,0.02424707061344458,4188
22/01/2015,1.1618,1.1668,1.1321,1.1383,382010.0,448087.0,EC1 Curncy,Future,CME,USD,0.0,6.25,125000.0,142288,1.1383,1.1395,0.02574768403824671,4189
23/01/2015,1.1371,1.1379,1.1119,1.1251,394723.0,446886.0,EC1 Curncy,Future,CME,USD,0.0,6.25,125000.0,140638,1.1251,1.1262,0.028117624958971976,4190
26/01/2015,1.1152,1.13,1.1102,1.1272,219755.0,443338.0,EC1 Curncy,Future,CME,USD,0.0,6.25,125000.0,140900,1.1272,1.1283,0.029622481890169545,4191
27/01/2015,1.1244,1.1428,1.1229,1.138,302009.0,442207.0,EC1 Curncy,Future,CME,USD,0.0,6.25,125000.0,142250,1.138,1.1391,0.030095184000103834,4192
28/01/2015,1.1376,1.1388,1.1281,1.1314,222102.0,442520.0,EC1 Curncy,Future,CME,USD,0.0,6.25,125000.0,141425,1.1314,1.1325,0.030592249563140276,4193
29/01/2015,1.128,1.1372,1.1266,1.1317,209566.0,444851.0,EC1 Curncy,Future,CME,USD,0.0,6.25,125000.0,141463,1.1317,1.1328,0.03056821442828275,4194
30/01/2015,1.133,1.1368,1.1281,1.1296,205388.0,450087.0,EC1 Curncy,Future,CME,USD,0.0,6.25,125000.0,141200,1.1296,1.1307,0.030325869044983553,4195
02/02/2015,1.1314,1.1367,1.1296,1.135,170036.0,450960.0,EC1 Curncy,Future,CME,USD,0.0,6.25,125000.0,141875,1.135,1.1361,0.02952012025721059,4196
03/02/2015,1.134,1.1539,1.1317,1.1491,293177.0,449079.0,EC1 Curncy,Future,CME,USD,0.0,6.25,125000.0,143638,1.1491,1.1503,0.02786639074823867,4197
04/02/2015,1.1472,1.149,1.132,1.1423,205679.0,454771.0,EC1 Curncy,Future,CME,USD,0.0,6.25,125000.0,142788,1.1423,1.1435,0.025992082127708354,4198
05/02/2015,1.1342,1.1503,1.1308,1.1479,204344.0,452941.0,EC1 Curncy,Future,CME,USD,0.0,6.25,125000.0,143488,1.1479,1.1491,0.023984034967735254,4199
06/02/2015,1.148,1.1483,1.1315,1.1323,216874.0,440031.0,EC1 Curncy,Future,CME,USD,0.0,6.25,125000.0,141538,1.1323,1.1335,0.022840532684978248,4200
09/02/2015,1.1319,1.1363,1.1275,1.1341,148265.0,434867.0,EC1 Curncy,Future,CME,USD,0.0,6.25,125000.0,141763,1.1341,1.1354,0.02176452924677146,4201
10/02/2015,1.1328,1.135,1.1277,1.1317,166942.0,435462.0,EC1 Curncy,Future,CME,USD,0.0,6.25,125000.0,141463,1.1317,1.133,0.020646079530996873,4202
11/02/2015,1.132,1.1352,1.1283,1.1307,136911.0,435013.0,EC1 Curncy,Future,CME,USD,0.0,6.25,125000.0,141338,1.1307,1.132,0.019734418326034463,4203
12/02/2015,1.1335,1.1427,1.1307,1.1418,214453.0,434189.0,EC1 Curncy,Future,CME,USD,0.0,6.25,125000.0,142725,1.1418,1.1431,0.01876197395443591,4204
13/02/2015,1.1405,1.1447,1.1383,1.1418,138359.0,429431.0,EC1 Curncy,Future,CME,USD,0.0,6.25,125000.0,142725,1.1418,1.1431,0.01710555465339467,4205
16/02/2015,1.1405,1.1447,1.1383,1.1395,138359.0,429431.0,EC1 Curncy,Future,CME,USD,0.0,6.25,125000.0,142438,1.1395,1.1408,0.01510047239880085,4206
17/02/2015,1.1402,1.1452,1.1325,1.1417,225777.0,428641.0,EC1 Curncy,Future,CME,USD,0.0,6.25,125000.0,142713,1.1417,1.143,0.013440947387254822,4207
18/02/2015,1.1413,1.1419,1.1337,1.1384,161069.0,428419.0,EC1 Curncy,Future,CME,USD,0.0,6.25,125000.0,142300,1.1384,1.1398,0.0112279443057768,4208
19/02/2015,1.1403,1.1454,1.1358,1.1368,149963.0,427957.0,EC1 Curncy,Future,CME,USD,0.0,6.25,125000.0,142100,1.1368,1.1381,0.01034857156005745,4209
20/02/2015,1.1368,1.1434,1.1281,1.1399,283074.0,427683.0,EC1 Curncy,Future,CME,USD,0.0,6.25,125000.0,142488,1.1399,1.1413,0.009261833871699859,4210
23/02/2015,1.1382,1.1397,1.1298,1.1336,126937.0,421050.0,EC1 Curncy,Future,CME,USD,0.0,6.25,125000.0,141700,1.1336,1.1349,0.008339214591333171,4211
24/02/2015,1.1338,1.1361,1.129,1.1339,174651.0,419039.0,EC1 Curncy,Future,CME,USD,0.0,6.25,125000.0,141738,1.1339,1.1351,0.007554634339285221,4212
25/02/2015,1.1342,1.1392,1.1338,1.1362,113495.0,416694.0,EC1 Curncy,Future,CME,USD,0.0,6.25,125000.0,142025,1.1362,1.1374,0.005934433418643378,4213
26/02/2015,1.1365,1.1382,1.1185,1.1199,238671.0,419414.0,EC1 Curncy,Future,CME,USD,0.0,6.25,125000.0,139988,1.1199,1.1211,0.006761944986489791,4214
27/02/2015,1.12,1.1249,1.1177,1.1195,220392.0,423208.0,EC1 Curncy,Future,CME,USD,0.0,6.25,125000.0,139938,1.1195,1.1208,0.007202140885434601,4215
02/03/2015,1.1183,1.1242,1.1161,1.1188,154022.0,422229.0,EC1 Curncy,Future,CME,USD,0.0,6.25,125000.0,139850,1.1188,1.1201,0.007772080373596886,4216
03/03/2015,1.1182,1.1219,1.1156,1.118,156991.0,415904.0,EC1 Curncy,Future,CME,USD,0.0,6.25,125000.0,139750,1.118,1.1193,0.008452528221405275,4217
04/03/2015,1.1181,1.1187,1.1063,1.1075,252913.0,417394.0,EC1 Curncy,Future,CME,USD,0.0,6.25,125000.0,138438,1.1075,1.1087,0.009995904161221375,4218
05/03/2015,1.1082,1.1116,1.0988,1.1028,285354.0,413339.0,EC1 Curncy,Future,CME,USD,0.0,6.25,125000.0,137850,1.1028,1.1041,0.011709089062219725,4219
06/03/2015,1.1034,1.1034,1.084,1.0859,344207.0,389862.0,EC1 Curncy,Future,CME,USD,0.0,6.25,125000.0,135738,1.0859,1.0872,0.014921066762589936,4220
09/03/2015,1.0836,1.0908,1.0824,1.086,191629.0,359412.0,EC1 Curncy,Future,CME,USD,0.0,6.25,125000.0,135750,1.086,1.0873,0.01731322904603123,4221
10/03/2015,1.0853,1.0856,1.0693,1.0698,400721.0,298939.0,EC1 Curncy,Future,CME,USD,0.0,6.25,125000.0,133725,1.0698,1.071,0.020359799442373785,4222
11/03/2015,1.0689,1.073,1.0523,1.0546,530299.0,331082.0,EC1 Curncy,Future,CME,USD,0.0,6.25,125000.0,131825,1.0535,1.0546,0.024442471233497718,4223
12/03/2015,1.0558,1.0696,1.0506,1.061,360793.0,400418.0,EC1 Curncy,Future,CME,USD,0.0,6.25,125000.0,132625,1.0599,1.061,0.026644716799652975,4224
13/03/2015,1.0638,1.0647,1.0473,1.0484,321365.0,437631.0,EC1 Curncy,Future,CME,USD,0.0,6.25,125000.0,131050,1.0472,1.0484,0.02988749627074375,4225
16/03/2015,1.0498,1.0632,1.0491,1.0595,249455.0,442890.0,EC1 Curncy,Future,CME,USD,0.0,6.25,125000.0,132438,1.0602,1.0595,0.03156674040822711,4226
17/03/2015,1.0581,1.0663,1.0563,1.0611,241701.0,447223.0,EC1 Curncy,Future,CME,USD,0.0,6.25,125000.0,132638,1.0611,1.0627,0.032854079909001785,4227
18/03/2015,1.0608,1.1011,1.0591,1.0753,473158.0,449754.0,EC1 Curncy,Future,CME,USD,0.0,6.25,125000.0,134413,1.0753,1.0769,0.0332018538639097,4228
19/03/2015,1.0845,1.0931,1.0625,1.0653,410016.0,454842.0,EC1 Curncy,Future,CME,USD,0.0,6.25,125000.0,133163,1.0653,1.0669,0.033373066985226664,4229
20/03/2015,1.067,1.0894,1.0668,1.0823,321780.0,454665.0,EC1 Curncy,Future,CME,USD,0.0,6.25,125000.0,135288,1.0823,1.0839,0.0326648832846596,4230
23/03/2015,1.0877,1.0984,1.078,1.0954,349418.0,451632.0,EC1 Curncy,Future,CME,USD,0.0,6.25,125000.0,136925,1.0954,1.097,0.03169972239626777,4231
24/03/2015,1.0958,1.1041,1.0903,1.093,362087.0,458482.0,EC1 Curncy,Future,CME,USD,0.0,6.25,125000.0,136625,1.093,1.0946,0.030481861819784694,4232
25/03/2015,1.0934,1.1027,1.0913,1.0972,225909.0,459040.0,EC1 Curncy,Future,CME,USD,0.0,6.25,125000.0,137150,1.0972,1.0988,0.029280706389483158,4233
26/03/2015,1.0983,1.1064,1.0867,1.0882,321355.0,460014.0,EC1 Curncy,Future,CME,USD,0.0,6.25,125000.0,136025,1.0882,1.0898,0.028051266756906473,4234
27/03/2015,1.0888,1.0961,1.0812,1.0916,279856.0,459466.0,EC1 Curncy,Future,CME,USD,0.0,6.25,125000.0,136450,1.0916,1.0932,0.02638068927581562,4235
30/03/2015,1.09,1.0907,1.0821,1.0834,201889.0,456874.0,EC1 Curncy,Future,CME,USD,0.0,6.25,125000.0,135425,1.0834,1.085,0.024970360429927185,4236
31/03/2015,1.0838,1.0857,1.0724,1.0754,229296.0,456318.0,EC1 Curncy,Future,CME,USD,0.0,6.25,125000.0,134425,1.0754,1.077,0.023394302725246622,4237
01/04/2015,1.0752,1.0811,1.0729,1.0775,237236.0,453934.0,EC1 Curncy,Future,CME,USD,0.0,6.25,125000.0,134688,1.0775,1.079,0.021179697039078623,4238
02/04/2015,1.0775,1.0916,1.076,1.0905,225076.0,447273.0,EC1 Curncy,Future,CME,USD,0.0,6.25,125000.0,136313,1.0905,1.092,0.019971583979924077,4239
03/04/2015,1.0893,1.1038,1.0873,1.1003,102669.0,446887.0,EC1 Curncy,Future,CME,USD,0.0,6.25,125000.0,137538,1.1003,1.1018,0.018902956558886845,4240
06/04/2015,1.1007,1.1047,1.092,1.0987,108231.0,440631.0,EC1 Curncy,Future,CME,USD,0.0,6.25,125000.0,137338,1.0987,1.1002,0.017732505933092644,4241
07/04/2015,1.0942,1.0965,1.0813,1.0839,223168.0,437877.0,EC1 Curncy,Future,CME,USD,0.0,6.25,125000.0,135488,1.0839,1.0854,0.016148675900328077,4242
08/04/2015,1.0822,1.0897,1.0772,1.0808,261593.0,434633.0,EC1 Curncy,Future,CME,USD,0.0,6.25,125000.0,135100,1.0808,1.0823,0.015204842430418036,4243
09/04/2015,1.0791,1.0797,1.0645,1.0648,261250.0,441618.0,EC1 Curncy,Future,CME,USD,0.0,6.25,125000.0,133100,1.0648,1.0663,0.014756283407434016,4244
10/04/2015,1.0671,1.0692,1.0577,1.0613,228803.0,447562.0,EC1 Curncy,Future,CME,USD,0.0,6.25,125000.0,132663,1.0613,1.0628,0.015079492697054369,4245
13/04/2015,1.0603,1.0628,1.0529,1.0578,239479.0,449622.0,EC1 Curncy,Future,CME,USD,0.0,6.25,125000.0,132225,1.0578,1.0593,0.015490606831254868,4246
14/04/2015,1.0575,1.0717,1.0539,1.0668,309968.0,449468.0,EC1 Curncy,Future,CME,USD,0.0,6.25,125000.0,133350,1.0668,1.0683,0.015557631567835784,4247
15/04/2015,1.0663,1.0711,1.0579,1.0693,343237.0,449712.0,EC1 Curncy,Future,CME,USD,0.0,6.25,125000.0,133663,1.0693,1.0709,0.014959197839473824,4248
16/04/2015,1.0688,1.0826,1.0633,1.0806,351843.0,455018.0,EC1 Curncy,Future,CME,USD,0.0,6.25,125000.0,135075,1.0806,1.0822,0.014586377206164495,4249
17/04/2015,1.0773,1.0857,1.0742,1.08,302400.0,454102.0,EC1 Curncy,Future,CME,USD,0.0,6.25,125000.0,135000,1.08,1.0815,0.013225984525439927,4250
20/04/2015,1.082,1.0827,1.072,1.0744,182729.0,450561.0,EC1 Curncy,Future,CME,USD,0.0,6.25,125000.0,134300,1.0744,1.0759,0.012623241791783937,4251
21/04/2015,1.0746,1.0789,1.0667,1.0742,212133.0,453208.0,EC1 Curncy,Future,CME,USD,0.0,6.25,125000.0,134275,1.0742,1.0758,0.012074801585692331,4252
22/04/2015,1.0744,1.0809,1.0716,1.0747,219904.0,451252.0,EC1 Curncy,Future,CME,USD,0.0,6.25,125000.0,134338,1.0747,1.0762,0.012085786417682471,4253
23/04/2015,1.0731,1.0853,1.0672,1.0832,277903.0,457000.0,EC1 Curncy,Future,CME,USD,0.0,6.25,125000.0,135400,1.0832,1.0847,0.011683903457342562,4254
24/04/2015,1.083,1.0907,1.0791,1.0875,283322.0,455112.0,EC1 Curncy,Future,CME,USD,0.0,6.25,125000.0,135938,1.0875,1.089,0.011753864612706487,4255
27/04/2015,1.0874,1.0934,1.0826,1.0887,200968.0,451488.0,EC1 Curncy,Future,CME,USD,0.0,6.25,125000.0,136088,1.0887,1.0902,0.01149050767665069,4256
28/04/2015,1.0892,1.0998,1.0867,1.0985,247568.0,451756.0,EC1 Curncy,Future,CME,USD,0.0,6.25,125000.0,137313,1.0985,1.1,0.011779803337372307,4257
29/04/2015,1.0985,1.1195,1.0965,1.1118,457377.0,449759.0,EC1 Curncy,Future,CME,USD,0.0,6.25,125000.0,138975,1.1118,1.1132,0.01291475512739202,4258
30/04/2015,1.1124,1.1273,1.1077,1.1266,445064.0,445075.0,EC1 Curncy,Future,CME,USD,0.0,6.25,125000.0,140825,1.1266,1.128,0.0156969455627677,4259
01/05/2015,1.1224,1.1297,1.1181,1.1198,194427.0,437544.0,EC1 Curncy,Future,CME,USD,0.0,6.25,125000.0,139975,1.1198,1.1213,0.01725478194589801,4260
04/05/2015,1.1199,1.1231,1.1129,1.1145,174738.0,438055.0,EC1 Curncy,Future,CME,USD,0.0,6.25,125000.0,139313,1.1145,1.116,0.018269438962389698,4261
05/05/2015,1.1154,1.1229,1.1072,1.1201,276050.0,443041.0,EC1 Curncy,Future,CME,USD,0.0,6.25,125000.0,140013,1.1201,1.1216,0.019376857330343222,4262
06/05/2015,1.1193,1.1377,1.1181,1.1357,384584.0,442923.0,EC1 Curncy,Future,CME,USD,0.0,6.25,125000.0,141963,1.1357,1.1372,0.021510113900220677,4263
07/05/2015,1.1349,1.1398,1.1243,1.1274,300545.0,440676.0,EC1 Curncy,Future,CME,USD,0.0,6.25,125000.0,140925,1.1274,1.1289,0.022789545848929536,4264
08/05/2015,1.1261,1.1303,1.1184,1.121,329016.0,441997.0,EC1 Curncy,Future,CME,USD,0.0,6.25,125000.0,140125,1.121,1.1225,0.023496891283751944,4265
11/05/2015,1.1206,1.1211,1.1136,1.1161,214954.0,434804.0,EC1 Curncy,Future,CME,USD,0.0,6.25,125000.0,139513,1.1161,1.1175,0.023954279367170612,4266
12/05/2015,1.1157,1.1284,1.1139,1.1225,227594.0,432340.0,EC1 Curncy,Future,CME,USD,0.0,6.25,125000.0,140313,1.1225,1.1239,0.024593533702997012,4267
13/05/2015,1.1224,1.1387,1.1207,1.1365,260784.0,433753.0,EC1 Curncy,Future,CME,USD,0.0,6.25,125000.0,142063,1.1365,1.1379,0.025810222780914566,4268
14/05/2015,1.1357,1.1457,1.1344,1.14,293565.0,429026.0,EC1 Curncy,Future,CME,USD,0.0,6.25,125000.0,142500,1.14,1.1414,0.026332299557775576,4269
15/05/2015,1.1414,1.1472,1.1328,1.1469,284636.0,429277.0,EC1 Curncy,Future,CME,USD,0.0,6.25,125000.0,143363,1.1469,1.1483,0.026712601271068285,4270
18/05/2015,1.145,1.1452,1.1302,1.1308,205989.0,421279.0,EC1 Curncy,Future,CME,USD,0.0,6.25,125000.0,141350,1.1308,1.1322,0.02553142638658743,4271
19/05/2015,1.132,1.1331,1.1122,1.1159,329743.0,419439.0,EC1 Curncy,Future,CME,USD,0.0,6.25,125000.0,139488,1.1159,1.1173,0.024254599563802125,4272
20/05/2015,1.1151,1.1156,1.1066,1.112,296365.0,415458.0,EC1 Curncy,Future,CME,USD,0.0,6.25,125000.0,139000,1.112,1.1134,0.022890596322515975,4273
21/05/2015,1.1095,1.1185,1.1082,1.1134,241783.0,413350.0,EC1 Curncy,Future,CME,USD,0.0,6.25,125000.0,139175,1.1134,1.1148,0.022086464935197503,4274
22/05/2015,1.1111,1.1212,1.1005,1.1134,291161.0,415018.0,EC1 Curncy,Future,CME,USD,0.0,6.25,125000.0,139175,1.1134,1.1148,0.02112966477097312,4275
25/05/2015,1.1111,1.1212,1.1005,1.1043,291161.0,415018.0,EC1 Curncy,Future,CME,USD,0.0,6.25,125000.0,138038,1.1043,1.1057,0.01969716561675047,4276
26/05/2015,1.0987,1.1013,1.0866,1.0874,316539.0,418702.0,EC1 Curncy,Future,CME,USD,0.0,6.25,125000.0,135925,1.0874,1.0889,0.01875649043221292,4277
27/05/2015,1.0876,1.0932,1.0821,1.0892,322754.0,415663.0,EC1 Curncy,Future,CME,USD,0.0,6.25,125000.0,136150,1.0892,1.0907,0.017685905876347566,4278
28/05/2015,1.0902,1.0962,1.0869,1.0957,287380.0,415263.0,EC1 Curncy,Future,CME,USD,0.0,6.25,125000.0,136963,1.0957,1.0971,0.016923591029497538,4279
29/05/2015,1.0959,1.1008,1.0928,1.0983,244226.0,411350.0,EC1 Curncy,Future,CME,USD,0.0,6.25,125000.0,137288,1.0983,1.0997,0.016318649862463716,4280
01/06/2015,1.0982,1.0983,1.0889,1.0935,243563.0,409136.0,EC1 Curncy,Future,CME,USD,0.0,6.25,125000.0,136688,1.0935,1.0949,0.016016114801464382,4281
02/06/2015,1.0924,1.1198,1.0918,1.1169,410264.0,404054.0,EC1 Curncy,Future,CME,USD,0.0,6.25,125000.0,139613,1.1169,1.1183,0.015612770414002419,4282
03/06/2015,1.1154,1.1288,1.1081,1.1252,408010.0,388485.0,EC1 Curncy,Future,CME,USD,0.0,6.25,125000.0,140650,1.1252,1.1265,0.015678575615587012,4283
04/06/2015,1.1271,1.1382,1.1223,1.1246,373181.0,378603.0,EC1 Curncy,Future,CME,USD,0.0,6.25,125000.0,140575,1.1246,1.1259,0.01563218048344547,4284
05/06/2015,1.1228,1.1283,1.105,1.112,341863.0,376046.0,EC1 Curncy,Future,CME,USD,0.0,6.25,125000.0,139000,1.112,1.1134,0.01564855477886105,4285
08/06/2015,1.1102,1.1309,1.1084,1.1278,300374.0,357910.0,EC1 Curncy,Future,CME,USD,0.0,6.25,125000.0,140975,1.1278,1.1291,0.01580192182405922,4286
09/06/2015,1.1283,1.1347,1.1215,1.1282,313215.0,310912.0,EC1 Curncy,Future,CME,USD,0.0,6.25,125000.0,141025,1.1282,1.1295,0.015949120142931948,4287
10/06/2015,1.1293,1.1401,1.1275,1.133,411341.0,232720.0,EC1 Curncy,Future,CME,USD,0.0,6.25,125000.0,141625,1.1317,1.133,0.015828639655184464,4288
11/06/2015,1.1334,1.1345,1.1194,1.1277,376177.0,317392.0,EC1 Curncy,Future,CME,USD,0.0,6.25,125000.0,140963,1.1263,1.1277,0.015836743141620948,4289
12/06/2015,1.1255,1.1312,1.1165,1.1275,318836.0,345300.0,EC1 Curncy,Future,CME,USD,0.0,6.25,125000.0,140938,1.1261,1.1275,0.015953085386020995,4290
15/06/2015,1.1234,1.1309,1.1204,1.1297,203732.0,347009.0,EC1 Curncy,Future,CME,USD,0.0,6.25,125000.0,141213,1.1237,1.1297,0.01613238151463304,4291
16/06/2015,1.1297,1.1344,1.1218,1.1254,189470.0,347733.0,EC1 Curncy,Future,CME,USD,0.0,6.25,125000.0,140675,1.1254,1.1272,0.01617573594411312,4292
17/06/2015,1.126,1.1372,1.122,1.1347,251509.0,344841.0,EC1 Curncy,Future,CME,USD,0.0,6.25,125000.0,141838,1.1347,1.1364,0.016094745519382204,4293
18/06/2015,1.1355,1.145,1.1342,1.1383,269124.0,345535.0,EC1 Curncy,Future,CME,USD,0.0,6.25,125000.0,142288,1.1383,1.14,0.016001862391619947,4294
19/06/2015,1.1382,1.1416,1.1305,1.1366,166165.0,341054.0,EC1 Curncy,Future,CME,USD,0.0,6.25,125000.0,142075,1.1366,1.1383,0.015347936886337834,4295
22/06/2015,1.138,1.1424,1.1324,1.135,205259.0,340902.0,EC1 Curncy,Future,CME,USD,0.0,6.25,125000.0,141875,1.135,1.1367,0.015519786295790565,4296
23/06/2015,1.1353,1.136,1.1146,1.118,272290.0,342517.0,EC1 Curncy,Future,CME,USD,0.0,6.25,125000.0,139750,1.118,1.1197,0.01551459850163736,4297
24/06/2015,1.1179,1.1247,1.1171,1.1218,212678.0,339960.0,EC1 Curncy,Future,CME,USD,0.0,6.25,125000.0,140225,1.1218,1.1235,0.015482772146281585,4298
25/06/2015,1.1215,1.1239,1.1165,1.1214,178446.0,339025.0,EC1 Curncy,Future,CME,USD,0.0,6.25,125000.0,140175,1.1214,1.1231,0.015459847994089006,4299
26/06/2015,1.1211,1.1232,1.1141,1.1172,181984.0,342878.0,EC1 Curncy,Future,CME,USD,0.0,6.25,125000.0,139650,1.1172,1.1189,0.015424987304165616,4300
29/06/2015,1.1001,1.1292,1.0962,1.1265,372837.0,349116.0,EC1 Curncy,Future,CME,USD,0.0,6.25,125000.0,140813,1.1265,1.1282,0.01519418419441024,4301
30/06/2015,1.1242,1.1256,1.1124,1.1156,252875.0,342987.0,EC1 Curncy,Future,CME,USD,0.0,6.25,125000.0,139450,1.1156,1.1173,0.013669397694619178,4302
01/07/2015,1.1144,1.1187,1.1054,1.1059,203073.0,346666.0,EC1 Curncy,Future,CME,USD,0.0,6.25,125000.0,138238,1.1059,1.1076,0.012411385901676054,4303
02/07/2015,1.1064,1.1134,1.1043,1.1059,174067.0,346433.0,EC1 Curncy,Future,CME,USD,0.0,6.25,125000.0,138238,1.1059,1.1076,0.011675105995249915,4304
03/07/2015,1.1064,1.1134,1.1043,1.1096,174067.0,346433.0,EC1 Curncy,Future,CME,USD,0.0,6.25,125000.0,138700,1.1096,1.1113,0.010918905622832277,4305
06/07/2015,1.1096,1.1108,1.0992,1.1058,259881.0,345081.0,EC1 Curncy,Future,CME,USD,0.0,6.25,125000.0,138225,1.1058,1.1075,0.00978435485866676,4306
07/07/2015,1.1066,1.1068,1.0927,1.0986,275390.0,351515.0,EC1 Curncy,Future,CME,USD,0.0,6.25,125000.0,137325,1.0986,1.1003,0.010869452608127028,4307
08/07/2015,1.1008,1.1104,1.0985,1.1071,215436.0,349670.0,EC1 Curncy,Future,CME,USD,0.0,6.25,125000.0,138388,1.1071,1.1088,0.011249151079095835,4308
09/07/2015,1.1084,1.1136,1.1001,1.1022,172849.0,348640.0,EC1 Curncy,Future,CME,USD,0.0,6.25,125000.0,137775,1.1022,1.1039,0.01185572997894523,4309
10/07/2015,1.1053,1.1226,1.1053,1.1138,279930.0,347552.0,EC1 Curncy,Future,CME,USD,0.0,6.25,125000.0,139225,1.1138,1.1154,0.011807579486654342,4310
13/07/2015,1.1142,1.1207,1.1003,1.1007,254149.0,353765.0,EC1 Curncy,Future,CME,USD,0.0,6.25,125000.0,137588,1.1007,1.1023,0.012344300979277823,4311
14/07/2015,1.1015,1.1097,1.0974,1.1018,192394.0,353329.0,EC1 Curncy,Future,CME,USD,0.0,6.25,125000.0,137725,1.1018,1.1034,0.012688804776928554,4312
15/07/2015,1.1018,1.1044,1.0938,1.0957,189823.0,356600.0,EC1 Curncy,Future,CME,USD,0.0,6.25,125000.0,136963,1.0957,1.0973,0.013086284168306898,4313
16/07/2015,1.0953,1.0972,1.0864,1.0883,227379.0,356099.0,EC1 Curncy,Future,CME,USD,0.0,6.25,125000.0,136038,1.0883,1.0899,0.014067168632446565,4314
17/07/2015,1.0884,1.0916,1.0836,1.0857,148275.0,359559.0,EC1 Curncy,Future,CME,USD,0.0,6.25,125000.0,135713,1.0857,1.0873,0.015012054045567219,4315
20/07/2015,1.084,1.0878,1.0817,1.0837,131930.0,359542.0,EC1 Curncy,Future,CME,USD,0.0,6.25,125000.0,135463,1.0837,1.0854,0.015763389018028703,4316
21/07/2015,1.083,1.0977,1.082,1.095,217564.0,361053.0,EC1 Curncy,Future,CME,USD,0.0,6.25,125000.0,136875,1.095,1.0967,0.015843860009492054,4317
22/07/2015,1.0946,1.0975,1.0877,1.0912,176952.0,356018.0,EC1 Curncy,Future,CME,USD,0.0,6.25,125000.0,136400,1.0912,1.0929,0.01547064639891921,4318
23/07/2015,1.0934,1.1026,1.0929,1.1006,240637.0,360103.0,EC1 Curncy,Future,CME,USD,0.0,6.25,125000.0,137575,1.1006,1.1023,0.014271974869199693,4319
24/07/2015,1.0991,1.1003,1.0932,1.0989,164283.0,360631.0,EC1 Curncy,Future,CME,USD,0.0,6.25,125000.0,137363,1.0989,1.1006,0.012986178550048634,4320
27/07/2015,1.0984,1.1137,1.0977,1.1105,221444.0,355777.0,EC1 Curncy,Future,CME,USD,0.0,6.25,125000.0,138813,1.1105,1.1122,0.011537583513619692,4321
28/07/2015,1.11,1.1106,1.1029,1.1049,154264.0,351439.0,EC1 Curncy,Future,CME,USD,0.0,6.25,125000.0,138113,1.1049,1.1066,0.011208734689239098,4322
29/07/2015,1.1069,1.1091,1.0973,1.1015,208069.0,348303.0,EC1 Curncy,Future,CME,USD,0.0,6.25,125000.0,137688,1.1015,1.1032,0.010610186928941934,4323
30/07/2015,1.0988,1.0996,1.0899,1.0924,220858.0,356410.0,EC1 Curncy,Future,CME,USD,0.0,6.25,125000.0,136550,1.0924,1.0941,0.010149666661214262,4324
31/07/2015,1.0938,1.1121,1.0927,1.0971,316797.0,358532.0,EC1 Curncy,Future,CME,USD,0.0,6.25,125000.0,137138,1.0971,1.0988,0.009712148749569757,4325
03/08/2015,1.0987,1.1002,1.0947,1.0954,151855.0,357908.0,EC1 Curncy,Future,CME,USD,0.0,6.25,125000.0,136925,1.0954,1.0971,0.008269103135595205,4326
04/08/2015,1.0959,1.0994,1.0885,1.0897,171599.0,360882.0,EC1 Curncy,Future,CME,USD,0.0,6.25,125000.0,136213,1.0897,1.0914,0.007888123984855349,4327
05/08/2015,1.0896,1.0948,1.0852,1.0901,235601.0,362977.0,EC1 Curncy,Future,CME,USD,0.0,6.25,125000.0,136263,1.0901,1.0918,0.007968172103256847,4328
06/08/2015,1.0906,1.095,1.0879,1.0926,146531.0,361481.0,EC1 Curncy,Future,CME,USD,0.0,6.25,125000.0,136575,1.0926,1.0943,0.007907574427964022,4329
07/08/2015,1.0929,1.0984,1.086,1.0976,263858.0,358391.0,EC1 Curncy,Future,CME,USD,0.0,6.25,125000.0,137200,1.0976,1.0993,0.007536957830172172,4330
10/08/2015,1.0965,1.1047,1.093,1.1024,166160.0,353550.0,EC1 Curncy,Future,CME,USD,0.0,6.25,125000.0,137800,1.1024,1.1041,0.007413163966921358,4331
11/08/2015,1.1022,1.1093,1.0965,1.1035,258539.0,350270.0,EC1 Curncy,Future,CME,USD,0.0,6.25,125000.0,137938,1.1035,1.1052,0.007507633892720572,4332
12/08/2015,1.1046,1.122,1.1028,1.1174,312509.0,353191.0,EC1 Curncy,Future,CME,USD,0.0,6.25,125000.0,139675,1.1174,1.119,0.008287335719867447,4333
13/08/2015,1.1165,1.1193,1.1084,1.1146,198156.0,351075.0,EC1 Curncy,Future,CME,USD,0.0,6.25,125000.0,139325,1.1146,1.1163,0.008891497811605649,4334
14/08/2015,1.1157,1.1193,1.1102,1.1124,170577.0,347978.0,EC1 Curncy,Future,CME,USD,0.0,6.25,125000.0,139050,1.1124,1.1141,0.008795695917158683,4335
17/08/2015,1.1119,1.113,1.1062,1.1085,166997.0,346834.0,EC1 Curncy,Future,CME,USD,0.0,6.25,125000.0,138563,1.1085,1.1102,0.009010919301998,4336
18/08/2015,1.1084,1.1098,1.102,1.1023,156672.0,345281.0,EC1 Curncy,Future,CME,USD,0.0,6.25,125000.0,137788,1.1023,1.104,0.009018268496065086,4337
19/08/2015,1.1031,1.1139,1.1021,1.1134,249642.0,348258.0,EC1 Curncy,Future,CME,USD,0.0,6.25,125000.0,139175,1.1134,1.115,0.00944300093546091,4338
20/08/2015,1.1126,1.1249,1.111,1.1202,247056.0,354840.0,EC1 Curncy,Future,CME,USD,0.0,6.25,125000.0,140025,1.1202,1.1218,0.009993367800718722,4339
21/08/2015,1.124,1.1394,1.1233,1.1358,307585.0,357547.0,EC1 Curncy,Future,CME,USD,0.0,6.25,125000.0,141975,1.1358,1.1374,0.011702909894570238,4340
24/08/2015,1.1381,1.1718,1.1373,1.1603,563021.0,363037.0,EC1 Curncy,Future,CME,USD,0.0,6.25,125000.0,145038,1.1603,1.162,0.01578938778632912,4341
25/08/2015,1.1585,1.1609,1.1398,1.1429,391253.0,357078.0,EC1 Curncy,Future,CME,USD,0.0,6.25,125000.0,142863,1.1429,1.1445,0.017246572606377995,4342
26/08/2015,1.152,1.1564,1.1294,1.1352,350694.0,353131.0,EC1 Curncy,Future,CME,USD,0.0,6.25,125000.0,141900,1.1352,1.1368,0.017715575068294867,4343
27/08/2015,1.1316,1.1367,1.1205,1.1268,268578.0,345863.0,EC1 Curncy,Future,CME,USD,0.0,6.25,125000.0,140850,1.1268,1.1284,0.017934094159831937,4344
28/08/2015,1.125,1.1312,1.1158,1.1185,217756.0,345678.0,EC1 Curncy,Future,CME,USD,0.0,6.25,125000.0,139813,1.1185,1.1202,0.01782685240492687,4345
31/08/2015,1.1181,1.1265,1.1178,1.1239,175893.0,343078.0,EC1 Curncy,Future,CME,USD,0.0,6.25,125000.0,140488,1.1239,1.1256,0.01799803878205559,4346
01/09/2015,1.121,1.1335,1.121,1.1296,245554.0,338743.0,EC1 Curncy,Future,CME,USD,0.0,6.25,125000.0,141200,1.1296,1.1313,0.018269324928242552,4347
02/09/2015,1.1312,1.1314,1.1218,1.124,186568.0,338103.0,EC1 Curncy,Future,CME,USD,0.0,6.25,125000.0,140500,1.124,1.1258,0.018235219585562974,4348
03/09/2015,1.1226,1.1245,1.1088,1.1117,303145.0,341427.0,EC1 Curncy,Future,CME,USD,0.0,6.25,125000.0,138963,1.1117,1.1135,0.017689023903738395,4349
04/09/2015,1.112,1.12,1.109,1.1117,248477.0,333263.0,EC1 Curncy,Future,CME,USD,0.0,6.25,125000.0,138963,1.1117,1.1135,0.01732317811489445,4350
07/09/2015,1.112,1.12,1.109,1.115,248477.0,333263.0,EC1 Curncy,Future,CME,USD,0.0,6.25,125000.0,139375,1.115,1.1168,0.016825166665851675,4351
08/09/2015,1.116,1.1231,1.1122,1.1186,299225.0,288464.0,EC1 Curncy,Future,CME,USD,0.0,6.25,125000.0,139825,1.1186,1.1203,0.015910557291738042,4352
09/09/2015,1.1204,1.1217,1.1132,1.1197,296841.0,214799.0,EC1 Curncy,Future,CME,USD,0.0,6.25,125000.0,139963,1.1197,1.1214,0.014881002430403358,4353
10/09/2015,1.1229,1.1313,1.1189,1.1302,349528.0,270958.0,EC1 Curncy,Future,CME,USD,0.0,6.25,125000.0,141275,1.1285,1.1302,0.014047423251270218,4354
11/09/2015,1.1295,1.1368,1.1272,1.1353,240385.0,306227.0,EC1 Curncy,Future,CME,USD,0.0,6.25,125000.0,141913,1.1336,1.1353,0.013575194289597352,4355
14/09/2015,1.1354,1.1391,1.1302,1.1332,156093.0,310814.0,EC1 Curncy,Future,CME,USD,0.0,6.25,125000.0,141650,1.1296,1.1332,0.013174891523916805,4356
15/09/2015,1.1333,1.1348,1.1276,1.129,153718.0,308914.0,EC1 Curncy,Future,CME,USD,0.0,6.25,125000.0,141125,1.129,1.1313,0.012610541886333346,4357
16/09/2015,1.1282,1.1339,1.1232,1.1294,178441.0,311070.0,EC1 Curncy,Future,CME,USD,0.0,6.25,125000.0,141175,1.1294,1.1317,0.012592766442166886,4358
17/09/2015,1.1307,1.1457,1.1302,1.1413,273089.0,316571.0,EC1 Curncy,Future,CME,USD,0.0,6.25,125000.0,142663,1.1413,1.1435,0.012883422164431196,4359
18/09/2015,1.1433,1.1476,1.1285,1.1368,233620.0,312015.0,EC1 Curncy,Future,CME,USD,0.0,6.25,125000.0,142100,1.1368,1.1389,0.012800772112140353,4360
21/09/2015,1.1304,1.1347,1.1197,1.1206,200427.0,310122.0,EC1 Curncy,Future,CME,USD,0.0,6.25,125000.0,140075,1.1206,1.1228,0.01232628221864214,4361
22/09/2015,1.1205,1.1223,1.1128,1.1147,198403.0,312736.0,EC1 Curncy,Future,CME,USD,0.0,6.25,125000.0,139338,1.1147,1.1169,0.01153087594245453,4362
23/09/2015,1.114,1.1229,1.112,1.1222,223155.0,318270.0,EC1 Curncy,Future,CME,USD,0.0,6.25,125000.0,140275,1.1222,1.1244,0.011225116183523775,4363
24/09/2015,1.1201,1.1311,1.1179,1.1234,244478.0,316721.0,EC1 Curncy,Future,CME,USD,0.0,6.25,125000.0,140425,1.1234,1.1256,0.011156870827742868,4364
25/09/2015,1.1192,1.1227,1.113,1.1203,216443.0,318283.0,EC1 Curncy,Future,CME,USD,0.0,6.25,125000.0,140038,1.1203,1.1225,0.011112324989260531,4365
28/09/2015,1.1206,1.1262,1.116,1.1244,193403.0,319635.0,EC1 Curncy,Future,CME,USD,0.0,6.25,125000.0,140550,1.1244,1.1266,0.008679279924065517,4366
29/09/2015,1.1256,1.1295,1.1207,1.1272,209876.0,319725.0,EC1 Curncy,Future,CME,USD,0.0,6.25,125000.0,140900,1.1272,1.1294,0.007903897772636666,4367
30/09/2015,1.1263,1.1275,1.1171,1.1179,202558.0,320614.0,EC1 Curncy,Future,CME,USD,0.0,6.25,125000.0,139738,1.1179,1.1201,0.007720464148415055,4368
01/10/2015,1.1185,1.1223,1.1148,1.1196,167296.0,323130.0,EC1 Curncy,Future,CME,USD,0.0,6.25,125000.0,139950,1.1196,1.1219,0.007754274090265581,4369
02/10/2015,1.12,1.1331,1.1162,1.1241,295586.0,325683.0,EC1 Curncy,Future,CME,USD,0.0,6.25,125000.0,140513,1.1241,1.1263,0.007671381883356871,4370
05/10/2015,1.1228,1.1301,1.1185,1.1192,167714.0,324670.0,EC1 Curncy,Future,CME,USD,0.0,6.25,125000.0,139900,1.1192,1.1214,0.0077351405934408994,4371
06/10/2015,1.1197,1.1292,1.1184,1.1284,159912.0,334164.0,EC1 Curncy,Future,CME,USD,0.0,6.25,125000.0,141050,1.1284,1.1305,0.007702363273716554,4372
07/10/2015,1.128,1.1296,1.1222,1.1263,184219.0,332729.0,EC1 Curncy,Future,CME,USD,0.0,6.25,125000.0,140788,1.1263,1.1284,0.007717130295666714,4373
08/10/2015,1.125,1.1338,1.1245,1.1284,221962.0,336154.0,EC1 Curncy,Future,CME,USD,0.0,6.25,125000.0,141050,1.1284,1.1304,0.007319908924772178,4374
09/10/2015,1.129,1.1398,1.1278,1.1377,210026.0,342292.0,EC1 Curncy,Future,CME,USD,0.0,6.25,125000.0,142213,1.1377,1.1397,0.007246130001613681,4375
12/10/2015,1.1373,1.1408,1.1365,1.1388,77440.0,341859.0,EC1 Curncy,Future,CME,USD,0.0,6.25,125000.0,142350,1.1388,1.1408,0.007342383809109959,4376
13/10/2015,1.1367,1.1422,1.1355,1.1395,161567.0,346213.0,EC1 Curncy,Future,CME,USD,0.0,6.25,125000.0,142438,1.1395,1.1415,0.007571739122130946,4377
14/10/2015,1.1393,1.15,1.139,1.1489,200428.0,355808.0,EC1 Curncy,Future,CME,USD,0.0,6.25,125000.0,143613,1.1489,1.1509,0.008511586221161584,4378
15/10/2015,1.1492,1.1505,1.1372,1.1394,235481.0,352866.0,EC1 Curncy,Future,CME,USD,0.0,6.25,125000.0,142425,1.1394,1.1413,0.008775201802063126,4379
16/10/2015,1.1389,1.1405,1.1344,1.1386,145002.0,353069.0,EC1 Curncy,Future,CME,USD,0.0,6.25,125000.0,142325,1.1386,1.1406,0.008897261751063139,4380
19/10/2015,1.1369,1.1388,1.1314,1.1336,133877.0,351412.0,EC1 Curncy,Future,CME,USD,0.0,6.25,125000.0,141700,1.1336,1.1356,0.008905163296290397,4381
20/10/2015,1.1339,1.1397,1.1333,1.1346,137131.0,353029.0,EC1 Curncy,Future,CME,USD,0.0,6.25,125000.0,141825,1.1346,1.1366,0.00897042919821916,4382
21/10/2015,1.1355,1.1386,1.1343,1.1346,117257.0,354490.0,EC1 Curncy,Future,CME,USD,0.0,6.25,125000.0,141825,1.1346,1.1366,0.009030227018201784,4383
22/10/2015,1.1347,1.136,1.1109,1.1117,392112.0,366154.0,EC1 Curncy,Future,CME,USD,0.0,6.25,125000.0,138963,1.1117,1.1138,0.009369137277978307,4384
23/10/2015,1.1113,1.1148,1.1004,1.1012,290432.0,372676.0,EC1 Curncy,Future,CME,USD,0.0,6.25,125000.0,137650,1.1012,1.1034,0.01066123507543155,4385
26/10/2015,1.1013,1.1076,1.1011,1.1053,176358.0,375454.0,EC1 Curncy,Future,CME,USD,0.0,6.25,125000.0,138163,1.1053,1.1075,0.011454293227153555,4386
27/10/2015,1.106,1.1086,1.1037,1.105,159906.0,376102.0,EC1 Curncy,Future,CME,USD,0.0,6.25,125000.0,138125,1.105,1.1073,0.01201756769623614,4387
28/10/2015,1.1051,1.1104,1.0904,1.0909,292325.0,380691.0,EC1 Curncy,Future,CME,USD,0.0,6.25,125000.0,136363,1.0909,1.0932,0.01391231468880336,4388
29/10/2015,1.0932,1.0992,1.0908,1.0981,237228.0,387033.0,EC1 Curncy,Future,CME,USD,0.0,6.25,125000.0,137263,1.0981,1.1004,0.014900450776189083,4389
30/10/2015,1.0992,1.1079,1.0972,1.1009,279028.0,389971.0,EC1 Curncy,Future,CME,USD,0.0,6.25,125000.0,137613,1.1009,1.1033,0.015577294373552352,4390
02/11/2015,1.1037,1.1059,1.1006,1.1017,141480.0,398107.0,EC1 Curncy,Future,CME,USD,0.0,6.25,125000.0,137713,1.1017,1.104,0.016141945359847806,4391
03/11/2015,1.1018,1.1036,1.0942,1.097,168511.0,399700.0,EC1 Curncy,Future,CME,USD,0.0,6.25,125000.0,137125,1.097,1.0994,0.01685581205401627,4392
04/11/2015,1.0967,1.0974,1.0849,1.0865,254062.0,408450.0,EC1 Curncy,Future,CME,USD,0.0,6.25,125000.0,135813,1.0865,1.0889,0.018201419358582868,4393
05/11/2015,1.0872,1.0903,1.0839,1.0891,215243.0,408445.0,EC1 Curncy,Future,CME,USD,0.0,6.25,125000.0,136138,1.0891,1.0915,0.019196397231433914,4394
06/11/2015,1.0887,1.09,1.071,1.075,303479.0,408320.0,EC1 Curncy,Future,CME,USD,0.0,6.25,125000.0,134375,1.075,1.0775,0.02101260891307132,4395
09/11/2015,1.0735,1.0795,1.0723,1.0762,200622.0,406818.0,EC1 Curncy,Future,CME,USD,0.0,6.25,125000.0,134525,1.0762,1.0789,0.02248363256535066,4396
10/11/2015,1.0758,1.0769,1.0679,1.0711,193840.0,410592.0,EC1 Curncy,Future,CME,USD,0.0,6.25,125000.0,133888,1.0711,1.0738,0.02390415723956218,4397
11/11/2015,1.0727,1.0778,1.071,1.0734,173830.0,409996.0,EC1 Curncy,Future,CME,USD,0.0,6.25,125000.0,134175,1.0734,1.0761,0.024941670620343952,4398
12/11/2015,1.0761,1.0835,1.0695,1.0798,281637.0,416316.0,EC1 Curncy,Future,CME,USD,0.0,6.25,125000.0,134975,1.0798,1.0825,0.02536161929636479,4399
13/11/2015,1.0809,1.0821,1.0718,1.0741,229608.0,423401.0,EC1 Curncy,Future,CME,USD,0.0,6.25,125000.0,134263,1.0741,1.0767,0.025483785694707176,4400
16/11/2015,1.074,1.0762,1.0678,1.0681,175399.0,421445.0,EC1 Curncy,Future,CME,USD,0.0,6.25,125000.0,133513,1.0681,1.0707,0.02559175518274945,4401
17/11/2015,1.0687,1.0695,1.0634,1.0652,185069.0,421697.0,EC1 Curncy,Future,CME,USD,0.0,6.25,125000.0,133150,1.0652,1.0679,0.025487022841709193,4402
18/11/2015,1.0648,1.0696,1.062,1.065,196869.0,423828.0,EC1 Curncy,Future,CME,USD,0.0,6.25,125000.0,133125,1.065,1.0678,0.024274765361045846,4403
19/11/2015,1.0662,1.0767,1.0661,1.0736,249315.0,422783.0,EC1 Curncy,Future,CME,USD,0.0,6.25,125000.0,134200,1.0736,1.0763,0.02297834705399521,4404
20/11/2015,1.0731,1.0737,1.0643,1.0656,216641.0,430748.0,EC1 Curncy,Future,CME,USD,0.0,6.25,125000.0,133200,1.0656,1.0684,0.021677655931101145,4405
23/11/2015,1.0644,1.066,1.0596,1.0627,207779.0,429267.0,EC1 Curncy,Future,CME,USD,0.0,6.25,125000.0,132838,1.0627,1.0656,0.02049003985681562,4406
24/11/2015,1.0636,1.0677,1.0622,1.0659,192624.0,426929.0,EC1 Curncy,Future,CME,USD,0.0,6.25,125000.0,133238,1.0659,1.0688,0.018528624701631614,4407
25/11/2015,1.0647,1.0693,1.0568,1.0659,248522.0,431348.0,EC1 Curncy,Future,CME,USD,0.0,6.25,125000.0,133238,1.0659,1.0688,0.015844425938920405,4408
26/11/2015,1.0647,1.0693,1.0568,1.0619,248522.0,431348.0,EC1 Curncy,Future,CME,USD,0.0,6.25,125000.0,132738,1.0619,1.0647,0.015170577883981528,4409
27/11/2015,1.0647,1.0641,1.057,1.0602,159550.0,437350.0,EC1 Curncy,Future,CME,USD,0.0,6.25,125000.0,132525,1.0602,1.0632,0.015085658752624265,4410
30/11/2015,1.0592,1.0598,1.056,1.0576,179370.0,437116.0,EC1 Curncy,Future,CME,USD,0.0,6.25,125000.0,132200,1.0576,1.0606,0.014647696064591329,4411
01/12/2015,1.0572,1.064,1.0566,1.0634,218300.0,437664.0,EC1 Curncy,Future,CME,USD,0.0,6.25,125000.0,132925,1.0634,1.0664,0.013692092608533494,4412
02/12/2015,1.0627,1.0634,1.0553,1.0619,260714.0,439496.0,EC1 Curncy,Future,CME,USD,0.0,6.25,125000.0,132738,1.0619,1.0649,0.013565841907796698,4413
03/12/2015,1.0609,1.0984,1.049,1.0974,750906.0,433429.0,EC1 Curncy,Future,CME,USD,0.0,6.25,125000.0,137175,1.0974,1.1001,0.013515507143056079,4414
04/12/2015,1.0933,1.0959,1.0837,1.0875,439242.0,410290.0,EC1 Curncy,Future,CME,USD,0.0,6.25,125000.0,135938,1.0875,1.0901,0.012657959287894859,4415
07/12/2015,1.0875,1.0889,1.0797,1.0847,226990.0,370792.0,EC1 Curncy,Future,CME,USD,0.0,6.25,125000.0,135588,1.0847,1.0873,0.01150235917833131,4416
08/12/2015,1.0833,1.0904,1.0831,1.0889,225011.0,337559.0,EC1 Curncy,Future,CME,USD,0.0,6.25,125000.0,136113,1.0889,1.0914,0.01090097549154868,4417
09/12/2015,1.0918,1.107,1.0905,1.1053,446556.0,270488.0,EC1 Curncy,Future,CME,USD,0.0,6.25,125000.0,138163,1.1027,1.1053,0.012425310190655443,4418
10/12/2015,1.1047,1.1048,1.0954,1.0965,373583.0,357950.0,EC1 Curncy,Future,CME,USD,0.0,6.25,125000.0,137063,1.0937,1.0965,0.012889895267249867,4419
11/12/2015,1.097,1.106,1.0954,1.102,282255.0,401628.0,EC1 Curncy,Future,CME,USD,0.0,6.25,125000.0,137750,1.0992,1.102,0.014065503901412943,4420
14/12/2015,1.1001,1.1077,1.0973,1.1027,225101.0,404734.0,EC1 Curncy,Future,CME,USD,0.0,6.25,125000.0,137838,1.102,1.1027,0.015122022571975013,4421
15/12/2015,1.1027,1.1088,1.0933,1.0946,220146.0,401556.0,EC1 Curncy,Future,CME,USD,0.0,6.25,125000.0,136825,1.0946,1.0976,0.015528631620353681,4422
16/12/2015,1.096,1.104,1.0915,1.1008,291916.0,398251.0,EC1 Curncy,Future,CME,USD,0.0,6.25,125000.0,137600,1.1008,1.1038,0.01621879362552304,4423
17/12/2015,1.0922,1.0922,1.0828,1.083,225946.0,401670.0,EC1 Curncy,Future,CME,USD,0.0,6.25,125000.0,135375,1.083,1.086,0.01624576867989444,4424
18/12/2015,1.086,1.09,1.083,1.0891,192169.0,403677.0,EC1 Curncy,Future,CME,USD,0.0,6.25,125000.0,136138,1.0891,1.0921,0.016365359757751573,4425
21/12/2015,1.0887,1.0965,1.0874,1.0952,135047.0,403320.0,EC1 Curncy,Future,CME,USD,0.0,6.25,125000.0,136900,1.0952,1.0982,0.016525204991183203,4426
22/12/2015,1.0938,1.1011,1.0928,1.0979,139730.0,403017.0,EC1 Curncy,Future,CME,USD,0.0,6.25,125000.0,137238,1.0979,1.101,0.01661007525571802,4427
23/12/2015,1.0979,1.098,1.0893,1.0936,119343.0,400444.0,EC1 Curncy,Future,CME,USD,0.0,6.25,125000.0,136700,1.0936,1.0967,0.016433798505943176,4428
24/12/2015,1.0932,1.0991,1.0928,1.0936,51303.0,399769.0,EC1 Curncy,Future,CME,USD,0.0,6.25,125000.0,136700,1.0936,1.0967,0.016478563853299447,4429
25/12/2015,1.0932,1.0991,1.0928,1.0976,51303.0,399769.0,EC1 Curncy,Future,CME,USD,0.0,6.25,125000.0,137200,1.0976,1.1007,0.016303181693581286,4430
28/12/2015,1.0986,1.1016,1.0978,1.0999,71560.0,397653.0,EC1 Curncy,Future,CME,USD,0.0,6.25,125000.0,137488,1.0999,1.103,0.015933917701993833,4431
29/12/2015,1.0996,1.1014,1.0921,1.0961,111073.0,396907.0,EC1 Curncy,Future,CME,USD,0.0,6.25,125000.0,137013,1.0961,1.0992,0.015494459224743408,4432
30/12/2015,1.0945,1.0964,1.0922,1.0944,97167.0,395583.0,EC1 Curncy,Future,CME,USD,0.0,6.25,125000.0,136800,1.0944,1.0975,0.014907624447484141,4433
31/12/2015,1.0948,1.0958,1.0871,1.0944,85614.0,396631.0,EC1 Curncy,Future,CME,USD,0.0,6.25,125000.0,136800,1.0944,1.0975,0.013898612640615725,4434
01/01/2016,1.0948,1.0958,1.0871,1.0886,85614.0,396631.0,EC1 Curncy,Future,CME,USD,0.0,6.25,125000.0,136075,1.0886,1.0917,0.012490587122597855,4435
04/01/2016,1.0884,1.0966,1.0799,1.0846,257251.0,402525.0,EC1 Curncy,Future,CME,USD,0.0,6.25,125000.0,135575,1.0846,1.0877,0.010524816704684161,4436
05/01/2016,1.0849,1.0857,1.0728,1.0763,187776.0,403243.0,EC1 Curncy,Future,CME,USD,0.0,6.25,125000.0,134538,1.0763,1.0794,0.009324916442906835,4437
06/01/2016,1.077,1.0818,1.0732,1.0806,190337.0,401245.0,EC1 Curncy,Future,CME,USD,0.0,6.25,125000.0,135075,1.0806,1.0837,0.007322870566509766,4438
07/01/2016,1.0796,1.0959,1.0788,1.0952,289122.0,401175.0,EC1 Curncy,Future,CME,USD,0.0,6.25,125000.0,136900,1.0952,1.0984,0.007281041592189204,4439
08/01/2016,1.0941,1.095,1.0812,1.092,291114.0,397580.0,EC1 Curncy,Future,CME,USD,0.0,6.25,125000.0,136500,1.092,1.0952,0.007196496832986697,4440
11/01/2016,1.096,1.0988,1.0865,1.089,163839.0,394996.0,EC1 Curncy,Future,CME,USD,0.0,6.25,125000.0,136119,1.089,1.0921,0.007036883780044463,4441
12/01/2016,1.0879,1.0918,1.0837,1.0872,162441.0,394352.0,EC1 Curncy,Future,CME,USD,0.0,6.25,125000.0,135894,1.0872,1.0903,0.007088953848572209,4442
13/01/2016,1.0867,1.0905,1.0821,1.0894,179786.0,396759.0,EC1 Curncy,Future,CME,USD,0.0,6.25,125000.0,136175,1.0894,1.0926,0.006659111552391337,4443
14/01/2016,1.0897,1.096,1.085,1.0878,228696.0,394603.0,EC1 Curncy,Future,CME,USD,0.0,6.25,125000.0,135975,1.0878,1.091,0.006672598194646099,4444
15/01/2016,1.088,1.1001,1.087,1.0878,272693.0,399166.0,EC1 Curncy,Future,CME,USD,0.0,6.25,125000.0,135975,1.0878,1.091,0.006404756045356597,4445
18/01/2016,1.088,1.1001,1.087,1.0925,272693.0,399166.0,EC1 Curncy,Future,CME,USD,0.0,6.25,125000.0,136556,1.0925,1.0956,0.005982900634352439,4446
19/01/2016,1.093,1.0954,1.0875,1.094,225962.0,395625.0,EC1 Curncy,Future,CME,USD,0.0,6.25,125000.0,136744,1.094,1.0971,0.005970083751551144,4447
20/01/2016,1.0929,1.0991,1.0892,1.0906,201616.0,394803.0,EC1 Curncy,Future,CME,USD,0.0,6.25,125000.0,136325,1.0906,1.0938,0.005627068508605363,4448
21/01/2016,1.0904,1.0936,1.0789,1.0891,307024.0,393900.0,EC1 Curncy,Future,CME,USD,0.0,6.25,125000.0,136131,1.0891,1.0923,0.005401774399880367,4449
22/01/2016,1.0885,1.089,1.0801,1.0804,180415.0,394092.0,EC1 Curncy,Future,CME,USD,0.0,6.25,125000.0,135044,1.0804,1.0836,0.00579894530645062,4450
25/01/2016,1.0808,1.089,1.0801,1.0849,107098.0,393958.0,EC1 Curncy,Future,CME,USD,0.0,6.25,125000.0,135613,1.0849,1.0882,0.005832595191439999,4451
26/01/2016,1.0863,1.0887,1.0831,1.0865,156060.0,397131.0,EC1 Curncy,Future,CME,USD,0.0,6.25,125000.0,135813,1.0865,1.0898,0.005656639167139137,4452
27/01/2016,1.088,1.093,1.0863,1.0918,192258.0,400433.0,EC1 Curncy,Future,CME,USD,0.0,6.25,125000.0,136469,1.0918,1.095,0.0056181639943324166,4453
28/01/2016,1.0915,1.098,1.0881,1.0967,193550.0,409955.0,EC1 Curncy,Future,CME,USD,0.0,6.25,125000.0,137088,1.0967,1.0998,0.0057390823889548965,4454
29/01/2016,1.095,1.096,1.0821,1.0839,277993.0,398989.0,EC1 Curncy,Future,CME,USD,0.0,6.25,125000.0,135481,1.0839,1.087,0.0056257680957551535,4455
01/02/2016,1.0841,1.0925,1.0825,1.0904,164237.0,398260.0,EC1 Curncy,Future,CME,USD,0.0,6.25,125000.0,136294,1.0904,1.0935,0.005187060824836427,4456
02/02/2016,1.0898,1.0951,1.0897,1.0927,152546.0,399147.0,EC1 Curncy,Future,CME,USD,0.0,6.25,125000.0,136588,1.0927,1.0958,0.005034606902948871,4457
03/02/2016,1.0936,1.1157,1.0914,1.1103,339401.0,414643.0,EC1 Curncy,Future,CME,USD,0.0,6.25,125000.0,138788,1.1103,1.1134,0.006545018461946107,4458
04/02/2016,1.1096,1.125,1.108,1.1222,309206.0,425820.0,EC1 Curncy,Future,CME,USD,0.0,6.25,125000.0,140275,1.1222,1.1253,0.009229120579297177,4459
05/02/2016,1.1213,1.127,1.1119,1.1155,282285.0,427940.0,EC1 Curncy,Future,CME,USD,0.0,6.25,125000.0,139431,1.1155,1.1186,0.010472944507978532,4460
08/02/2016,1.1157,1.1226,1.1096,1.1222,213136.0,425697.0,EC1 Curncy,Future,CME,USD,0.0,6.25,125000.0,140269,1.1222,1.1253,0.012005172496352778,4461
09/02/2016,1.1209,1.1349,1.1172,1.1296,277498.0,430268.0,EC1 Curncy,Future,CME,USD,0.0,6.25,125000.0,141200,1.1296,1.1329,0.013523064248430031,4462
10/02/2016,1.1297,1.1321,1.117,1.129,266681.0,426637.0,EC1 Curncy,Future,CME,USD,0.0,6.25,125000.0,141119,1.129,1.1322,0.01474170727337294,4463
11/02/2016,1.1289,1.1386,1.1283,1.1332,338708.0,424138.0,EC1 Curncy,Future,CME,USD,0.0,6.25,125000.0,141650,1.1332,1.1365,0.016390727053239684,4464
12/02/2016,1.1324,1.1342,1.1222,1.1332,219133.0,421757.0,EC1 Curncy,Future,CME,USD,0.0,6.25,125000.0,141650,1.1332,1.1365,0.017702694710141024,4465
15/02/2016,1.1324,1.1342,1.1222,1.1264,219133.0,421757.0,EC1 Curncy,Future,CME,USD,0.0,6.25,125000.0,140800,1.1264,1.1296,0.018270694203207174,4466
16/02/2016,1.1252,1.1254,1.1132,1.1152,252501.0,418916.0,EC1 Curncy,Future,CME,USD,0.0,6.25,125000.0,139394,1.1152,1.1183,0.01819057264996803,4467
17/02/2016,1.1148,1.1187,1.1113,1.1146,172728.0,415031.0,EC1 Curncy,Future,CME,USD,0.0,6.25,125000.0,139325,1.1146,1.1178,0.018102854286928226,4468
18/02/2016,1.1136,1.1156,1.1077,1.1104,179893.0,412072.0,EC1 Curncy,Future,CME,USD,0.0,6.25,125000.0,138794,1.1104,1.1135,0.017821225173008753,4469
19/02/2016,1.1117,1.1145,1.1065,1.1142,171382.0,413436.0,EC1 Curncy,Future,CME,USD,0.0,6.25,125000.0,139269,1.1142,1.1173,0.017544277319601145,4470
22/02/2016,1.1122,1.1131,1.1009,1.1031,157685.0,408724.0,EC1 Curncy,Future,CME,USD,0.0,6.25,125000.0,137888,1.1031,1.1063,0.01733172620755745,4471
23/02/2016,1.1033,1.1059,1.0996,1.1015,158570.0,409947.0,EC1 Curncy,Future,CME,USD,0.0,6.25,125000.0,137681,1.1015,1.1046,0.01717225184225211,4472
24/02/2016,1.1025,1.1052,1.0962,1.1019,244186.0,408587.0,EC1 Curncy,Future,CME,USD,0.0,6.25,125000.0,137738,1.1019,1.1051,0.016876884586135163,4473
25/02/2016,1.1022,1.1055,1.0992,1.1045,166637.0,408626.0,EC1 Curncy,Future,CME,USD,0.0,6.25,125000.0,138063,1.1045,1.1077,0.016466443655721606,4474
26/02/2016,1.1024,1.1073,1.0916,1.0932,240182.0,405835.0,EC1 Curncy,Future,CME,USD,0.0,6.25,125000.0,136644,1.0932,1.0963,0.015763900744011607,4475
29/02/2016,1.0923,1.0967,1.0863,1.0885,193760.0,405036.0,EC1 Curncy,Future,CME,USD,0.0,6.25,125000.0,136063,1.0885,1.0918,0.015556470250897157,4476
01/03/2016,1.0887,1.0898,1.0838,1.087,194223.0,401050.0,EC1 Curncy,Future,CME,USD,0.0,6.25,125000.0,135869,1.087,1.0902,0.015527398365482274,4477
02/03/2016,1.0872,1.0884,1.0829,1.0867,160507.0,401945.0,EC1 Curncy,Future,CME,USD,0.0,6.25,125000.0,135838,1.0867,1.09,0.015786573409083543,4478
03/03/2016,1.087,1.0976,1.0856,1.0959,184961.0,400559.0,EC1 Curncy,Future,CME,USD,0.0,6.25,125000.0,136981,1.0959,1.0992,0.015811739309778153,4479
04/03/2016,1.0954,1.1046,1.0905,1.1001,331761.0,385977.0,EC1 Curncy,Future,CME,USD,0.0,6.25,125000.0,137506,1.1001,1.1033,0.015089317413335102,4480
07/03/2016,1.0996,1.1028,1.0942,1.1019,159325.0,371847.0,EC1 Curncy,Future,CME,USD,0.0,6.25,125000.0,137731,1.1019,1.1051,0.01467265029458006,4481
08/03/2016,1.1018,1.106,1.0994,1.1005,210371.0,326591.0,EC1 Curncy,Future,CME,USD,0.0,6.25,125000.0,137563,1.1005,1.1037,0.014384619100519745,4482
09/03/2016,1.1008,1.1037,1.0947,1.1004,312900.0,217104.0,EC1 Curncy,Future,CME,USD,0.0,6.25,125000.0,137550,1.1004,1.1036,0.014501260864733148,4483
10/03/2016,1.1033,1.125,1.0853,1.1231,605825.0,291656.0,EC1 Curncy,Future,CME,USD,0.0,6.25,125000.0,140381,1.1201,1.1231,0.014535861400929799,4484
11/03/2016,1.1212,1.1241,1.1112,1.1188,295404.0,320279.0,EC1 Curncy,Future,CME,USD,0.0,6.25,125000.0,139844,1.1157,1.1188,0.014609571063759525,4485
14/03/2016,1.1179,1.1207,1.1109,1.1124,155915.0,319762.0,EC1 Curncy,Future,CME,USD,0.0,6.25,125000.0,139050,1.1108,1.1124,0.014381623691377013,4486
15/03/2016,1.1134,1.1156,1.1103,1.1139,132907.0,319801.0,EC1 Curncy,Future,CME,USD,0.0,6.25,125000.0,139231,1.1139,1.1178,0.013775149122013731,4487
16/03/2016,1.1136,1.1274,1.1088,1.1225,229317.0,321603.0,EC1 Curncy,Future,CME,USD,0.0,6.25,125000.0,140306,1.1225,1.1263,0.013426754385692694,4488
17/03/2016,1.1244,1.1372,1.1234,1.1348,255304.0,324749.0,EC1 Curncy,Future,CME,USD,0.0,6.25,125000.0,141844,1.1348,1.1386,0.013554467898091171,4489
18/03/2016,1.1344,1.1365,1.1284,1.1296,153487.0,321909.0,EC1 Curncy,Future,CME,USD,0.0,6.25,125000.0,141200,1.1296,1.1335,0.013294299530264286,4490
21/03/2016,1.1298,1.1313,1.1262,1.128,118079.0,322982.0,EC1 Curncy,Future,CME,USD,0.0,6.25,125000.0,141000,1.128,1.1319,0.013389856857601249,4491
22/03/2016,1.1269,1.1289,1.1216,1.1247,157210.0,321066.0,EC1 Curncy,Future,CME,USD,0.0,6.25,125000.0,140581,1.1247,1.1286,0.013729995144465558,4492
23/03/2016,1.1242,1.125,1.1185,1.1208,133451.0,320078.0,EC1 Curncy,Future,CME,USD,0.0,6.25,125000.0,140100,1.1208,1.1247,0.013899936450707686,4493
24/03/2016,1.1208,1.1214,1.117,1.1208,117045.0,319542.0,EC1 Curncy,Future,CME,USD,0.0,6.25,125000.0,140100,1.1208,1.1247,0.014105912471975776,4494
25/03/2016,1.1208,1.1214,1.117,1.1197,117045.0,319542.0,EC1 Curncy,Future,CME,USD,0.0,6.25,125000.0,139963,1.1197,1.1236,0.014230264696543996,4495
28/03/2016,1.1186,1.1246,1.1179,1.1228,72723.0,321313.0,EC1 Curncy,Future,CME,USD,0.0,6.25,125000.0,140344,1.1228,1.1266,0.01441275476792574,4496
29/03/2016,1.1223,1.133,1.1195,1.1322,231419.0,327100.0,EC1 Curncy,Future,CME,USD,0.0,6.25,125000.0,141525,1.1322,1.136,0.014942286750483964,4497
30/03/2016,1.1317,1.1392,1.1311,1.136,213624.0,332859.0,EC1 Curncy,Future,CME,USD,0.0,6.25,125000.0,142000,1.136,1.1398,0.015582766121595457,4498
31/03/2016,1.136,1.1438,1.1335,1.1412,231438.0,339434.0,EC1 Curncy,Future,CME,USD,0.0,6.25,125000.0,142650,1.1412,1.145,0.01647606850354974,4499
01/04/2016,1.1405,1.1463,1.1359,1.1417,276466.0,335407.0,EC1 Curncy,Future,CME,USD,0.0,6.25,125000.0,142706,1.1417,1.1455,0.01675097012116951,4500
04/04/2016,1.142,1.1438,1.1381,1.142,131739.0,334910.0,EC1 Curncy,Future,CME,USD,0.0,6.25,125000.0,142744,1.142,1.1458,0.016485372303963765,4501
05/04/2016,1.1414,1.1429,1.1359,1.1409,182079.0,335028.0,EC1 Curncy,Future,CME,USD,0.0,6.25,125000.0,142606,1.1409,1.1446,0.015728532459629234,4502
06/04/2016,1.1406,1.1455,1.1349,1.1429,228244.0,338512.0,EC1 Curncy,Future,CME,USD,0.0,6.25,125000.0,142863,1.1429,1.1466,0.014684472524867598,4503
07/04/2016,1.1417,1.1476,1.1358,1.1401,225764.0,336673.0,EC1 Curncy,Future,CME,USD,0.0,6.25,125000.0,142506,1.1401,1.1437,0.01396607556427035,4504
08/04/2016,1.1394,1.144,1.137,1.1419,157386.0,333819.0,EC1 Curncy,Future,CME,USD,0.0,6.25,125000.0,142738,1.1419,1.1456,0.013418087295397035,4505
11/04/2016,1.143,1.1469,1.1393,1.1433,148089.0,332416.0,EC1 Curncy,Future,CME,USD,0.0,6.25,125000.0,142913,1.1433,1.147,0.012843740369023405,4506
12/04/2016,1.1426,1.1486,1.1367,1.1418,182161.0,329242.0,EC1 Curncy,Future,CME,USD,0.0,6.25,125000.0,142719,1.1418,1.1455,0.01179965112479463,4507
13/04/2016,1.1405,1.1412,1.1288,1.1304,198197.0,330658.0,EC1 Curncy,Future,CME,USD,0.0,6.25,125000.0,141294,1.1304,1.1341,0.010129253016232586,4508
14/04/2016,1.1295,1.1315,1.1253,1.1286,150653.0,333150.0,EC1 Curncy,Future,CME,USD,0.0,6.25,125000.0,141069,1.1286,1.1323,0.010017506343073692,4509
15/04/2016,1.1278,1.1336,1.1264,1.1305,131864.0,336110.0,EC1 Curncy,Future,CME,USD,0.0,6.25,125000.0,141306,1.1305,1.1341,0.009698238671713409,4510
18/04/2016,1.1313,1.1351,1.1293,1.1332,102535.0,339068.0,EC1 Curncy,Future,CME,USD,0.0,6.25,125000.0,141650,1.1332,1.1369,0.008861833895993362,4511
19/04/2016,1.1333,1.1404,1.1322,1.1393,146173.0,340942.0,EC1 Curncy,Future,CME,USD,0.0,6.25,125000.0,142413,1.1393,1.143,0.008103256547020734,4512
20/04/2016,1.1375,1.1406,1.1308,1.1319,144418.0,335281.0,EC1 Curncy,Future,CME,USD,0.0,6.25,125000.0,141488,1.1319,1.1356,0.007799031991225864,4513
21/04/2016,1.1317,1.1417,1.1287,1.1312,255261.0,338050.0,EC1 Curncy,Future,CME,USD,0.0,6.25,125000.0,141394,1.1312,1.1349,0.007808488970355642,4514
22/04/2016,1.1301,1.1325,1.1234,1.1245,152035.0,335047.0,EC1 Curncy,Future,CME,USD,0.0,6.25,125000.0,140556,1.1245,1.1282,0.007977242631396356,4515
25/04/2016,1.1241,1.1295,1.1236,1.1276,109321.0,333197.0,EC1 Curncy,Future,CME,USD,0.0,6.25,125000.0,140950,1.1276,1.1313,0.007988533449065244,4516
26/04/2016,1.1283,1.1357,1.1272,1.1306,162696.0,334842.0,EC1 Curncy,Future,CME,USD,0.0,6.25,125000.0,141319,1.1306,1.1343,0.007812163592767725,4517
27/04/2016,1.1314,1.1378,1.1287,1.1341,180385.0,335155.0,EC1 Curncy,Future,CME,USD,0.0,6.25,125000.0,141763,1.1341,1.1378,0.007355311006351859,4518
28/04/2016,1.1339,1.1383,1.131,1.1364,169940.0,337530.0,EC1 Curncy,Future,CME,USD,0.0,6.25,125000.0,142050,1.1364,1.1401,0.00683495427930248,4519
29/04/2016,1.1366,1.1475,1.1363,1.1465,243008.0,356973.0,EC1 Curncy,Future,CME,USD,0.0,6.25,125000.0,143313,1.1465,1.1502,0.006495182830386362,4520
02/05/2016,1.1474,1.1552,1.1462,1.1537,147983.0,357502.0,EC1 Curncy,Future,CME,USD,0.0,6.25,125000.0,144213,1.1537,1.1574,0.00687422722930621,4521
03/05/2016,1.1543,1.1631,1.1509,1.1521,230491.0,354134.0,EC1 Curncy,Future,CME,USD,0.0,6.25,125000.0,144006,1.1521,1.1558,0.0074364799020410904,4522
04/05/2016,1.1514,1.1544,1.148,1.1515,195794.0,360901.0,EC1 Curncy,Future,CME,USD,0.0,6.25,125000.0,143931,1.1515,1.1552,0.0079196317254522,4523
05/05/2016,1.1499,1.1507,1.1398,1.1411,171211.0,350078.0,EC1 Curncy,Future,CME,USD,0.0,6.25,125000.0,142638,1.1411,1.1448,0.007918139512123773,4524
06/05/2016,1.1417,1.1498,1.1399,1.141,188664.0,342559.0,EC1 Curncy,Future,CME,USD,0.0,6.25,125000.0,142625,1.141,1.1446,0.00790688940103013,4525
09/05/2016,1.141,1.1432,1.1387,1.14,118599.0,339869.0,EC1 Curncy,Future,CME,USD,0.0,6.25,125000.0,142494,1.14,1.1435,0.007877789453062958,4526
10/05/2016,1.1392,1.1422,1.137,1.1381,125704.0,338066.0,EC1 Curncy,Future,CME,USD,0.0,6.25,125000.0,142256,1.1381,1.1416,0.00785774140578094,4527
11/05/2016,1.1383,1.1458,1.138,1.1437,117879.0,340631.0,EC1 Curncy,Future,CME,USD,0.0,6.25,125000.0,142956,1.1437,1.1472,0.00787973561316985,4528
12/05/2016,1.1436,1.144,1.1379,1.1385,129825.0,337027.0,EC1 Curncy,Future,CME,USD,0.0,6.25,125000.0,142306,1.1385,1.142,0.007869508667432239,4529
13/05/2016,1.1385,1.139,1.1292,1.1317,174953.0,339149.0,EC1 Curncy,Future,CME,USD,0.0,6.25,125000.0,141456,1.1317,1.1352,0.007926333746871536,4530
16/05/2016,1.1312,1.1352,1.1311,1.1327,84564.0,336194.0,EC1 Curncy,Future,CME,USD,0.0,6.25,125000.0,141588,1.1327,1.1363,0.007895068080778741,4531
17/05/2016,1.1326,1.1358,1.1305,1.1326,123558.0,337100.0,EC1 Curncy,Future,CME,USD,0.0,6.25,125000.0,141575,1.1326,1.1362,0.007887490095089463,4532
18/05/2016,1.1322,1.1325,1.1223,1.1238,181767.0,341439.0,EC1 Curncy,Future,CME,USD,0.0,6.25,125000.0,140469,1.1238,1.1275,0.008216319127208768,4533
19/05/2016,1.1226,1.1237,1.1187,1.1208,165548.0,340193.0,EC1 Curncy,Future,CME,USD,0.0,6.25,125000.0,140100,1.1208,1.1246,0.008668269723545707,4534
20/05/2016,1.1208,1.1244,1.1203,1.1226,106002.0,338735.0,EC1 Curncy,Future,CME,USD,0.0,6.25,125000.0,140319,1.1226,1.1263,0.009024583092871475,4535
23/05/2016,1.1224,1.1249,1.1194,1.1227,110981.0,335381.0,EC1 Curncy,Future,CME,USD,0.0,6.25,125000.0,140331,1.1227,1.1265,0.009395482957259034,4536
24/05/2016,1.1227,1.1234,1.1139,1.1152,156259.0,335295.0,EC1 Curncy,Future,CME,USD,0.0,6.25,125000.0,139400,1.1152,1.1191,0.010196677563475564,4537
25/05/2016,1.1144,1.1173,1.1135,1.1168,123130.0,336019.0,EC1 Curncy,Future,CME,USD,0.0,6.25,125000.0,139600,1.1168,1.1206,0.010792126759826225,4538
26/05/2016,1.1162,1.1222,1.1155,1.1195,152294.0,334933.0,EC1 Curncy,Future,CME,USD,0.0,6.25,125000.0,139938,1.1195,1.1233,0.011164949619239717,4539
27/05/2016,1.1197,1.1206,1.1116,1.1195,138986.0,336479.0,EC1 Curncy,Future,CME,USD,0.0,6.25,125000.0,139938,1.1195,1.1233,0.011375899964405576,4540
30/05/2016,1.1197,1.1206,1.1116,1.1144,138986.0,336479.0,EC1 Curncy,Future,CME,USD,0.0,6.25,125000.0,139294,1.1144,1.1182,0.011944199429018542,4541
31/05/2016,1.1118,1.1178,1.1103,1.113,210972.0,337252.0,EC1 Curncy,Future,CME,USD,0.0,6.25,125000.0,139125,1.113,1.1169,0.012580043720121658,4542
01/06/2016,1.1135,1.1198,1.1118,1.1187,182534.0,332768.0,EC1 Curncy,Future,CME,USD,0.0,6.25,125000.0,139831,1.1187,1.1226,0.01285113094894157,4543
02/06/2016,1.1191,1.1224,1.1149,1.1153,168309.0,330841.0,EC1 Curncy,Future,CME,USD,0.0,6.25,125000.0,139413,1.1153,1.1193,0.013201546626570583,4544
03/06/2016,1.1156,1.1377,1.114,1.1348,278856.0,324053.0,EC1 Curncy,Future,CME,USD,0.0,6.25,125000.0,141850,1.1348,1.1387,0.012816919806783558,4545
06/06/2016,1.1368,1.1395,1.1328,1.1376,196056.0,302130.0,EC1 Curncy,Future,CME,USD,0.0,6.25,125000.0,142200,1.1376,1.1414,0.011960278703561172,4546
07/06/2016,1.136,1.1383,1.1341,1.1365,174732.0,268489.0,EC1 Curncy,Future,CME,USD,0.0,6.25,125000.0,142056,1.1365,1.1403,0.011109143381326198,4547
08/06/2016,1.1359,1.1413,1.1357,1.1399,233598.0,206064.0,EC1 Curncy,Future,CME,USD,0.0,6.25,125000.0,142488,1.1399,1.1437,0.010340857475738352,4548
09/06/2016,1.1438,1.1454,1.1344,1.1369,270804.0,268405.0,EC1 Curncy,Future,CME,USD,0.0,6.25,125000.0,142113,1.1332,1.1369,0.010158786016721436,4549
10/06/2016,1.1352,1.136,1.1283,1.1298,245913.0,312745.0,EC1 Curncy,Future,CME,USD,0.0,6.25,125000.0,141225,1.1261,1.1298,0.00981429569557617,4550
13/06/2016,1.1285,1.1342,1.1269,1.1332,152536.0,318660.0,EC1 Curncy,Future,CME,USD,0.0,6.25,125000.0,141650,1.1284,1.1332,0.00955295416787605,4551
14/06/2016,1.1326,1.1336,1.1227,1.1242,175765.0,321784.0,EC1 Curncy,Future,CME,USD,0.0,6.25,125000.0,140525,1.1242,1.1281,0.009313756850319757,4552
15/06/2016,1.1245,1.1338,1.1228,1.1303,167165.0,324786.0,EC1 Curncy,Future,CME,USD,0.0,6.25,125000.0,141281,1.1303,1.1341,0.00867486791447277,4553
16/06/2016,1.1299,1.1333,1.1169,1.1276,252019.0,326097.0,EC1 Curncy,Future,CME,USD,0.0,6.25,125000.0,140944,1.1276,1.1314,0.008309707174958235,4554
17/06/2016,1.1268,1.1334,1.1259,1.1307,149148.0,319341.0,EC1 Curncy,Future,CME,USD,0.0,6.25,125000.0,141338,1.1307,1.1346,0.008283511735181284,4555
20/06/2016,1.1354,1.142,1.1338,1.1352,141250.0,315204.0,EC1 Curncy,Future,CME,USD,0.0,6.25,125000.0,141894,1.1352,1.139,0.008382714357546645,4556
21/06/2016,1.1348,1.1386,1.1276,1.1294,145831.0,311866.0,EC1 Curncy,Future,CME,USD,0.0,6.25,125000.0,141175,1.1294,1.1333,0.008302804747004847,4557
22/06/2016,1.1284,1.1375,1.1272,1.1346,128010.0,309492.0,EC1 Curncy,Future,CME,USD,0.0,6.25,125000.0,141825,1.1346,1.1385,0.008466390415453516,4558
23/06/2016,1.1372,1.1458,1.1353,1.1391,159404.0,310422.0,EC1 Curncy,Future,CME,USD,0.0,6.25,125000.0,142381,1.1391,1.1429,0.008751238007669422,4559
24/06/2016,1.145,1.1455,1.0947,1.1156,389173.0,316983.0,EC1 Curncy,Future,CME,USD,0.0,6.25,125000.0,139444,1.1156,1.1193,0.009009393246322425,4560
27/06/2016,1.1087,1.1117,1.1004,1.1036,218422.0,325492.0,EC1 Curncy,Future,CME,USD,0.0,6.25,125000.0,137950,1.1036,1.1072,0.010115296996804047,4561
28/06/2016,1.1056,1.1144,1.1044,1.108,150774.0,331583.0,EC1 Curncy,Future,CME,USD,0.0,6.25,125000.0,138494,1.108,1.1117,0.010531212339211234,4562
29/06/2016,1.1113,1.1162,1.1081,1.1138,156177.0,333838.0,EC1 Curncy,Future,CME,USD,0.0,6.25,125000.0,139225,1.1138,1.1176,0.010654033664934419,4563
30/06/2016,1.1154,1.1185,1.1052,1.1108,220001.0,337469.0,EC1 Curncy,Future,CME,USD,0.0,6.25,125000.0,138844,1.1108,1.1145,0.010999696965533113,4564
01/07/2016,1.1133,1.12,1.1102,1.1108,129733.0,343690.0,EC1 Curncy,Future,CME,USD,0.0,6.25,125000.0,138844,1.1108,1.1145,0.011323689033771683,4565
04/07/2016,1.1133,1.12,1.1102,1.1165,129733.0,343690.0,EC1 Curncy,Future,CME,USD,0.0,6.25,125000.0,139563,1.1165,1.1204,0.011249699255249468,4566
05/07/2016,1.1165,1.1216,1.1092,1.1101,182561.0,355995.0,EC1 Curncy,Future,CME,USD,0.0,6.25,125000.0,138756,1.1101,1.114,0.011393016867079641,4567
06/07/2016,1.1096,1.1143,1.106,1.1134,144979.0,361563.0,EC1 Curncy,Future,CME,USD,0.0,6.25,125000.0,139175,1.1134,1.1173,0.011561643481799187,4568
07/07/2016,1.1127,1.1138,1.1081,1.1084,106400.0,366498.0,EC1 Curncy,Future,CME,USD,0.0,6.25,125000.0,138550,1.1084,1.1123,0.011873735722182458,4569
08/07/2016,1.109,1.115,1.103,1.1078,174158.0,367120.0,EC1 Curncy,Future,CME,USD,0.0,6.25,125000.0,138469,1.1078,1.1117,0.012116831268951495,4570
11/07/2016,1.108,1.1104,1.1043,1.1085,98509.0,367714.0,EC1 Curncy,Future,CME,USD,0.0,6.25,125000.0,138563,1.1085,1.1125,0.012088779921904855,4571
12/07/2016,1.1088,1.1155,1.108,1.1096,144077.0,363621.0,EC1 Curncy,Future,CME,USD,0.0,6.25,125000.0,138700,1.1096,1.1136,0.011958271893000466,4572
13/07/2016,1.109,1.1148,1.107,1.1136,128781.0,363506.0,EC1 Curncy,Future,CME,USD,0.0,6.25,125000.0,139194,1.1136,1.1176,0.011379403909414589,4573
14/07/2016,1.1121,1.1192,1.1115,1.1149,139913.0,361634.0,EC1 Curncy,Future,CME,USD,0.0,6.25,125000.0,139356,1.1149,1.1189,0.010861744795394227,4574
15/07/2016,1.1141,1.1177,1.1052,1.1089,141796.0,370484.0,EC1 Curncy,Future,CME,USD,0.0,6.25,125000.0,138606,1.1089,1.113,0.010814499526112166,4575
18/07/2016,1.108,1.1113,1.1065,1.1096,87018.0,370622.0,EC1 Curncy,Future,CME,USD,0.0,6.25,125000.0,138700,1.1096,1.1138,0.01048880355428052,4576
19/07/2016,1.1101,1.1108,1.1026,1.1042,146873.0,382307.0,EC1 Curncy,Future,CME,USD,0.0,6.25,125000.0,138019,1.1042,1.1083,0.010708952640989708,4577
20/07/2016,1.1045,1.1057,1.1007,1.103,124763.0,382810.0,EC1 Curncy,Future,CME,USD,0.0,6.25,125000.0,137875,1.103,1.1073,0.010645457560244603,4578
21/07/2016,1.1036,1.1086,1.1005,1.1039,171902.0,385053.0,EC1 Curncy,Future,CME,USD,0.0,6.25,125000.0,137981,1.1039,1.1082,0.010578831063353661,4579
22/07/2016,1.1049,1.1066,1.098,1.0987,124231.0,390774.0,EC1 Curncy,Future,CME,USD,0.0,6.25,125000.0,137331,1.0987,1.103,0.010480060432410987,4580
25/07/2016,1.0996,1.1024,1.0976,1.1014,87057.0,391009.0,EC1 Curncy,Future,CME,USD,0.0,6.25,125000.0,137675,1.1014,1.1058,0.009684417036335434,4581
26/07/2016,1.1016,1.1055,1.1003,1.1011,104632.0,392791.0,EC1 Curncy,Future,CME,USD,0.0,6.25,125000.0,137638,1.1011,1.1057,0.009198844130306432,4582
27/07/2016,1.1008,1.1089,1.0984,1.1043,150321.0,390449.0,EC1 Curncy,Future,CME,USD,0.0,6.25,125000.0,138038,1.1043,1.1088,0.007825422246350846,4583
28/07/2016,1.1076,1.1143,1.1075,1.1096,142672.0,381511.0,EC1 Curncy,Future,CME,USD,0.0,6.25,125000.0,138694,1.1096,1.1142,0.0048463457023850106,4584
29/07/2016,1.1098,1.1219,1.1093,1.1202,192318.0,379203.0,EC1 Curncy,Future,CME,USD,0.0,6.25,125000.0,140019,1.1202,1.1246,0.005204991194391302,4585
01/08/2016,1.1206,1.1206,1.1177,1.1191,99659.0,373053.0,EC1 Curncy,Future,CME,USD,0.0,6.25,125000.0,139888,1.1191,1.1236,0.005500827210552293,4586
02/08/2016,1.1185,1.1256,1.1184,1.1248,130517.0,370655.0,EC1 Curncy,Future,CME,USD,0.0,6.25,125000.0,140600,1.1248,1.1293,0.006313279654850322,4587
03/08/2016,1.1244,1.1245,1.1162,1.1167,116852.0,362826.0,EC1 Curncy,Future,CME,USD,0.0,6.25,125000.0,139588,1.1167,1.1213,0.006414143226782468,4588
04/08/2016,1.1169,1.1176,1.1134,1.115,107982.0,358533.0,EC1 Curncy,Future,CME,USD,0.0,6.25,125000.0,139369,1.115,1.1194,0.006490626574813716,4589
05/08/2016,1.1146,1.1181,1.1064,1.111,161721.0,364610.0,EC1 Curncy,Future,CME,USD,0.0,6.25,125000.0,138869,1.111,1.1154,0.0064915663235984855,4590
08/08/2016,1.1104,1.1124,1.1091,1.1101,70983.0,361152.0,EC1 Curncy,Future,CME,USD,0.0,6.25,125000.0,138756,1.1101,1.1145,0.006356406217379968,4591
09/08/2016,1.1105,1.1141,1.1089,1.1126,102809.0,360266.0,EC1 Curncy,Future,CME,USD,0.0,6.25,125000.0,139069,1.1126,1.1171,0.006379046428242957,4592
10/08/2016,1.1132,1.1208,1.1132,1.1192,140949.0,359115.0,EC1 Curncy,Future,CME,USD,0.0,6.25,125000.0,139894,1.1192,1.1237,0.006608587847163516,4593
11/08/2016,1.1199,1.1209,1.1151,1.1159,103011.0,358067.0,EC1 Curncy,Future,CME,USD,0.0,6.25,125000.0,139488,1.1159,1.1204,0.00669092171032324,4594
12/08/2016,1.1155,1.1237,1.1147,1.1178,138571.0,357551.0,EC1 Curncy,Future,CME,USD,0.0,6.25,125000.0,139719,1.1178,1.1222,0.006817509320394912,4595
15/08/2016,1.1185,1.1219,1.1168,1.1197,66849.0,356629.0,EC1 Curncy,Future,CME,USD,0.0,6.25,125000.0,139956,1.1197,1.1241,0.007015071869458476,4596
16/08/2016,1.1197,1.1338,1.1192,1.1291,207887.0,355714.0,EC1 Curncy,Future,CME,USD,0.0,6.25,125000.0,141131,1.1291,1.1334,0.007842367839731886,4597
17/08/2016,1.129,1.1331,1.1254,1.1304,139701.0,354061.0,EC1 Curncy,Future,CME,USD,0.0,6.25,125000.0,141300,1.1304,1.1349,0.00864788606155605,4598
18/08/2016,1.1301,1.138,1.13,1.1367,159275.0,354162.0,EC1 Curncy,Future,CME,USD,0.0,6.25,125000.0,142088,1.1367,1.1411,0.009875390287661955,4599
19/08/2016,1.1366,1.1373,1.1317,1.1336,122551.0,353301.0,EC1 Curncy,Future,CME,USD,0.0,6.25,125000.0,141694,1.1336,1.138,0.010583277690156915,4600
22/08/2016,1.1326,1.1343,1.1283,1.1337,103805.0,354878.0,EC1 Curncy,Future,CME,USD,0.0,6.25,125000.0,141706,1.1337,1.1381,0.011179427534551945,4601
23/08/2016,1.1333,1.1367,1.1315,1.1318,108149.0,352770.0,EC1 Curncy,Future,CME,USD,0.0,6.25,125000.0,141469,1.1318,1.1362,0.011360651389787863,4602
24/08/2016,1.1318,1.1323,1.1257,1.1274,121460.0,350303.0,EC1 Curncy,Future,CME,USD,0.0,6.25,125000.0,140919,1.1274,1.1318,0.011174417210766781,4603
25/08/2016,1.1274,1.1308,1.127,1.1289,103635.0,351007.0,EC1 Curncy,Future,CME,USD,0.0,6.25,125000.0,141113,1.1289,1.1333,0.011000421204069405,4604
26/08/2016,1.1295,1.1352,1.119,1.1197,261824.0,351226.0,EC1 Curncy,Future,CME,USD,0.0,6.25,125000.0,139956,1.1197,1.1241,0.01017635822221944,4605
29/08/2016,1.1197,1.1217,1.1167,1.1196,115729.0,349410.0,EC1 Curncy,Future,CME,USD,0.0,6.25,125000.0,139944,1.1196,1.124,0.009445457462025195,4606
30/08/2016,1.1195,1.1201,1.1141,1.115,129704.0,352769.0,EC1 Curncy,Future,CME,USD,0.0,6.25,125000.0,139369,1.115,1.1194,0.008641869010824935,4607
31/08/2016,1.1151,1.1173,1.1131,1.1167,148992.0,349835.0,EC1 Curncy,Future,CME,USD,0.0,6.25,125000.0,139581,1.1167,1.1212,0.007981463942593438,4608
01/09/2016,1.1165,1.1211,1.1133,1.1205,174294.0,346482.0,EC1 Curncy,Future,CME,USD,0.0,6.25,125000.0,140056,1.1205,1.1249,0.00760021490925853,4609
02/09/2016,1.1203,1.1261,1.1155,1.1205,203258.0,349243.0,EC1 Curncy,Future,CME,USD,0.0,6.25,125000.0,140056,1.1205,1.1249,0.007597806701076012,4610
05/09/2016,1.1203,1.1261,1.1155,1.1165,203258.0,349243.0,EC1 Curncy,Future,CME,USD,0.0,6.25,125000.0,139563,1.1165,1.121,0.007654175331167278,4611
06/09/2016,1.1159,1.1268,1.1144,1.126,267554.0,341376.0,EC1 Curncy,Future,CME,USD,0.0,6.25,125000.0,140744,1.126,1.1304,0.007678046626600365,4612
07/09/2016,1.1256,1.1276,1.1233,1.1248,141988.0,334595.0,EC1 Curncy,Future,CME,USD,0.0,6.25,125000.0,140600,1.1248,1.1291,0.007626178597452762,4613
08/09/2016,1.1243,1.1331,1.1237,1.1262,259421.0,322165.0,EC1 Curncy,Future,CME,USD,0.0,6.25,125000.0,140775,1.1262,1.1304,0.0075206870253705016,4614
09/09/2016,1.1268,1.1288,1.1201,1.1231,188058.0,308392.0,EC1 Curncy,Future,CME,USD,0.0,6.25,125000.0,140388,1.1231,1.1273,0.007126359519434791,4615
12/09/2016,1.1238,1.1273,1.1213,1.1245,183833.0,281576.0,EC1 Curncy,Future,CME,USD,0.0,6.25,125000.0,140563,1.1245,1.1287,0.006601166563588156,4616
13/09/2016,1.1237,1.1263,1.1206,1.1211,225113.0,232219.0,EC1 Curncy,Future,CME,USD,0.0,6.25,125000.0,140131,1.1211,1.1252,0.006219048694687809,4617
14/09/2016,1.1261,1.1318,1.1257,1.1294,296864.0,242703.0,EC1 Curncy,Future,CME,USD,0.0,6.25,125000.0,141169,1.1252,1.1294,0.006229973247686911,4618
15/09/2016,1.1293,1.1342,1.1261,1.1285,248876.0,282131.0,EC1 Curncy,Future,CME,USD,0.0,6.25,125000.0,141063,1.1244,1.1285,0.006024679797872261,4619
16/09/2016,1.1287,1.1293,1.1192,1.1193,216725.0,319324.0,EC1 Curncy,Future,CME,USD,0.0,6.25,125000.0,139913,1.1152,1.1193,0.00595867155219094,4620
19/09/2016,1.1196,1.124,1.1193,1.1219,116856.0,320130.0,EC1 Curncy,Future,CME,USD,0.0,6.25,125000.0,140238,1.1178,1.1219,0.00589445219396076,4621
20/09/2016,1.1218,1.1255,1.1191,1.1199,131280.0,321400.0,EC1 Curncy,Future,CME,USD,0.0,6.25,125000.0,139981,1.1199,1.1243,0.0059147076569253864,4622
21/09/2016,1.1194,1.1238,1.1164,1.1218,183371.0,323301.0,EC1 Curncy,Future,CME,USD,0.0,6.25,125000.0,140219,1.1218,1.1262,0.005814255469696394,4623
22/09/2016,1.1232,1.1299,1.1224,1.1241,164867.0,317362.0,EC1 Curncy,Future,CME,USD,0.0,6.25,125000.0,140513,1.1241,1.1285,0.005207606615989551,4624
23/09/2016,1.1248,1.128,1.1233,1.1272,129823.0,316288.0,EC1 Curncy,Future,CME,USD,0.0,6.25,125000.0,140894,1.1272,1.1316,0.004849766317418474,4625
26/09/2016,1.1266,1.132,1.1261,1.1296,119056.0,318684.0,EC1 Curncy,Future,CME,USD,0.0,6.25,125000.0,141194,1.1296,1.1339,0.004551464965653141,4626
27/09/2016,1.1293,1.13,1.1232,1.1262,170328.0,321556.0,EC1 Curncy,Future,CME,USD,0.0,6.25,125000.0,140775,1.1262,1.1306,0.004246359224901148,4627
28/09/2016,1.126,1.1277,1.1222,1.1255,152461.0,320304.0,EC1 Curncy,Future,CME,USD,0.0,6.25,125000.0,140681,1.1255,1.1298,0.004183399733897101,4628
29/09/2016,1.1256,1.1288,1.1233,1.1252,155508.0,321541.0,EC1 Curncy,Future,CME,USD,0.0,6.25,125000.0,140650,1.1252,1.1296,0.004030851853753101,4629
30/09/2016,1.1254,1.1291,1.1192,1.1277,252917.0,330467.0,EC1 Curncy,Future,CME,USD,0.0,6.25,125000.0,140963,1.1277,1.1322,0.004082454327187143,4630
03/10/2016,1.1277,1.1285,1.1243,1.1255,106821.0,332314.0,EC1 Curncy,Future,CME,USD,0.0,6.25,125000.0,140688,1.1255,1.13,0.004033993059021538,4631
04/10/2016,1.125,1.1276,1.1174,1.1232,254938.0,338324.0,EC1 Curncy,Future,CME,USD,0.0,6.25,125000.0,140400,1.1232,1.1277,0.0036299081715058406,4632
05/10/2016,1.1242,1.1268,1.1224,1.1247,147447.0,337042.0,EC1 Curncy,Future,CME,USD,0.0,6.25,125000.0,140588,1.1247,1.1292,0.0033174638908201864,4633
06/10/2016,1.1241,1.1245,1.1171,1.1173,159827.0,352206.0,EC1 Curncy,Future,CME,USD,0.0,6.25,125000.0,139656,1.1173,1.1217,0.003518441890036487,4634
07/10/2016,1.1178,1.1237,1.1136,1.1211,243699.0,351844.0,EC1 Curncy,Future,CME,USD,0.0,6.25,125000.0,140131,1.1211,1.1255,0.0034956306059941975,4635
10/10/2016,1.1221,1.1232,1.1162,1.1169,88304.0,348707.0,EC1 Curncy,Future,CME,USD,0.0,6.25,125000.0,139613,1.1169,1.1214,0.0034605539055999786,4636
11/10/2016,1.1169,1.1173,1.1078,1.108,186158.0,367641.0,EC1 Curncy,Future,CME,USD,0.0,6.25,125000.0,138500,1.108,1.1124,0.004688009527888009,4637
12/10/2016,1.1086,1.1099,1.1034,1.1041,190172.0,372772.0,EC1 Curncy,Future,CME,USD,0.0,6.25,125000.0,138006,1.1041,1.1084,0.006045108215207986,4638
13/10/2016,1.1035,1.1088,1.1014,1.1084,183857.0,379817.0,EC1 Curncy,Future,CME,USD,0.0,6.25,125000.0,138550,1.1084,1.1128,0.006610516873405619,4639
14/10/2016,1.1082,1.1087,1.0998,1.101,168037.0,388144.0,EC1 Curncy,Future,CME,USD,0.0,6.25,125000.0,137619,1.101,1.1054,0.0077962961291620616,4640
17/10/2016,1.0999,1.1037,1.0992,1.1025,110703.0,391160.0,EC1 Curncy,Future,CME,USD,0.0,6.25,125000.0,137813,1.1025,1.1069,0.008573966410026397,4641
18/10/2016,1.1026,1.1054,1.0997,1.1005,131698.0,401548.0,EC1 Curncy,Future,CME,USD,0.0,6.25,125000.0,137563,1.1005,1.1049,0.009413067158668341,4642
19/10/2016,1.1005,1.1032,1.0981,1.0994,118489.0,404856.0,EC1 Curncy,Future,CME,USD,0.0,6.25,125000.0,137419,1.0994,1.1037,0.009952679706170085,4643
20/10/2016,1.0999,1.1065,1.0941,1.0951,208172.0,415577.0,EC1 Curncy,Future,CME,USD,0.0,6.25,125000.0,136888,1.0951,1.0995,0.010695679813221491,4644
21/10/2016,1.0952,1.0955,1.0884,1.0899,150215.0,420927.0,EC1 Curncy,Future,CME,USD,0.0,6.25,125000.0,136231,1.0899,1.0943,0.011935860533156482,4645
24/10/2016,1.0903,1.0925,1.0884,1.0902,115649.0,428559.0,EC1 Curncy,Future,CME,USD,0.0,6.25,125000.0,136269,1.0902,1.0946,0.012871253500221804,4646
25/10/2016,1.0898,1.0929,1.0875,1.0914,153415.0,436621.0,EC1 Curncy,Future,CME,USD,0.0,6.25,125000.0,136419,1.0914,1.0958,0.013587555581007963,4647
26/10/2016,1.0913,1.097,1.0898,1.0932,161001.0,442440.0,EC1 Curncy,Future,CME,USD,0.0,6.25,125000.0,136644,1.0932,1.0976,0.01401819294109108,4648
27/10/2016,1.0931,1.0965,1.0905,1.0925,151887.0,444315.0,EC1 Curncy,Future,CME,USD,0.0,6.25,125000.0,136563,1.0925,1.097,0.014295719639120349,4649
28/10/2016,1.0919,1.1014,1.0915,1.1003,178627.0,442671.0,EC1 Curncy,Future,CME,USD,0.0,6.25,125000.0,137531,1.1003,1.1047,0.014007744286655818,4650
31/10/2016,1.1003,1.1017,1.0958,1.0987,122256.0,443531.0,EC1 Curncy,Future,CME,USD,0.0,6.25,125000.0,137338,1.0987,1.1032,0.013522111521517183,4651
01/11/2016,1.0997,1.1091,1.0982,1.1082,171880.0,432159.0,EC1 Curncy,Future,CME,USD,0.0,6.25,125000.0,138525,1.1082,1.1127,0.013000673059513218,4652
02/11/2016,1.1079,1.1143,1.1071,1.1116,203584.0,421588.0,EC1 Curncy,Future,CME,USD,0.0,6.25,125000.0,138944,1.1116,1.116,0.012491393036821664,4653
03/11/2016,1.1118,1.1145,1.1078,1.1124,172545.0,420127.0,EC1 Curncy,Future,CME,USD,0.0,6.25,125000.0,139050,1.1124,1.1169,0.011968434874021487,4654
04/11/2016,1.1124,1.1163,1.1099,1.1138,154498.0,412217.0,EC1 Curncy,Future,CME,USD,0.0,6.25,125000.0,139225,1.1138,1.1183,0.01124612822265353,4655
07/11/2016,1.111,1.1129,1.1046,1.1057,151641.0,409463.0,EC1 Curncy,Future,CME,USD,0.0,6.25,125000.0,138206,1.1057,1.1102,0.010486915657159153,4656
08/11/2016,1.1062,1.1085,1.1027,1.1047,126449.0,404930.0,EC1 Curncy,Future,CME,USD,0.0,6.25,125000.0,138088,1.1047,1.1092,0.009793955619005094,4657
09/11/2016,1.103,1.1317,1.092,1.0946,461271.0,403604.0,EC1 Curncy,Future,CME,USD,0.0,6.25,125000.0,136825,1.0946,1.0991,0.00902237958266643,4658
10/11/2016,1.094,1.0969,1.0879,1.0906,237963.0,400394.0,EC1 Curncy,Future,CME,USD,0.0,6.25,125000.0,136325,1.0906,1.0951,0.008870170986724173,4659
11/11/2016,1.0897,1.0938,1.0844,1.0859,187179.0,400650.0,EC1 Curncy,Future,CME,USD,0.0,6.25,125000.0,135738,1.0859,1.0904,0.008531006193120836,4660
14/11/2016,1.085,1.0856,1.0723,1.0739,247721.0,400738.0,EC1 Curncy,Future,CME,USD,0.0,6.25,125000.0,134238,1.0739,1.0784,0.009433401648773227,4661
15/11/2016,1.0759,1.083,1.0728,1.073,213822.0,401390.0,EC1 Curncy,Future,CME,USD,0.0,6.25,125000.0,134125,1.073,1.0776,0.010579495892231977,4662
16/11/2016,1.0735,1.0773,1.068,1.0695,223264.0,403270.0,EC1 Curncy,Future,CME,USD,0.0,6.25,125000.0,133681,1.0695,1.0741,0.011885074673742224,4663
17/11/2016,1.0712,1.0757,1.0631,1.0639,226961.0,405404.0,EC1 Curncy,Future,CME,USD,0.0,6.25,125000.0,132981,1.0639,1.0685,0.013248396129359942,4664
18/11/2016,1.0637,1.0654,1.058,1.0611,246421.0,410744.0,EC1 Curncy,Future,CME,USD,0.0,6.25,125000.0,132638,1.0611,1.0658,0.01475086099183534,4665
21/11/2016,1.0599,1.066,1.059,1.062,181472.0,413757.0,EC1 Curncy,Future,CME,USD,0.0,6.25,125000.0,132750,1.062,1.0667,0.01583702623602232,4666
22/11/2016,1.064,1.0669,1.0594,1.0635,177466.0,419432.0,EC1 Curncy,Future,CME,USD,0.0,6.25,125000.0,132931,1.0635,1.0682,0.016647984863053807,4667
23/11/2016,1.0635,1.0654,1.0537,1.0635,239846.0,429932.0,EC1 Curncy,Future,CME,USD,0.0,6.25,125000.0,132931,1.0635,1.0682,0.017320501339948106,4668
24/11/2016,1.0635,1.0654,1.0537,1.0558,239846.0,429932.0,EC1 Curncy,Future,CME,USD,0.0,6.25,125000.0,131975,1.0558,1.0606,0.018431822120103948,4669
25/11/2016,1.056,1.0637,1.0527,1.0601,247723.0,434571.0,EC1 Curncy,Future,CME,USD,0.0,6.25,125000.0,132506,1.0601,1.0648,0.019171473600130304,4670
28/11/2016,1.0609,1.0695,1.0573,1.0605,209003.0,438644.0,EC1 Curncy,Future,CME,USD,0.0,6.25,125000.0,132556,1.0605,1.0653,0.01978519395913267,4671
29/11/2016,1.0619,1.0663,1.0574,1.0656,195819.0,428368.0,EC1 Curncy,Future,CME,USD,0.0,6.25,125000.0,133200,1.0656,1.0704,0.020076451379676282,4672
30/11/2016,1.0656,1.0675,1.056,1.0605,266875.0,429691.0,EC1 Curncy,Future,CME,USD,0.0,6.25,125000.0,132556,1.0605,1.0652,0.02047161205182712,4673
01/12/2016,1.06,1.0676,1.0591,1.0654,226919.0,415344.0,EC1 Curncy,Future,CME,USD,0.0,6.25,125000.0,133169,1.0654,1.0701,0.020613646774257408,4674
02/12/2016,1.0667,1.0696,1.0631,1.0665,195184.0,411854.0,EC1 Curncy,Future,CME,USD,0.0,6.25,125000.0,133306,1.0665,1.0713,0.020401858575479347,4675
05/12/2016,1.055,1.0802,1.051,1.0775,304739.0,407870.0,EC1 Curncy,Future,CME,USD,0.0,6.25,125000.0,134681,1.0775,1.0822,0.020013514600569236,4676
06/12/2016,1.0767,1.0791,1.0703,1.0722,199821.0,387390.0,EC1 Curncy,Future,CME,USD,0.0,6.25,125000.0,134019,1.0722,1.0769,0.01908289198908816,4677
07/12/2016,1.0724,1.0773,1.0715,1.0764,136627.0,377620.0,EC1 Curncy,Future,CME,USD,0.0,6.25,125000.0,134544,1.0764,1.081,0.017699083780445043,4678
08/12/2016,1.0762,1.0878,1.0601,1.0617,356309.0,365609.0,EC1 Curncy,Future,CME,USD,0.0,6.25,125000.0,132713,1.0617,1.0662,0.016187975990445008,4679
09/12/2016,1.0617,1.0634,1.0534,1.0557,220016.0,340894.0,EC1 Curncy,Future,CME,USD,0.0,6.25,125000.0,131963,1.0557,1.0603,0.014281804274457218,4680
12/12/2016,1.0549,1.0655,1.0528,1.0633,252251.0,291401.0,EC1 Curncy,Future,CME,USD,0.0,6.25,125000.0,132913,1.0633,1.0679,0.012464565776655886,4681
13/12/2016,1.0646,1.067,1.0607,1.0623,209256.0,249214.0,EC1 Curncy,Future,CME,USD,0.0,6.25,125000.0,132788,1.0623,1.0669,0.010212818742504777,4682
14/12/2016,1.0675,1.0718,1.0544,1.0606,391800.0,294026.0,EC1 Curncy,Future,CME,USD,0.0,6.25,125000.0,132575,1.0561,1.0606,0.008702968842140241,4683
15/12/2016,1.0572,1.0575,1.0413,1.0472,355581.0,364102.0,EC1 Curncy,Future,CME,USD,0.0,6.25,125000.0,130894,1.0426,1.0472,0.008071683013304784,4684
16/12/2016,1.0469,1.0521,1.0447,1.0479,215197.0,386429.0,EC1 Curncy,Future,CME,USD,0.0,6.25,125000.0,130981,1.0433,1.0479,0.007553679015372624,4685
19/12/2016,1.0493,1.0526,1.0439,1.0449,154407.0,389160.0,EC1 Curncy,Future,CME,USD,0.0,6.25,125000.0,130613,1.0441,1.0449,0.008109730780608778,4686
20/12/2016,1.0447,1.0464,1.0398,1.0436,148136.0,390756.0,EC1 Curncy,Future,CME,USD,0.0,6.25,125000.0,130444,1.0436,1.0487,0.008627336398562389,4687
21/12/2016,1.0437,1.0497,1.0428,1.0472,119956.0,391985.0,EC1 Curncy,Future,CME,USD,0.0,6.25,125000.0,130894,1.0472,1.0523,0.008887494960184086,4688
22/12/2016,1.047,1.0544,1.0468,1.0479,140543.0,392161.0,EC1 Curncy,Future,CME,USD,0.0,6.25,125000.0,130988,1.0479,1.0531,0.00919250963197577,4689
23/12/2016,1.0479,1.0514,1.0471,1.0479,71023.0,394024.0,EC1 Curncy,Future,CME,USD,0.0,6.25,125000.0,130988,1.0479,1.0531,0.009484167508746876,4690
26/12/2016,1.0479,1.0514,1.0471,1.0491,71023.0,394024.0,EC1 Curncy,Future,CME,USD,0.0,6.25,125000.0,131138,1.0491,1.0543,0.009673827233002077,4691
27/12/2016,1.0499,1.0509,1.0474,1.0502,55644.0,396709.0,EC1 Curncy,Future,CME,USD,0.0,6.25,125000.0,131269,1.0502,1.0554,0.009762556017797906,4692
28/12/2016,1.0501,1.0524,1.0421,1.0458,127199.0,400836.0,EC1 Curncy,Future,CME,USD,0.0,6.25,125000.0,130725,1.0458,1.051,0.009996654440393838,4693
29/12/2016,1.0457,1.0531,1.0451,1.0521,139611.0,397660.0,EC1 Curncy,Future,CME,USD,0.0,6.25,125000.0,131513,1.0521,1.0574,0.010049074584291164,4694
30/12/2016,1.0528,1.0694,1.052,1.0521,175634.0,399691.0,EC1 Curncy,Future,CME,USD,0.0,6.25,125000.0,131513,1.0521,1.0574,0.010082984016020006,4695
02/01/2017,1.0528,1.0694,1.052,1.0574,175634.0,399691.0,EC1 Curncy,Future,CME,USD,0.0,6.25,125000.0,132175,1.0574,1.0627,0.010056714175149301,4696
03/01/2017,1.0501,1.0524,1.0374,1.0446,242830.0,407253.0,EC1 Curncy,Future,CME,USD,0.0,6.25,125000.0,130569,1.0446,1.0499,0.010170914413200668,4697
04/01/2017,1.0442,1.0532,1.0422,1.0499,197711.0,410696.0,EC1 Curncy,Future,CME,USD,0.0,6.25,125000.0,131231,1.0499,1.0553,0.010196416037052201,4698
05/01/2017,1.0516,1.0646,1.0511,1.0622,281509.0,410961.0,EC1 Curncy,Future,CME,USD,0.0,6.25,125000.0,132775,1.0622,1.0677,0.0100874559065863,4699
06/01/2017,1.0635,1.066,1.0554,1.0561,215663.0,408713.0,EC1 Curncy,Future,CME,USD,0.0,6.25,125000.0,132013,1.0561,1.0616,0.009823683966177091,4700
09/01/2017,1.056,1.0612,1.054,1.0607,150749.0,409037.0,EC1 Curncy,Future,CME,USD,0.0,6.25,125000.0,132581,1.0607,1.0661,0.008737228775036649,4701
10/01/2017,1.061,1.0656,1.0579,1.0587,168448.0,405866.0,EC1 Curncy,Future,CME,USD,0.0,6.25,125000.0,132331,1.0587,1.0642,0.00797240030776999,4702
11/01/2017,1.0582,1.0651,1.0481,1.0604,312235.0,407986.0,EC1 Curncy,Future,CME,USD,0.0,6.25,125000.0,132544,1.0604,1.0659,0.006610030257167328,4703
12/01/2017,1.061,1.0711,1.0598,1.0651,251202.0,405508.0,EC1 Curncy,Future,CME,USD,0.0,6.25,125000.0,133138,1.0651,1.0706,0.006824140971629088,4704
13/01/2017,1.0636,1.0702,1.0621,1.0651,185293.0,406791.0,EC1 Curncy,Future,CME,USD,0.0,6.25,125000.0,133138,1.0651,1.0706,0.0072090752990471366,4705
16/01/2017,1.0636,1.0702,1.0621,1.0668,185293.0,406791.0,EC1 Curncy,Future,CME,USD,0.0,6.25,125000.0,133350,1.0668,1.0723,0.007433915522836158,4706
17/01/2017,1.065,1.0745,1.0604,1.0734,313999.0,405473.0,EC1 Curncy,Future,CME,USD,0.0,6.25,125000.0,134175,1.0734,1.0789,0.008247690585895086,4707
18/01/2017,1.0736,1.0737,1.0653,1.0692,166779.0,403616.0,EC1 Curncy,Future,CME,USD,0.0,6.25,125000.0,133644,1.0692,1.0746,0.008689936708668309,4708
19/01/2017,1.0655,1.07,1.0612,1.0682,241553.0,404070.0,EC1 Curncy,Future,CME,USD,0.0,6.25,125000.0,133525,1.0682,1.0737,0.008953770155675075,4709
20/01/2017,1.0683,1.0733,1.0647,1.073,193044.0,408390.0,EC1 Curncy,Future,CME,USD,0.0,6.25,125000.0,134125,1.073,1.0785,0.009463477162261966,4710
23/01/2017,1.0728,1.0793,1.0725,1.0768,195583.0,406311.0,EC1 Curncy,Future,CME,USD,0.0,6.25,125000.0,134600,1.0768,1.0822,0.009976012897645135,4711
24/01/2017,1.079,1.0797,1.0741,1.0743,148585.0,404760.0,EC1 Curncy,Future,CME,USD,0.0,6.25,125000.0,134288,1.0743,1.0797,0.010052144049935026,4712
25/01/2017,1.0752,1.079,1.0732,1.0762,166635.0,404334.0,EC1 Curncy,Future,CME,USD,0.0,6.25,125000.0,134519,1.0762,1.0815,0.010307582969217665,4713
26/01/2017,1.0768,1.0785,1.0677,1.0718,204441.0,395489.0,EC1 Curncy,Future,CME,USD,0.0,6.25,125000.0,133969,1.0718,1.0771,0.010234283886393915,4714
27/01/2017,1.07,1.0744,1.0677,1.0718,175241.0,394256.0,EC1 Curncy,Future,CME,USD,0.0,6.25,125000.0,133969,1.0718,1.0771,0.01006632173805132,4715
30/01/2017,1.0729,1.0759,1.0638,1.0711,206051.0,390539.0,EC1 Curncy,Future,CME,USD,0.0,6.25,125000.0,133888,1.0711,1.0763,0.009847207726082902,4716
31/01/2017,1.0717,1.0829,1.0702,1.0821,294460.0,395477.0,EC1 Curncy,Future,CME,USD,0.0,6.25,125000.0,135263,1.0821,1.0873,0.010191069620045812,4717
01/02/2017,1.0814,1.0824,1.0747,1.0793,213569.0,393744.0,EC1 Curncy,Future,CME,USD,0.0,6.25,125000.0,134913,1.0793,1.0845,0.00986875878723429,4718
02/02/2017,1.0784,1.0844,1.0771,1.0779,191364.0,393876.0,EC1 Curncy,Future,CME,USD,0.0,6.25,125000.0,134731,1.0779,1.083,0.009753491682500623,4719
03/02/2017,1.0778,1.0813,1.0725,1.0782,206821.0,391359.0,EC1 Curncy,Future,CME,USD,0.0,6.25,125000.0,134769,1.0782,1.0832,0.009534731249521596,4720
06/02/2017,1.0798,1.0803,1.072,1.0762,151778.0,393291.0,EC1 Curncy,Future,CME,USD,0.0,6.25,125000.0,134525,1.0762,1.0813,0.009436625456199884,4721
07/02/2017,1.0761,1.0764,1.067,1.0709,176874.0,398054.0,EC1 Curncy,Future,CME,USD,0.0,6.25,125000.0,133856,1.0709,1.0759,0.008039572957186684,4722
08/02/2017,1.0695,1.0728,1.0653,1.0699,190456.0,391573.0,EC1 Curncy,Future,CME,USD,0.0,6.25,125000.0,133731,1.0699,1.0749,0.006935997885470877,4723
09/02/2017,1.0706,1.0721,1.0662,1.067,168986.0,391435.0,EC1 Curncy,Future,CME,USD,0.0,6.25,125000.0,133375,1.067,1.072,0.006769288490473385,4724
10/02/2017,1.0665,1.0679,1.0619,1.0643,176378.0,391794.0,EC1 Curncy,Future,CME,USD,0.0,6.25,125000.0,133031,1.0643,1.0693,0.00622380376730503,4725
13/02/2017,1.0642,1.067,1.0603,1.061,138249.0,396272.0,EC1 Curncy,Future,CME,USD,0.0,6.25,125000.0,132619,1.061,1.066,0.006203904684464471,4726
14/02/2017,1.0606,1.0644,1.0571,1.0583,201934.0,394273.0,EC1 Curncy,Future,CME,USD,0.0,6.25,125000.0,132288,1.0583,1.0634,0.006236700516612949,4727
15/02/2017,1.0589,1.0619,1.0531,1.06,211922.0,394106.0,EC1 Curncy,Future,CME,USD,0.0,6.25,125000.0,132500,1.06,1.0651,0.006264761235188478,4728
16/02/2017,1.0604,1.0689,1.0601,1.0685,207182.0,399410.0,EC1 Curncy,Future,CME,USD,0.0,6.25,125000.0,133563,1.0685,1.0735,0.0061740127416389035,4729
17/02/2017,1.0679,1.0686,1.0614,1.0685,158980.0,399491.0,EC1 Curncy,Future,CME,USD,0.0,6.25,125000.0,133563,1.0685,1.0735,0.006078741646145648,4730
20/02/2017,1.0679,1.0686,1.0614,1.0615,158980.0,399491.0,EC1 Curncy,Future,CME,USD,0.0,6.25,125000.0,132681,1.0615,1.0664,0.006318575788940619,4731
21/02/2017,1.0628,1.0642,1.0534,1.0556,245054.0,404391.0,EC1 Curncy,Future,CME,USD,0.0,6.25,125000.0,131950,1.0556,1.0606,0.006978949300139929,4732
22/02/2017,1.0543,1.0582,1.0502,1.0579,241801.0,402196.0,EC1 Curncy,Future,CME,USD,0.0,6.25,125000.0,132231,1.0579,1.0629,0.007391003540381105,4733
23/02/2017,1.0563,1.0602,1.0544,1.0579,168514.0,403096.0,EC1 Curncy,Future,CME,USD,0.0,6.25,125000.0,132231,1.0579,1.0629,0.007751290215221905,4734
24/02/2017,1.0584,1.0624,1.0562,1.057,207934.0,408007.0,EC1 Curncy,Future,CME,USD,0.0,6.25,125000.0,132119,1.057,1.062,0.008078108276937845,4735
27/02/2017,1.0565,1.0636,1.0557,1.0594,168333.0,409324.0,EC1 Curncy,Future,CME,USD,0.0,6.25,125000.0,132419,1.0594,1.0643,0.008088153889110645,4736
28/02/2017,1.0592,1.0636,1.0571,1.0598,200080.0,413210.0,EC1 Curncy,Future,CME,USD,0.0,6.25,125000.0,132469,1.0598,1.0647,0.008127201240316701,4737
01/03/2017,1.0577,1.0595,1.0518,1.0548,243721.0,411683.0,EC1 Curncy,Future,CME,USD,0.0,6.25,125000.0,131850,1.0548,1.0599,0.008274635943690203,4738
02/03/2017,1.0551,1.0555,1.0498,1.0505,195151.0,406778.0,EC1 Curncy,Future,CME,USD,0.0,6.25,125000.0,131306,1.0505,1.0554,0.008779629832778505,4739
03/03/2017,1.0508,1.0628,1.0506,1.0602,280776.0,384929.0,EC1 Curncy,Future,CME,USD,0.0,6.25,125000.0,132519,1.0602,1.0651,0.008743441351509335,4740
06/03/2017,1.0615,1.0643,1.0577,1.059,207698.0,350188.0,EC1 Curncy,Future,CME,USD,0.0,6.25,125000.0,132369,1.059,1.0639,0.00873305597527498,4741
07/03/2017,1.0583,1.0605,1.056,1.057,201552.0,292332.0,EC1 Curncy,Future,CME,USD,0.0,6.25,125000.0,132119,1.057,1.0619,0.008057361023765251,4742
08/03/2017,1.0617,1.0625,1.0586,1.0599,295448.0,243386.0,EC1 Curncy,Future,CME,USD,0.0,6.25,125000.0,132488,1.055,1.0599,0.007391386879377175,4743
09/03/2017,1.059,1.0666,1.0575,1.0643,402889.0,334243.0,EC1 Curncy,Future,CME,USD,0.0,6.25,125000.0,133031,1.0594,1.0643,0.006706121581607259,4744
10/03/2017,1.0623,1.0749,1.0614,1.0742,366159.0,378096.0,EC1 Curncy,Future,CME,USD,0.0,6.25,125000.0,134269,1.0694,1.0742,0.006349283424185195,4745
13/03/2017,1.0733,1.0763,1.0701,1.0709,171660.0,380314.0,EC1 Curncy,Future,CME,USD,0.0,6.25,125000.0,133856,1.0665,1.0709,0.0059353966450412755,4746
14/03/2017,1.0702,1.0711,1.0649,1.066,159533.0,377732.0,EC1 Curncy,Future,CME,USD,0.0,6.25,125000.0,133250,1.066,1.0712,0.0057032797582298985,4747
15/03/2017,1.0658,1.0791,1.0654,1.0753,229234.0,382433.0,EC1 Curncy,Future,CME,USD,0.0,6.25,125000.0,134413,1.0753,1.0806,0.006112904383403492,4748
16/03/2017,1.0783,1.082,1.0755,1.0798,214522.0,387647.0,EC1 Curncy,Future,CME,USD,0.0,6.25,125000.0,134969,1.0798,1.085,0.007021804136684848,4749
17/03/2017,1.0819,1.0831,1.0777,1.0791,188293.0,394882.0,EC1 Curncy,Future,CME,USD,0.0,6.25,125000.0,134881,1.0791,1.0843,0.007767350470653497,4750
20/03/2017,1.0789,1.0826,1.0774,1.0781,138540.0,393206.0,EC1 Curncy,Future,CME,USD,0.0,6.25,125000.0,134763,1.0781,1.0834,0.0083125407267548,4751
21/03/2017,1.0786,1.0868,1.0767,1.0848,239602.0,403001.0,EC1 Curncy,Future,CME,USD,0.0,6.25,125000.0,135594,1.0848,1.09,0.009229030284955057,4752
22/03/2017,1.0856,1.0872,1.0823,1.0844,199399.0,401161.0,EC1 Curncy,Future,CME,USD,0.0,6.25,125000.0,135550,1.0844,1.0896,0.009961395484600124,4753
23/03/2017,1.084,1.0851,1.0814,1.0831,157681.0,402121.0,EC1 Curncy,Future,CME,USD,0.0,6.25,125000.0,135381,1.0831,1.0882,0.010538975282284714,4754
24/03/2017,1.0829,1.0863,1.0806,1.0851,151210.0,402832.0,EC1 Curncy,Future,CME,USD,0.0,6.25,125000.0,135631,1.0851,1.0901,0.011182697945215966,4755
27/03/2017,1.0873,1.0949,1.0873,1.0911,191949.0,405290.0,EC1 Curncy,Future,CME,USD,0.0,6.25,125000.0,136388,1.0911,1.0961,0.012102614042729096,4756
28/03/2017,1.0907,1.0915,1.0841,1.0851,167224.0,405209.0,EC1 Curncy,Future,CME,USD,0.0,6.25,125000.0,135631,1.0851,1.0901,0.012259225097884028,4757
29/03/2017,1.0855,1.0869,1.0783,1.08,202516.0,403842.0,EC1 Curncy,Future,CME,USD,0.0,6.25,125000.0,134994,1.08,1.085,0.012192946048183674,4758
30/03/2017,1.081,1.081,1.071,1.0729,199350.0,400626.0,EC1 Curncy,Future,CME,USD,0.0,6.25,125000.0,134106,1.0729,1.0779,0.011924887141349157,4759
31/03/2017,1.0721,1.0741,1.0689,1.0722,182770.0,396580.0,EC1 Curncy,Future,CME,USD,0.0,6.25,125000.0,134025,1.0722,1.0772,0.011570364442570981,4760
03/04/2017,1.0699,1.0719,1.068,1.0705,146787.0,396001.0,EC1 Curncy,Future,CME,USD,0.0,6.25,125000.0,133806,1.0705,1.0755,0.01129724450182026,4761
04/04/2017,1.0704,1.0714,1.0673,1.0706,140948.0,393643.0,EC1 Curncy,Future,CME,USD,0.0,6.25,125000.0,133819,1.0706,1.0756,0.011017337851491416,4762
05/04/2017,1.0715,1.0726,1.0668,1.0703,184581.0,394672.0,EC1 Curncy,Future,CME,USD,0.0,6.25,125000.0,133781,1.0703,1.0753,0.010407460465161594,4763
06/04/2017,1.0699,1.0719,1.0664,1.0682,143303.0,397055.0,EC1 Curncy,Future,CME,USD,0.0,6.25,125000.0,133525,1.0682,1.0733,0.009364546616569169,4764
07/04/2017,1.0677,1.0715,1.0615,1.0624,204215.0,409124.0,EC1 Curncy,Future,CME,USD,0.0,6.25,125000.0,132794,1.0624,1.0674,0.009242092115275085,4765
10/04/2017,1.0615,1.0642,1.0605,1.063,132115.0,411909.0,EC1 Curncy,Future,CME,USD,0.0,6.25,125000.0,132869,1.063,1.0681,0.009007345150888182,4766
11/04/2017,1.0628,1.0665,1.0613,1.0642,138806.0,416103.0,EC1 Curncy,Future,CME,USD,0.0,6.25,125000.0,133025,1.0642,1.0693,0.008546734269136188,4767
12/04/2017,1.0637,1.0707,1.0621,1.0627,161555.0,417753.0,EC1 Curncy,Future,CME,USD,0.0,6.25,125000.0,132838,1.0627,1.0678,0.00836773167195824,4768
13/04/2017,1.0698,1.071,1.0641,1.0627,146639.0,427748.0,EC1 Curncy,Future,CME,USD,0.0,6.25,125000.0,132838,1.0627,1.0678,0.008453338590988383,4769
14/04/2017,1.0698,1.071,1.0641,1.0654,146639.0,427748.0,EC1 Curncy,Future,CME,USD,0.0,6.25,125000.0,133175,1.0654,1.0706,0.008637499638238046,4770
17/04/2017,1.0641,1.0703,1.0634,1.0675,80026.0,425715.0,EC1 Curncy,Future,CME,USD,0.0,6.25,125000.0,133431,1.0675,1.0726,0.008713399642728235,4771
18/04/2017,1.0676,1.0768,1.0669,1.0763,182698.0,426574.0,EC1 Curncy,Future,CME,USD,0.0,6.25,125000.0,134531,1.0763,1.0814,0.008572578375294149,4772
19/04/2017,1.0763,1.0768,1.0731,1.0751,129350.0,420720.0,EC1 Curncy,Future,CME,USD,0.0,6.25,125000.0,134381,1.0751,1.0802,0.008571594561917533,4773
20/04/2017,1.0739,1.0807,1.0739,1.075,162009.0,415695.0,EC1 Curncy,Future,CME,USD,0.0,6.25,125000.0,134369,1.075,1.0801,0.008493964523936704,4774
21/04/2017,1.0738,1.0767,1.0712,1.0724,158925.0,413812.0,EC1 Curncy,Future,CME,USD,0.0,6.25,125000.0,134050,1.0724,1.0776,0.00843155185403198,4775
24/04/2017,1.0893,1.0929,1.0849,1.0887,257092.0,411321.0,EC1 Curncy,Future,CME,USD,0.0,6.25,125000.0,136081,1.0887,1.0938,0.008913525303374335,4776
25/04/2017,1.0896,1.0978,1.0879,1.0968,238244.0,405837.0,EC1 Curncy,Future,CME,USD,0.0,6.25,125000.0,137094,1.0968,1.102,0.009790961818631096,4777
26/04/2017,1.0956,1.0979,1.0884,1.0926,242147.0,403164.0,EC1 Curncy,Future,CME,USD,0.0,6.25,125000.0,136569,1.0926,1.0978,0.01025817072714348,4778
27/04/2017,1.0931,1.0959,1.0877,1.0909,246616.0,405860.0,EC1 Curncy,Future,CME,USD,0.0,6.25,125000.0,136356,1.0909,1.0961,0.010628135615771082,4779
28/04/2017,1.0898,1.0973,1.0882,1.0921,224136.0,406907.0,EC1 Curncy,Future,CME,USD,0.0,6.25,125000.0,136513,1.0921,1.0974,0.010984197740415725,4780
01/05/2017,1.0921,1.095,1.091,1.0931,69677.0,407354.0,EC1 Curncy,Future,CME,USD,0.0,6.25,125000.0,136638,1.0931,1.0984,0.011108762307320903,4781
02/05/2017,1.0924,1.0958,1.0913,1.0952,124484.0,404095.0,EC1 Curncy,Future,CME,USD,0.0,6.25,125000.0,136900,1.0952,1.1005,0.011638611028263565,4782
03/05/2017,1.0955,1.0962,1.0907,1.0928,144240.0,401086.0,EC1 Curncy,Future,CME,USD,0.0,6.25,125000.0,136600,1.0928,1.0981,0.012093113742975763,4783
04/05/2017,1.0909,1.101,1.0898,1.1,216954.0,407445.0,EC1 Curncy,Future,CME,USD,0.0,6.25,125000.0,137500,1.1,1.1053,0.012937945483494579,4784
05/05/2017,1.1004,1.1024,1.0968,1.1011,180179.0,412945.0,EC1 Curncy,Future,CME,USD,0.0,6.25,125000.0,137638,1.1011,1.1064,0.01370132840276953,4785
08/05/2017,1.1036,1.1036,1.0938,1.0954,177345.0,409839.0,EC1 Curncy,Future,CME,USD,0.0,6.25,125000.0,136925,1.0954,1.1007,0.013976319257963965,4786
09/05/2017,1.0945,1.0954,1.0884,1.0889,198036.0,411077.0,EC1 Curncy,Future,CME,USD,0.0,6.25,125000.0,136113,1.0889,1.0942,0.013954698133622634,4787
10/05/2017,1.0897,1.0918,1.0873,1.0882,146673.0,409276.0,EC1 Curncy,Future,CME,USD,0.0,6.25,125000.0,136019,1.0882,1.0934,0.01386784410067143,4788
11/05/2017,1.0887,1.0912,1.0858,1.0885,134104.0,408060.0,EC1 Curncy,Future,CME,USD,0.0,6.25,125000.0,136063,1.0885,1.0938,0.01366607722308014,4789
12/05/2017,1.088,1.0953,1.0874,1.0942,175113.0,410595.0,EC1 Curncy,Future,CME,USD,0.0,6.25,125000.0,136775,1.0942,1.0994,0.013235001574128474,4790
15/05/2017,1.095,1.1008,1.0941,1.0996,133125.0,413197.0,EC1 Curncy,Future,CME,USD,0.0,6.25,125000.0,137444,1.0996,1.1048,0.012914955155445768,4791
16/05/2017,1.0997,1.1115,1.0995,1.1113,228579.0,424658.0,EC1 Curncy,Future,CME,USD,0.0,6.25,125000.0,138906,1.1113,1.1165,0.013220123549618013,4792
17/05/2017,1.11,1.118,1.1098,1.1166,241181.0,426501.0,EC1 Curncy,Future,CME,USD,0.0,6.25,125000.0,139575,1.1166,1.1219,0.013541038857259794,4793
18/05/2017,1.1183,1.1188,1.1092,1.112,253933.0,427301.0,EC1 Curncy,Future,CME,USD,0.0,6.25,125000.0,139000,1.112,1.1173,0.013163817835281495,4794
19/05/2017,1.1116,1.1228,1.1114,1.1221,198552.0,433544.0,EC1 Curncy,Future,CME,USD,0.0,6.25,125000.0,140256,1.1221,1.1274,0.013487898279586104,4795
22/05/2017,1.1221,1.1279,1.1176,1.1251,206695.0,436225.0,EC1 Curncy,Future,CME,USD,0.0,6.25,125000.0,140638,1.1251,1.1305,0.013855143449291597,4796
23/05/2017,1.1253,1.1283,1.119,1.1199,243344.0,440353.0,EC1 Curncy,Future,CME,USD,0.0,6.25,125000.0,139981,1.1199,1.1252,0.014097945476809873,4797
24/05/2017,1.1197,1.1236,1.1182,1.1212,193571.0,441410.0,EC1 Curncy,Future,CME,USD,0.0,6.25,125000.0,140150,1.1212,1.1266,0.014114830262307771,4798
25/05/2017,1.1227,1.1263,1.1205,1.1216,146755.0,437199.0,EC1 Curncy,Future,CME,USD,0.0,6.25,125000.0,140200,1.1216,1.127,0.013895782333754417,4799
26/05/2017,1.122,1.1246,1.1173,1.1216,162243.0,439697.0,EC1 Curncy,Future,CME,USD,0.0,6.25,125000.0,140200,1.1216,1.127,0.01316925080128213,4800
29/05/2017,1.122,1.1246,1.1173,1.119,162243.0,439697.0,EC1 Curncy,Future,CME,USD,0.0,6.25,125000.0,139869,1.119,1.1244,0.01321365833776033,4801
30/05/2017,1.1186,1.1217,1.112,1.1199,257785.0,440556.0,EC1 Curncy,Future,CME,USD,0.0,6.25,125000.0,139988,1.1199,1.1253,0.013494464297150061,4802
31/05/2017,1.1194,1.1263,1.1174,1.1256,211806.0,436437.0,EC1 Curncy,Future,CME,USD,0.0,6.25,125000.0,140700,1.1256,1.1311,0.01384888322815419,4803
01/06/2017,1.1251,1.1266,1.121,1.1224,140453.0,426978.0,EC1 Curncy,Future,CME,USD,0.0,6.25,125000.0,140294,1.1224,1.1278,0.013828397111272279,4804
02/06/2017,1.1222,1.1294,1.1213,1.1286,180335.0,430279.0,EC1 Curncy,Future,CME,USD,0.0,6.25,125000.0,141069,1.1286,1.134,0.014060052157336947,4805
05/06/2017,1.1287,1.1291,1.1242,1.1265,111446.0,427432.0,EC1 Curncy,Future,CME,USD,0.0,6.25,125000.0,140806,1.1265,1.1319,0.014077461892461098,4806
06/06/2017,1.1263,1.1292,1.1247,1.1276,156412.0,416255.0,EC1 Curncy,Future,CME,USD,0.0,6.25,125000.0,140944,1.1276,1.133,0.014121506057559399,4807
07/06/2017,1.1285,1.129,1.121,1.1261,262232.0,395708.0,EC1 Curncy,Future,CME,USD,0.0,6.25,125000.0,140756,1.1261,1.1315,0.013843259490946462,4808
08/06/2017,1.1264,1.1274,1.12,1.1228,234545.0,393189.0,EC1 Curncy,Future,CME,USD,0.0,6.25,125000.0,140350,1.1228,1.1283,0.013706984837435038,4809
09/06/2017,1.1208,1.122,1.1171,1.1202,197853.0,379644.0,EC1 Curncy,Future,CME,USD,0.0,6.25,125000.0,140025,1.1202,1.1257,0.013498471518422725,4810
12/06/2017,1.1209,1.1237,1.1196,1.1212,170480.0,361160.0,EC1 Curncy,Future,CME,USD,0.0,6.25,125000.0,140150,1.1212,1.1267,0.012944610204006274,4811
13/06/2017,1.1208,1.1229,1.1189,1.1216,196134.0,326182.0,EC1 Curncy,Future,CME,USD,0.0,6.25,125000.0,140194,1.1216,1.127,0.01172607066896904,4812
14/06/2017,1.1267,1.1354,1.1251,1.1274,495287.0,286567.0,EC1 Curncy,Future,CME,USD,0.0,6.25,125000.0,140919,1.1219,1.1274,0.010251604752443112,4813
15/06/2017,1.1275,1.1285,1.1188,1.1209,238047.0,335561.0,EC1 Curncy,Future,CME,USD,0.0,6.25,125000.0,140106,1.1154,1.1209,0.008128653024967137,4814
16/06/2017,1.1201,1.1257,1.1193,1.1249,188534.0,368874.0,EC1 Curncy,Future,CME,USD,0.0,6.25,125000.0,140606,1.1194,1.1249,0.006187185682276524,4815
19/06/2017,1.1255,1.1268,1.1198,1.1203,138442.0,368374.0,EC1 Curncy,Future,CME,USD,0.0,6.25,125000.0,140038,1.1178,1.1203,0.0042962270269345714,4816
20/06/2017,1.1202,1.1219,1.1173,1.1183,152326.0,373447.0,EC1 Curncy,Future,CME,USD,0.0,6.25,125000.0,139788,1.1183,1.1239,0.003776228277037143,4817
21/06/2017,1.1189,1.1226,1.1181,1.1216,130203.0,373423.0,EC1 Curncy,Future,CME,USD,0.0,6.25,125000.0,140200,1.1216,1.1272,0.0035990600625201087,4818
22/06/2017,1.122,1.1229,1.1191,1.1199,123236.0,371160.0,EC1 Curncy,Future,CME,USD,0.0,6.25,125000.0,139981,1.1199,1.1254,0.002940255091023982,4819
23/06/2017,1.1201,1.1261,1.1196,1.1249,128022.0,376915.0,EC1 Curncy,Future,CME,USD,0.0,6.25,125000.0,140606,1.1249,1.1305,0.0029715147652824934,4820
26/06/2017,1.1244,1.1271,1.1223,1.1232,159251.0,375255.0,EC1 Curncy,Future,CME,USD,0.0,6.25,125000.0,140394,1.1232,1.1288,0.002933331439443148,4821
27/06/2017,1.1235,1.1401,1.123,1.1398,297212.0,393767.0,EC1 Curncy,Future,CME,USD,0.0,6.25,125000.0,142475,1.1398,1.1455,0.004452123089076484,4822
28/06/2017,1.1389,1.1441,1.1341,1.143,382261.0,401888.0,EC1 Curncy,Future,CME,USD,0.0,6.25,125000.0,142875,1.143,1.1487,0.005889119911635057,4823
29/06/2017,1.1425,1.1493,1.1422,1.148,265810.0,407329.0,EC1 Curncy,Future,CME,USD,0.0,6.25,125000.0,143494,1.148,1.1536,0.007516444194804532,4824
30/06/2017,1.1488,1.1491,1.1438,1.1467,206175.0,413755.0,EC1 Curncy,Future,CME,USD,0.0,6.25,125000.0,143338,1.1467,1.1523,0.008586262283454443,4825
03/07/2017,1.1467,1.1472,1.14,1.1467,167970.0,413693.0,EC1 Curncy,Future,CME,USD,0.0,6.25,125000.0,143338,1.1467,1.1523,0.009343281008311078,4826
04/07/2017,1.1467,1.1472,1.14,1.1402,167970.0,413693.0,EC1 Curncy,Future,CME,USD,0.0,6.25,125000.0,142519,1.1402,1.1458,0.009533269813321936,4827
05/07/2017,1.1409,1.1422,1.1356,1.1386,257199.0,417726.0,EC1 Curncy,Future,CME,USD,0.0,6.25,125000.0,142319,1.1386,1.1442,0.009730325448493095,4828
06/07/2017,1.1394,1.1468,1.1372,1.1465,199674.0,419291.0,EC1 Curncy,Future,CME,USD,0.0,6.25,125000.0,143306,1.1465,1.1522,0.01024430736231528,4829
07/07/2017,1.1464,1.1482,1.1422,1.1445,200789.0,418060.0,EC1 Curncy,Future,CME,USD,0.0,6.25,125000.0,143056,1.1445,1.1501,0.010650902935131072,4830
10/07/2017,1.1441,1.146,1.1423,1.1445,128842.0,418969.0,EC1 Curncy,Future,CME,USD,0.0,6.25,125000.0,143056,1.1445,1.1501,0.010975779395267556,4831
11/07/2017,1.144,1.1521,1.1424,1.1518,188681.0,427694.0,EC1 Curncy,Future,CME,USD,0.0,6.25,125000.0,143975,1.1518,1.1575,0.011691096327272917,4832
12/07/2017,1.1506,1.153,1.1432,1.1455,242103.0,425319.0,EC1 Curncy,Future,CME,USD,0.0,6.25,125000.0,143188,1.1455,1.1511,0.011914906629942029,4833
13/07/2017,1.1452,1.1495,1.1409,1.1444,243647.0,424192.0,EC1 Curncy,Future,CME,USD,0.0,6.25,125000.0,143044,1.1444,1.15,0.01193362476367644,4834
14/07/2017,1.1438,1.151,1.1429,1.1504,204314.0,426747.0,EC1 Curncy,Future,CME,USD,0.0,6.25,125000.0,143800,1.1504,1.156,0.012029405637861952,4835
17/07/2017,1.1511,1.1525,1.1473,1.1518,140478.0,422674.0,EC1 Curncy,Future,CME,USD,0.0,6.25,125000.0,143975,1.1518,1.1575,0.012124000989781298,4836
18/07/2017,1.1516,1.1622,1.1509,1.1599,264281.0,437649.0,EC1 Curncy,Future,CME,USD,0.0,6.25,125000.0,144981,1.1599,1.1656,0.012610218079010726,4837
19/07/2017,1.1592,1.1594,1.1547,1.1555,173959.0,437626.0,EC1 Curncy,Future,CME,USD,0.0,6.25,125000.0,144438,1.1555,1.1612,0.012898466317106703,4838
20/07/2017,1.1554,1.1694,1.1514,1.1659,368819.0,443973.0,EC1 Curncy,Future,CME,USD,0.0,6.25,125000.0,145738,1.1659,1.1717,0.013415492288154262,4839
21/07/2017,1.1668,1.1718,1.1654,1.1713,204805.0,438567.0,EC1 Curncy,Future,CME,USD,0.0,6.25,125000.0,146413,1.1713,1.1771,0.01432161885636012,4840
24/07/2017,1.1701,1.1718,1.166,1.1677,165384.0,440435.0,EC1 Curncy,Future,CME,USD,0.0,6.25,125000.0,145963,1.1677,1.1735,0.014393698852860567,4841
25/07/2017,1.1672,1.1746,1.1665,1.1684,223824.0,439453.0,EC1 Curncy,Future,CME,USD,0.0,6.25,125000.0,146044,1.1684,1.1742,0.014089402636976115,4842
26/07/2017,1.168,1.1773,1.1646,1.1736,267201.0,436621.0,EC1 Curncy,Future,CME,USD,0.0,6.25,125000.0,146700,1.1736,1.1794,0.01410968697976036,4843
27/07/2017,1.178,1.1808,1.1681,1.1715,274483.0,436981.0,EC1 Curncy,Future,CME,USD,0.0,6.25,125000.0,146431,1.1715,1.1773,0.013511893526327416,4844
28/07/2017,1.1707,1.1795,1.1701,1.1792,229652.0,439063.0,EC1 Curncy,Future,CME,USD,0.0,6.25,125000.0,147394,1.1792,1.185,0.01357737333458862,4845
31/07/2017,1.1783,1.1876,1.1753,1.1861,241643.0,442965.0,EC1 Curncy,Future,CME,USD,0.0,6.25,125000.0,148256,1.1861,1.1919,0.013701885515022542,4846
01/08/2017,1.1866,1.1869,1.1814,1.1832,213451.0,445698.0,EC1 Curncy,Future,CME,USD,0.0,6.25,125000.0,147894,1.1832,1.189,0.014393415161111292,4847
02/08/2017,1.1834,1.194,1.1823,1.189,260660.0,453281.0,EC1 Curncy,Future,CME,USD,0.0,6.25,125000.0,148619,1.189,1.1948,0.015432403139717603,4848
03/08/2017,1.1882,1.192,1.1858,1.1894,194441.0,456365.0,EC1 Curncy,Future,CME,USD,0.0,6.25,125000.0,148675,1.1894,1.1952,0.016411376135679712,4849
04/08/2017,1.1896,1.1915,1.1754,1.1791,262476.0,454141.0,EC1 Curncy,Future,CME,USD,0.0,6.25,125000.0,147381,1.1791,1.1849,0.016555520730763846,4850
07/08/2017,1.1796,1.184,1.1795,1.182,145226.0,449826.0,EC1 Curncy,Future,CME,USD,0.0,6.25,125000.0,147750,1.182,1.1878,0.016719599277496992,4851
08/08/2017,1.1822,1.1849,1.174,1.1778,187291.0,449298.0,EC1 Curncy,Future,CME,USD,0.0,6.25,125000.0,147219,1.1778,1.1836,0.016248960992426703,4852
09/08/2017,1.1775,1.1788,1.1713,1.1777,207001.0,448194.0,EC1 Curncy,Future,CME,USD,0.0,6.25,125000.0,147213,1.1777,1.1835,0.015495986577177462,4853
10/08/2017,1.1783,1.1809,1.1727,1.1792,183782.0,445482.0,EC1 Curncy,Future,CME,USD,0.0,6.25,125000.0,147400,1.1792,1.185,0.015133717322589908,4854
11/08/2017,1.1795,1.187,1.177,1.1846,216624.0,451621.0,EC1 Curncy,Future,CME,USD,0.0,6.25,125000.0,148069,1.1846,1.1905,0.014705016150961897,4855
14/08/2017,1.1846,1.186,1.1792,1.1805,143809.0,446852.0,EC1 Curncy,Future,CME,USD,0.0,6.25,125000.0,147563,1.1805,1.1864,0.013929734383685987,4856
15/08/2017,1.1798,1.1814,1.1708,1.1755,191384.0,450732.0,EC1 Curncy,Future,CME,USD,0.0,6.25,125000.0,146931,1.1755,1.1813,0.01339162424801559,4857
16/08/2017,1.1757,1.1799,1.1702,1.1789,227828.0,451858.0,EC1 Curncy,Future,CME,USD,0.0,6.25,125000.0,147356,1.1789,1.1846,0.012304554712247803,4858
17/08/2017,1.1789,1.1809,1.168,1.1759,249368.0,450026.0,EC1 Curncy,Future,CME,USD,0.0,6.25,125000.0,146988,1.1759,1.1817,0.010782813485667554,4859
18/08/2017,1.1744,1.1793,1.1726,1.1777,163095.0,447453.0,EC1 Curncy,Future,CME,USD,0.0,6.25,125000.0,147206,1.1777,1.1834,0.009592578728719886,4860
21/08/2017,1.1777,1.1846,1.1748,1.1828,144246.0,455614.0,EC1 Curncy,Future,CME,USD,0.0,6.25,125000.0,147844,1.1828,1.1886,0.008358402957504332,4861
22/08/2017,1.1829,1.1841,1.1762,1.1768,143913.0,451525.0,EC1 Curncy,Future,CME,USD,0.0,6.25,125000.0,147100,1.1768,1.1826,0.007610164255784121,4862
23/08/2017,1.1781,1.1839,1.1756,1.1836,159410.0,450585.0,EC1 Curncy,Future,CME,USD,0.0,6.25,125000.0,147944,1.1836,1.1893,0.006224981927685395,4863
24/08/2017,1.1823,1.1832,1.1798,1.1818,114770.0,449424.0,EC1 Curncy,Future,CME,USD,0.0,6.25,125000.0,147725,1.1818,1.1876,0.00569544554885806,4864
25/08/2017,1.1814,1.1955,1.1787,1.1892,244695.0,457607.0,EC1 Curncy,Future,CME,USD,0.0,6.25,125000.0,148650,1.1892,1.1951,0.005819802402144285,4865
28/08/2017,1.1957,1.1997,1.193,1.1993,151146.0,452541.0,EC1 Curncy,Future,CME,USD,0.0,6.25,125000.0,149913,1.1993,1.2052,0.006507644223014425,4866
29/08/2017,1.1991,1.2083,1.1958,1.2003,287421.0,453258.0,EC1 Curncy,Future,CME,USD,0.0,6.25,125000.0,150038,1.2003,1.2062,0.007056398987207407,4867
30/08/2017,1.1982,1.1996,1.1892,1.1903,242905.0,452686.0,EC1 Curncy,Future,CME,USD,0.0,6.25,125000.0,148781,1.1903,1.1961,0.0069997666627771155,4868
31/08/2017,1.1903,1.1923,1.1832,1.1912,252044.0,447703.0,EC1 Curncy,Future,CME,USD,0.0,6.25,125000.0,148900,1.1912,1.197,0.006773298064211889,4869
01/09/2017,1.1928,1.199,1.1858,1.1912,273582.0,449341.0,EC1 Curncy,Future,CME,USD,0.0,6.25,125000.0,148900,1.1912,1.197,0.00686975739503622,4870
04/09/2017,1.1928,1.199,1.1858,1.1876,273582.0,449341.0,EC1 Curncy,Future,CME,USD,0.0,6.25,125000.0,148444,1.1876,1.1934,0.006894241558478687,4871
05/09/2017,1.189,1.1949,1.1876,1.1927,251429.0,444906.0,EC1 Curncy,Future,CME,USD,0.0,6.25,125000.0,149081,1.1927,1.1985,0.007096588382219537,4872
06/09/2017,1.1923,1.1958,1.191,1.1919,190153.0,441717.0,EC1 Curncy,Future,CME,USD,0.0,6.25,125000.0,148981,1.1919,1.1976,0.007195137246778977,4873
07/09/2017,1.1926,1.2065,1.192,1.2011,382340.0,414297.0,EC1 Curncy,Future,CME,USD,0.0,6.25,125000.0,150131,1.2011,1.2068,0.007864324510088875,4874
08/09/2017,1.2025,1.2098,1.202,1.2033,239632.0,398098.0,EC1 Curncy,Future,CME,USD,0.0,6.25,125000.0,150406,1.2033,1.209,0.008548473547948852,4875
11/09/2017,1.2029,1.2034,1.1951,1.1967,226746.0,352121.0,EC1 Curncy,Future,CME,USD,0.0,6.25,125000.0,149588,1.1967,1.2025,0.00875659180274947,4876
12/09/2017,1.1959,1.1982,1.193,1.1974,248358.0,302292.0,EC1 Curncy,Future,CME,USD,0.0,6.25,125000.0,149669,1.1974,1.2031,0.008803470906408236,4877
13/09/2017,1.2027,1.2056,1.1933,1.1934,368890.0,305166.0,EC1 Curncy,Future,CME,USD,0.0,6.25,125000.0,149169,1.1877,1.1934,0.008634508285554367,4878
14/09/2017,1.1947,1.1981,1.1895,1.1972,296129.0,372933.0,EC1 Curncy,Future,CME,USD,0.0,6.25,125000.0,149644,1.1915,1.1972,0.008610501340415903,4879
15/09/2017,1.1974,1.2046,1.1959,1.1998,254934.0,414274.0,EC1 Curncy,Future,CME,USD,0.0,6.25,125000.0,149969,1.1941,1.1998,0.00883270815397529,4880
18/09/2017,1.1995,1.2027,1.1972,1.201,161099.0,417069.0,EC1 Curncy,Future,CME,USD,0.0,6.25,125000.0,150119,1.1961,1.201,0.008918934913988612,4881
19/09/2017,1.2011,1.2065,1.2008,1.2055,199854.0,423516.0,EC1 Curncy,Future,CME,USD,0.0,6.25,125000.0,150688,1.2055,1.212,0.008867773113919874,4882
20/09/2017,1.2055,1.2093,1.1918,1.1947,265602.0,424256.0,EC1 Curncy,Future,CME,USD,0.0,6.25,125000.0,149331,1.1947,1.2011,0.008490017667823655,4883
21/09/2017,1.1948,1.2009,1.192,1.1986,214016.0,424338.0,EC1 Curncy,Future,CME,USD,0.0,6.25,125000.0,149825,1.1986,1.2052,0.007877472098752294,4884
22/09/2017,1.1995,1.206,1.1991,1.1998,214218.0,425178.0,EC1 Curncy,Future,CME,USD,0.0,6.25,125000.0,149969,1.1998,1.2064,0.0073079477283263675,4885
25/09/2017,1.1971,1.1991,1.1886,1.19,243300.0,423674.0,EC1 Curncy,Future,CME,USD,0.0,6.25,125000.0,148750,1.19,1.1966,0.006987624775268728,4886
26/09/2017,1.1901,1.1916,1.1811,1.1853,268602.0,421832.0,EC1 Curncy,Future,CME,USD,0.0,6.25,125000.0,148163,1.1853,1.1919,0.0062776508345039304,4887
27/09/2017,1.1846,1.1849,1.1771,1.1811,253130.0,422452.0,EC1 Curncy,Future,CME,USD,0.0,6.25,125000.0,147638,1.1811,1.1877,0.006475574620573448,4888
28/09/2017,1.1796,1.1854,1.177,1.1841,230338.0,422669.0,EC1 Curncy,Future,CME,USD,0.0,6.25,125000.0,148013,1.1841,1.1907,0.006302904092555112,4889
29/09/2017,1.1834,1.1882,1.1821,1.1865,216250.0,423458.0,EC1 Curncy,Future,CME,USD,0.0,6.25,125000.0,148306,1.1865,1.193,0.006419696254492765,4890
02/10/2017,1.1857,1.1864,1.1779,1.1792,201079.0,422026.0,EC1 Curncy,Future,CME,USD,0.0,6.25,125000.0,147400,1.1792,1.1858,0.007011804332691574,4891
03/10/2017,1.178,1.1821,1.1743,1.1797,185388.0,422974.0,EC1 Curncy,Future,CME,USD,0.0,6.25,125000.0,147456,1.1797,1.1862,0.0073912966837100325,4892
04/10/2017,1.1785,1.1835,1.1782,1.1811,178739.0,423618.0,EC1 Curncy,Future,CME,USD,0.0,6.25,125000.0,147631,1.1811,1.1876,0.007740288538977381,4893
05/10/2017,1.1802,1.1823,1.1743,1.175,198310.0,422902.0,EC1 Curncy,Future,CME,USD,0.0,6.25,125000.0,146869,1.175,1.1816,0.008487347445853008,4894
06/10/2017,1.1756,1.1783,1.1712,1.1778,241916.0,427425.0,EC1 Curncy,Future,CME,USD,0.0,6.25,125000.0,147219,1.1778,1.1844,0.008935229898178161,4895
09/10/2017,1.1779,1.18,1.1762,1.1793,106731.0,426436.0,EC1 Curncy,Future,CME,USD,0.0,6.25,125000.0,147413,1.1793,1.186,0.009224845075481315,4896
10/10/2017,1.1783,1.187,1.1782,1.1848,233749.0,434621.0,EC1 Curncy,Future,CME,USD,0.0,6.25,125000.0,148094,1.1848,1.1914,0.009295228166464414,4897
11/10/2017,1.185,1.1913,1.1838,1.1897,226345.0,437850.0,EC1 Curncy,Future,CME,USD,0.0,6.25,125000.0,148713,1.1897,1.1964,0.009292545399403072,4898
12/10/2017,1.1901,1.1921,1.1868,1.1875,170802.0,435595.0,EC1 Curncy,Future,CME,USD,0.0,6.25,125000.0,148438,1.1875,1.1943,0.009039819319726645,4899
13/10/2017,1.1873,1.1915,1.1845,1.1858,221071.0,432734.0,EC1 Curncy,Future,CME,USD,0.0,6.25,125000.0,148225,1.1858,1.1925,0.008630469280402621,4900
16/10/2017,1.1851,1.1859,1.1819,1.1831,153482.0,432699.0,EC1 Curncy,Future,CME,USD,0.0,6.25,125000.0,147888,1.1831,1.1898,0.00856905673533029,4901
17/10/2017,1.1836,1.1836,1.1774,1.1809,181596.0,430712.0,EC1 Curncy,Future,CME,USD,0.0,6.25,125000.0,147613,1.1809,1.1876,0.00850592342625495,4902
18/10/2017,1.1804,1.1843,1.1767,1.1841,190602.0,430754.0,EC1 Curncy,Future,CME,USD,0.0,6.25,125000.0,148013,1.1841,1.1908,0.00846482329014107,4903
19/10/2017,1.1828,1.1895,1.1804,1.1866,224515.0,433543.0,EC1 Curncy,Future,CME,USD,0.0,6.25,125000.0,148319,1.1866,1.1933,0.008229469403713113,4904
20/10/2017,1.1883,1.1894,1.1798,1.1815,207750.0,430428.0,EC1 Curncy,Future,CME,USD,0.0,6.25,125000.0,147681,1.1815,1.1882,0.00787183375501885,4905
23/10/2017,1.1808,1.1812,1.176,1.1773,175171.0,427669.0,EC1 Curncy,Future,CME,USD,0.0,6.25,125000.0,147156,1.1773,1.184,0.0074707206256598305,4906
24/10/2017,1.1784,1.1828,1.1777,1.1821,176374.0,428548.0,EC1 Curncy,Future,CME,USD,0.0,6.25,125000.0,147756,1.1821,1.1888,0.0062314578283628125,4907
25/10/2017,1.1796,1.1852,1.1787,1.184,208971.0,429345.0,EC1 Curncy,Future,CME,USD,0.0,6.25,125000.0,147994,1.184,1.1907,0.005867387266350593,4908
26/10/2017,1.1847,1.1869,1.1671,1.1691,391391.0,428029.0,EC1 Curncy,Future,CME,USD,0.0,6.25,125000.0,146131,1.1691,1.1758,0.005816046767350322,4909
27/10/2017,1.1684,1.1686,1.1604,1.1629,331026.0,424738.0,EC1 Curncy,Future,CME,USD,0.0,6.25,125000.0,145363,1.1629,1.1696,0.00605640157189189,4910
30/10/2017,1.1633,1.1689,1.1624,1.1669,210053.0,423384.0,EC1 Curncy,Future,CME,USD,0.0,6.25,125000.0,145863,1.1669,1.1735,0.0064605649907743794,4911
31/10/2017,1.168,1.1692,1.1652,1.1681,175146.0,423996.0,EC1 Curncy,Future,CME,USD,0.0,6.25,125000.0,146013,1.1681,1.1747,0.006845346351112549,4912
01/11/2017,1.1676,1.1686,1.1635,1.1647,185442.0,424276.0,EC1 Curncy,Future,CME,USD,0.0,6.25,125000.0,145588,1.1647,1.1713,0.0074843458854705475,4913
02/11/2017,1.1651,1.1715,1.164,1.1688,220965.0,429224.0,EC1 Curncy,Future,CME,USD,0.0,6.25,125000.0,146100,1.1688,1.1755,0.007695669778087095,4914
03/11/2017,1.1684,1.1723,1.1625,1.1634,231121.0,426649.0,EC1 Curncy,Future,CME,USD,0.0,6.25,125000.0,145425,1.1634,1.1701,0.008091707689565153,4915
06/11/2017,1.164,1.165,1.1606,1.1633,172355.0,427940.0,EC1 Curncy,Future,CME,USD,0.0,6.25,125000.0,145406,1.1633,1.1699,0.008581860715099681,4916
07/11/2017,1.1636,1.1641,1.1579,1.1612,203388.0,429096.0,EC1 Curncy,Future,CME,USD,0.0,6.25,125000.0,145150,1.1612,1.168,0.009128526715743442,4917
08/11/2017,1.1616,1.1636,1.1603,1.162,149685.0,429667.0,EC1 Curncy,Future,CME,USD,0.0,6.25,125000.0,145244,1.162,1.1688,0.009506729195682703,4918
09/11/2017,1.1618,1.1678,1.1609,1.167,242010.0,437372.0,EC1 Curncy,Future,CME,USD,0.0,6.25,125000.0,145875,1.167,1.1738,0.009661016164637182,4919
10/11/2017,1.1664,1.17,1.1645,1.1687,185189.0,440174.0,EC1 Curncy,Future,CME,USD,0.0,6.25,125000.0,146088,1.1687,1.1756,0.009733118719097676,4920
13/11/2017,1.1678,1.1697,1.1659,1.1689,136647.0,441826.0,EC1 Curncy,Future,CME,USD,0.0,6.25,125000.0,146113,1.1689,1.1759,0.009759972677560043,4921
14/11/2017,1.1686,1.1826,1.1683,1.1815,291584.0,452815.0,EC1 Curncy,Future,CME,USD,0.0,6.25,125000.0,147688,1.1815,1.1885,0.009636340937654668,4922
15/11/2017,1.1817,1.1882,1.1806,1.1813,289868.0,458067.0,EC1 Curncy,Future,CME,USD,0.0,6.25,125000.0,147663,1.1813,1.1883,0.00921662989745824,4923
16/11/2017,1.1802,1.182,1.1775,1.1784,178838.0,457469.0,EC1 Curncy,Future,CME,USD,0.0,6.25,125000.0,147300,1.1784,1.1854,0.008834160967520144,4924
17/11/2017,1.179,1.184,1.1783,1.1815,196780.0,457904.0,EC1 Curncy,Future,CME,USD,0.0,6.25,125000.0,147688,1.1815,1.1885,0.008627471626538343,4925
20/11/2017,1.1787,1.1827,1.174,1.175,230765.0,455394.0,EC1 Curncy,Future,CME,USD,0.0,6.25,125000.0,146869,1.175,1.182,0.008400730127002409,4926
21/11/2017,1.175,1.1774,1.1728,1.1759,181539.0,450036.0,EC1 Curncy,Future,CME,USD,0.0,6.25,125000.0,146988,1.1759,1.183,0.008267442167929582,4927
22/11/2017,1.1752,1.1844,1.1749,1.1759,192218.0,455863.0,EC1 Curncy,Future,CME,USD,0.0,6.25,125000.0,146988,1.1759,1.183,0.007964504588070449,4928
23/11/2017,1.1752,1.1844,1.1749,1.184,192218.0,455863.0,EC1 Curncy,Future,CME,USD,0.0,6.25,125000.0,148000,1.184,1.191,0.007789676929547774,4929
24/11/2017,1.1834,1.1959,1.1828,1.1942,263437.0,478544.0,EC1 Curncy,Future,CME,USD,0.0,6.25,125000.0,149275,1.1942,1.2012,0.008753146101072796,4930
27/11/2017,1.1948,1.1975,1.1909,1.1914,198729.0,478385.0,EC1 Curncy,Future,CME,USD,0.0,6.25,125000.0,148919,1.1914,1.1984,0.009464183359737005,4931
28/11/2017,1.1913,1.1933,1.184,1.185,224825.0,475863.0,EC1 Curncy,Future,CME,USD,0.0,6.25,125000.0,148119,1.185,1.192,0.009589546391777642,4932
29/11/2017,1.1861,1.1896,1.1829,1.1875,198240.0,466178.0,EC1 Curncy,Future,CME,USD,0.0,6.25,125000.0,148431,1.1875,1.1945,0.009769675873165984,4933
30/11/2017,1.1861,1.1942,1.1819,1.1908,271925.0,472364.0,EC1 Curncy,Future,CME,USD,0.0,6.25,125000.0,148850,1.1908,1.1978,0.010279458481200099,4934
01/12/2017,1.1901,1.195,1.186,1.1903,289430.0,465091.0,EC1 Curncy,Future,CME,USD,0.0,6.25,125000.0,148788,1.1903,1.1973,0.010425030775336363,4935
04/12/2017,1.1879,1.1888,1.1838,1.1866,170174.0,462217.0,EC1 Curncy,Future,CME,USD,0.0,6.25,125000.0,148325,1.1866,1.1937,0.010466521230413951,4936
05/12/2017,1.1876,1.1886,1.1808,1.1823,185404.0,457397.0,EC1 Curncy,Future,CME,USD,0.0,6.25,125000.0,147788,1.1823,1.1895,0.010369975891969854,4937
06/12/2017,1.1837,1.1856,1.1788,1.1799,197952.0,449890.0,EC1 Curncy,Future,CME,USD,0.0,6.25,125000.0,147481,1.1799,1.1872,0.010048130837790976,4938
07/12/2017,1.1809,1.1821,1.1777,1.1779,197235.0,424986.0,EC1 Curncy,Future,CME,USD,0.0,6.25,125000.0,147238,1.1779,1.1854,0.009872102106442715,4939
08/12/2017,1.1781,1.1782,1.1735,1.1772,257159.0,385103.0,EC1 Curncy,Future,CME,USD,0.0,6.25,125000.0,147150,1.1772,1.1847,0.009386511599099404,4940
11/12/2017,1.1776,1.1816,1.1769,1.1791,211877.0,358281.0,EC1 Curncy,Future,CME,USD,0.0,6.25,125000.0,147381,1.1791,1.1865,0.008820714256794874,4941
12/12/2017,1.1777,1.1797,1.1722,1.1742,308603.0,306183.0,EC1 Curncy,Future,CME,USD,0.0,6.25,125000.0,146769,1.1742,1.1818,0.008056881116992792,4942
13/12/2017,1.1817,1.1913,1.1811,1.1902,423777.0,314391.0,EC1 Curncy,Future,CME,USD,0.0,6.25,125000.0,148769,1.1824,1.1902,0.007399454934881948,4943
14/12/2017,1.1905,1.1946,1.1854,1.1875,356013.0,396112.0,EC1 Curncy,Future,CME,USD,0.0,6.25,125000.0,148438,1.1794,1.1875,0.006904039880148265,4944
15/12/2017,1.185,1.1901,1.1836,1.1845,288522.0,435982.0,EC1 Curncy,Future,CME,USD,0.0,6.25,125000.0,148063,1.1758,1.1845,0.006355509420967575,4945
18/12/2017,1.1835,1.1919,1.1829,1.1868,184992.0,445156.0,EC1 Curncy,Future,CME,USD,0.0,6.25,125000.0,148344,1.1813,1.1868,0.005745583811357832,4946
19/12/2017,1.1866,1.1926,1.1859,1.1922,204801.0,454753.0,EC1 Curncy,Future,CME,USD,0.0,6.25,125000.0,149025,1.1922,1.1994,0.0060095535053225745,4947
20/12/2017,1.1916,1.1976,1.1905,1.1954,203027.0,465512.0,EC1 Curncy,Future,CME,USD,0.0,6.25,125000.0,149419,1.1954,1.2025,0.00643299567334937,4948
21/12/2017,1.1947,1.1964,1.1925,1.1948,158705.0,460522.0,EC1 Curncy,Future,CME,USD,0.0,6.25,125000.0,149350,1.1948,1.202,0.006654790254645753,4949
22/12/2017,1.1944,1.1945,1.1893,1.1948,139221.0,463206.0,EC1 Curncy,Future,CME,USD,0.0,6.25,125000.0,149350,1.1948,1.202,0.006906511420391043,4950
25/12/2017,1.1944,1.1945,1.1893,1.1928,139221.0,463206.0,EC1 Curncy,Future,CME,USD,0.0,6.25,125000.0,149100,1.1928,1.2,0.00671131631400688,4951
26/12/2017,1.1946,1.196,1.1922,1.1941,55969.0,466891.0,EC1 Curncy,Future,CME,USD,0.0,6.25,125000.0,149263,1.1941,1.2013,0.006549826969723543,4952
27/12/2017,1.1938,1.1984,1.1931,1.197,124813.0,476601.0,EC1 Curncy,Future,CME,USD,0.0,6.25,125000.0,149619,1.197,1.2041,0.006448643268159633,4953
28/12/2017,1.196,1.2014,1.1953,1.2008,129545.0,488700.0,EC1 Curncy,Future,CME,USD,0.0,6.25,125000.0,150094,1.2008,1.208,0.006914231699905451,4954
29/12/2017,1.1994,1.208,1.1991,1.2008,172363.0,498671.0,EC1 Curncy,Future,CME,USD,0.0,6.25,125000.0,150094,1.2008,1.208,0.007266250752621765,4955
01/01/2018,1.1994,1.208,1.1991,1.2076,172363.0,498671.0,EC1 Curncy,Future,CME,USD,0.0,6.25,125000.0,150944,1.2076,1.2149,0.00819361946882899,4956
02/01/2018,1.207,1.2135,1.2057,1.2106,200345.0,510820.0,EC1 Curncy,Future,CME,USD,0.0,6.25,125000.0,151325,1.2106,1.218,0.009185927643228828,4957
03/01/2018,1.2109,1.2119,1.2054,1.2069,184726.0,517682.0,EC1 Curncy,Future,CME,USD,0.0,6.25,125000.0,150856,1.2069,1.2143,0.009748097250231224,4958
04/01/2018,1.2064,1.2141,1.2055,1.2122,222465.0,546845.0,EC1 Curncy,Future,CME,USD,0.0,6.25,125000.0,151525,1.2122,1.2198,0.010629205050235959,4959
05/01/2018,1.2122,1.2133,1.2071,1.2099,187567.0,536608.0,EC1 Curncy,Future,CME,USD,0.0,6.25,125000.0,151231,1.2099,1.2174,0.011215988587724142,4960
08/01/2018,1.2081,1.2102,1.2005,1.2013,198647.0,537286.0,EC1 Curncy,Future,CME,USD,0.0,6.25,125000.0,150156,1.2013,1.2088,0.011271117956971072,4961
09/01/2018,1.2015,1.2024,1.1964,1.198,197645.0,532763.0,EC1 Curncy,Future,CME,USD,0.0,6.25,125000.0,149744,1.198,1.2055,0.011072262641391455,4962
10/01/2018,1.1985,1.2066,1.1971,1.2006,292236.0,531698.0,EC1 Curncy,Future,CME,USD,0.0,6.25,125000.0,150075,1.2006,1.2081,0.010754236374561845,4963
11/01/2018,1.1995,1.2106,1.1975,1.2085,317187.0,535641.0,EC1 Curncy,Future,CME,USD,0.0,6.25,125000.0,151056,1.2085,1.216,0.01050231403072406,4964
12/01/2018,1.2083,1.2266,1.2077,1.2085,400925.0,555554.0,EC1 Curncy,Future,CME,USD,0.0,6.25,125000.0,151056,1.2085,1.216,0.010033895886773217,4965
15/01/2018,1.2083,1.2266,1.2077,1.2229,400925.0,555554.0,EC1 Curncy,Future,CME,USD,0.0,6.25,125000.0,152856,1.2229,1.2305,0.010558554193950827,4966
16/01/2018,1.225,1.2343,1.2233,1.2317,546081.0,566785.0,EC1 Curncy,Future,CME,USD,0.0,6.25,125000.0,153956,1.2317,1.2394,0.011193848012781492,4967
17/01/2018,1.2302,1.2369,1.2223,1.2284,324261.0,567626.0,EC1 Curncy,Future,CME,USD,0.0,6.25,125000.0,153544,1.2284,1.2361,0.012190333602213037,4968
18/01/2018,1.2213,1.2309,1.2209,1.2286,233389.0,572027.0,EC1 Curncy,Future,CME,USD,0.0,6.25,125000.0,153575,1.2286,1.2363,0.012804762134972891,4969
19/01/2018,1.2285,1.2337,1.2256,1.2275,236184.0,566571.0,EC1 Curncy,Future,CME,USD,0.0,6.25,125000.0,153438,1.2275,1.2352,0.012909554601143047,4970
22/01/2018,1.2298,1.2309,1.2255,1.23,173513.0,573645.0,EC1 Curncy,Future,CME,USD,0.0,6.25,125000.0,153744,1.23,1.2377,0.013107150720117821,4971
23/01/2018,1.2301,1.2347,1.2264,1.2336,221040.0,578686.0,EC1 Curncy,Future,CME,USD,0.0,6.25,125000.0,154194,1.2336,1.2413,0.013653263346170293,4972
24/01/2018,1.2338,1.2456,1.2329,1.2445,323260.0,588845.0,EC1 Curncy,Future,CME,USD,0.0,6.25,125000.0,155556,1.2445,1.2522,0.015006139854512922,4973
25/01/2018,1.244,1.2577,1.2402,1.2428,557530.0,585736.0,EC1 Curncy,Future,CME,USD,0.0,6.25,125000.0,155350,1.2428,1.2506,0.015834147698350908,4974
26/01/2018,1.2414,1.2531,1.241,1.246,332212.0,584574.0,EC1 Curncy,Future,CME,USD,0.0,6.25,125000.0,155750,1.246,1.2539,0.01662288282257867,4975
29/01/2018,1.2456,1.2469,1.2374,1.2427,282188.0,580070.0,EC1 Curncy,Future,CME,USD,0.0,6.25,125000.0,155331,1.2427,1.2506,0.016788165474519168,4976
30/01/2018,1.2421,1.2491,1.2372,1.2441,299582.0,573504.0,EC1 Curncy,Future,CME,USD,0.0,6.25,125000.0,155513,1.2441,1.2521,0.01687233929640939,4977
31/01/2018,1.2439,1.2511,1.2423,1.2448,303231.0,568011.0,EC1 Curncy,Future,CME,USD,0.0,6.25,125000.0,155594,1.2448,1.2527,0.01693408102023307,4978
01/02/2018,1.2448,1.2558,1.2419,1.2538,297451.0,570689.0,EC1 Curncy,Future,CME,USD,0.0,6.25,125000.0,156719,1.2538,1.2618,0.017562462811343053,4979
02/02/2018,1.254,1.2552,1.2442,1.2486,320107.0,571478.0,EC1 Curncy,Future,CME,USD,0.0,6.25,125000.0,156069,1.2486,1.2566,0.017595545837885553,4980
05/02/2018,1.2465,1.2508,1.2395,1.2432,283581.0,570605.0,EC1 Curncy,Future,CME,USD,0.0,6.25,125000.0,155394,1.2432,1.2511,0.017538465345247795,4981
06/02/2018,1.2406,1.2467,1.2345,1.2424,370346.0,566489.0,EC1 Curncy,Future,CME,USD,0.0,6.25,125000.0,155300,1.2424,1.2503,0.017468519303777616,4982
07/02/2018,1.2411,1.2437,1.2276,1.2306,276130.0,560979.0,EC1 Curncy,Future,CME,USD,0.0,6.25,125000.0,153819,1.2306,1.2385,0.01690638242399736,4983
08/02/2018,1.2284,1.2324,1.224,1.2291,323227.0,554547.0,EC1 Curncy,Future,CME,USD,0.0,6.25,125000.0,153638,1.2291,1.2372,0.016540220675667443,4984
09/02/2018,1.2277,1.2316,1.2234,1.226,276282.0,546819.0,EC1 Curncy,Future,CME,USD,0.0,6.25,125000.0,153244,1.226,1.2342,0.01604380773589736,4985
12/02/2018,1.2278,1.2327,1.2262,1.2309,170502.0,539629.0,EC1 Curncy,Future,CME,USD,0.0,6.25,125000.0,153856,1.2309,1.2391,0.014860947704182056,4986
13/02/2018,1.2319,1.2398,1.2311,1.2381,205834.0,533420.0,EC1 Curncy,Future,CME,USD,0.0,6.25,125000.0,154756,1.2381,1.2463,0.013159872086501889,4987
14/02/2018,1.2375,1.2491,1.2301,1.2463,305544.0,530706.0,EC1 Curncy,Future,CME,USD,0.0,6.25,125000.0,155781,1.2463,1.2545,0.011527795394888555,4988
15/02/2018,1.2475,1.2534,1.2471,1.253,198451.0,543301.0,EC1 Curncy,Future,CME,USD,0.0,6.25,125000.0,156625,1.253,1.2614,0.01067880611303229,4989
16/02/2018,1.2521,1.258,1.2416,1.253,233936.0,547538.0,EC1 Curncy,Future,CME,USD,0.0,6.25,125000.0,156625,1.253,1.2614,0.009411848915049812,4990
19/02/2018,1.2521,1.258,1.2416,1.244,233936.0,547538.0,EC1 Curncy,Future,CME,USD,0.0,6.25,125000.0,155494,1.244,1.2523,0.008885621343855817,4991
20/02/2018,1.2434,1.2458,1.2341,1.2357,325966.0,536554.0,EC1 Curncy,Future,CME,USD,0.0,6.25,125000.0,154456,1.2357,1.244,0.008777524328251775,4992
21/02/2018,1.2354,1.2381,1.2301,1.2322,220540.0,536647.0,EC1 Curncy,Future,CME,USD,0.0,6.25,125000.0,154019,1.2322,1.2406,0.008608426104678922,4993
22/02/2018,1.2295,1.237,1.2277,1.2349,222821.0,532068.0,EC1 Curncy,Future,CME,USD,0.0,6.25,125000.0,154363,1.2349,1.2433,0.008359790667218647,4994
23/02/2018,1.2346,1.2354,1.2297,1.2314,161722.0,528422.0,EC1 Curncy,Future,CME,USD,0.0,6.25,125000.0,153919,1.2314,1.2398,0.008152337088204535,4995
26/02/2018,1.2306,1.2372,1.2295,1.2328,177858.0,526253.0,EC1 Curncy,Future,CME,USD,0.0,6.25,125000.0,154094,1.2328,1.2412,0.008026518547895756,4996
27/02/2018,1.2328,1.2362,1.2237,1.2253,280019.0,526957.0,EC1 Curncy,Future,CME,USD,0.0,6.25,125000.0,153163,1.2253,1.2337,0.00846946082501023,4997
28/02/2018,1.2249,1.2257,1.2202,1.2217,216326.0,523092.0,EC1 Curncy,Future,CME,USD,0.0,6.25,125000.0,152713,1.2217,1.2302,0.009148036219123076,4998
01/03/2018,1.2206,1.2286,1.2166,1.2266,272621.0,516821.0,EC1 Curncy,Future,CME,USD,0.0,6.25,125000.0,153319,1.2266,1.2351,0.009432272614083581,4999
02/03/2018,1.2284,1.2348,1.2263,1.2341,208998.0,510478.0,EC1 Curncy,Future,CME,USD,0.0,6.25,125000.0,154263,1.2341,1.2427,0.009326544554820949,5000
05/03/2018,1.2356,1.236,1.2279,1.2336,212186.0,508058.0,EC1 Curncy,Future,CME,USD,0.0,6.25,125000.0,154194,1.2336,1.2422,0.009305380164170027,5001
06/03/2018,1.2344,1.243,1.2338,1.2414,218947.0,506582.0,EC1 Curncy,Future,CME,USD,0.0,6.25,125000.0,155175,1.2414,1.25,0.009240400424209417,5002
07/03/2018,1.243,1.2462,1.2393,1.2414,205870.0,498260.0,EC1 Curncy,Future,CME,USD,0.0,6.25,125000.0,155169,1.2414,1.25,0.009150613822747834,5003
08/03/2018,1.2416,1.2454,1.2304,1.2312,372406.0,456560.0,EC1 Curncy,Future,CME,USD,0.0,6.25,125000.0,153900,1.2312,1.2398,0.008538637674305443,5004
09/03/2018,1.2318,1.234,1.2279,1.2321,240854.0,435798.0,EC1 Curncy,Future,CME,USD,0.0,6.25,125000.0,154006,1.2321,1.2406,0.008178375959386534,5005
12/03/2018,1.2318,1.2351,1.2295,1.2342,204675.0,401858.0,EC1 Curncy,Future,CME,USD,0.0,6.25,125000.0,154269,1.2342,1.2428,0.008028439034648846,5006
13/03/2018,1.2338,1.2412,1.2319,1.2402,325993.0,350018.0,EC1 Curncy,Future,CME,USD,0.0,6.25,125000.0,155025,1.2402,1.2489,0.007958900677841158,5007
14/03/2018,1.2483,1.2504,1.2439,1.2467,356237.0,337301.0,EC1 Curncy,Future,CME,USD,0.0,6.25,125000.0,155838,1.2379,1.2467,0.008218976010818129,5008
15/03/2018,1.2461,1.2474,1.239,1.2394,334000.0,427076.0,EC1 Curncy,Future,CME,USD,0.0,6.25,125000.0,154919,1.2305,1.2394,0.008124865127069404,5009
16/03/2018,1.2392,1.2424,1.2347,1.2371,329944.0,484322.0,EC1 Curncy,Future,CME,USD,0.0,6.25,125000.0,154638,1.2286,1.2371,0.007839798041599426,5010
19/03/2018,1.2376,1.2446,1.2343,1.2444,229672.0,486870.0,EC1 Curncy,Future,CME,USD,0.0,6.25,125000.0,155544,1.232,1.2444,0.007889007119597705,5011
20/03/2018,1.242,1.244,1.2324,1.2336,194101.0,486057.0,EC1 Curncy,Future,CME,USD,0.0,6.25,125000.0,154194,1.2336,1.2426,0.007919654874618225,5012
21/03/2018,1.2327,1.2432,1.2326,1.2411,260797.0,486889.0,EC1 Curncy,Future,CME,USD,0.0,6.25,125000.0,155138,1.2411,1.2501,0.0077327269877061275,5013
22/03/2018,1.242,1.2468,1.2365,1.2387,239058.0,485712.0,EC1 Curncy,Future,CME,USD,0.0,6.25,125000.0,154831,1.2387,1.2477,0.0069801217754230545,5014
23/03/2018,1.2386,1.2454,1.2385,1.2447,185899.0,489516.0,EC1 Curncy,Future,CME,USD,0.0,6.25,125000.0,155581,1.2447,1.2537,0.006317238320637974,5015
26/03/2018,1.2437,1.254,1.2431,1.2534,215794.0,508863.0,EC1 Curncy,Future,CME,USD,0.0,6.25,125000.0,156675,1.2534,1.2625,0.007053762589313717,5016
27/03/2018,1.2525,1.2554,1.2448,1.2478,238935.0,503876.0,EC1 Curncy,Future,CME,USD,0.0,6.25,125000.0,155969,1.2478,1.2567,0.007415580444784215,5017
28/03/2018,1.2478,1.2492,1.2369,1.2381,228413.0,492471.0,EC1 Curncy,Future,CME,USD,0.0,6.25,125000.0,154763,1.2381,1.2471,0.007356736142230345,5018
29/03/2018,1.238,1.2404,1.2352,1.2381,191994.0,479648.0,EC1 Curncy,Future,CME,USD,0.0,6.25,125000.0,154763,1.2381,1.2471,0.007345853705757935,5019
30/03/2018,1.238,1.2404,1.2352,1.2359,191994.0,479648.0,EC1 Curncy,Future,CME,USD,0.0,6.25,125000.0,154481,1.2359,1.2448,0.007253279717920488,5020
02/04/2018,1.2388,1.2414,1.2349,1.2368,100862.0,481651.0,EC1 Curncy,Future,CME,USD,0.0,6.25,125000.0,154600,1.2368,1.2458,0.0071927324432185915,5021
03/04/2018,1.237,1.2404,1.232,1.2335,213519.0,482641.0,EC1 Curncy,Future,CME,USD,0.0,6.25,125000.0,154188,1.2335,1.2425,0.0067886375657953526,5022
04/04/2018,1.234,1.2383,1.2324,1.2349,169413.0,481021.0,EC1 Curncy,Future,CME,USD,0.0,6.25,125000.0,154356,1.2349,1.244,0.005942221806675143,5023
05/04/2018,1.2348,1.2356,1.2282,1.2301,198269.0,484224.0,EC1 Curncy,Future,CME,USD,0.0,6.25,125000.0,153756,1.2301,1.2391,0.005689463946605601,5024
06/04/2018,1.2303,1.2354,1.2277,1.2349,216056.0,483281.0,EC1 Curncy,Future,CME,USD,0.0,6.25,125000.0,154356,1.2349,1.2439,0.005665886220741771,5025
09/04/2018,1.2338,1.2393,1.2322,1.2383,188055.0,486613.0,EC1 Curncy,Future,CME,USD,0.0,6.25,125000.0,154788,1.2383,1.2473,0.0055726265500561515,5026
10/04/2018,1.2384,1.2439,1.2363,1.2421,228800.0,497174.0,EC1 Curncy,Future,CME,USD,0.0,6.25,125000.0,155263,1.2421,1.2511,0.005588389750162733,5027
11/04/2018,1.2414,1.2458,1.2407,1.2423,187587.0,500123.0,EC1 Curncy,Future,CME,USD,0.0,6.25,125000.0,155281,1.2423,1.2514,0.005609046264715929,5028
12/04/2018,1.2424,1.2438,1.2357,1.2387,200464.0,494924.0,EC1 Curncy,Future,CME,USD,0.0,6.25,125000.0,154838,1.2387,1.2479,0.005382508708745624,5029
13/04/2018,1.2382,1.2404,1.2364,1.2389,141211.0,497236.0,EC1 Curncy,Future,CME,USD,0.0,6.25,125000.0,154863,1.2389,1.2481,0.005182991414204863,5030
16/04/2018,1.2385,1.2451,1.2381,1.2438,176680.0,503235.0,EC1 Curncy,Future,CME,USD,0.0,6.25,125000.0,155469,1.2438,1.2529,0.00514052526496268,5031
17/04/2018,1.2435,1.2469,1.239,1.2422,191809.0,498773.0,EC1 Curncy,Future,CME,USD,0.0,6.25,125000.0,155275,1.2422,1.2513,0.0051634936493023765,5032
18/04/2018,1.2429,1.2451,1.2395,1.2431,194067.0,500752.0,EC1 Curncy,Future,CME,USD,0.0,6.25,125000.0,155381,1.2431,1.2522,0.005011593226348945,5033
19/04/2018,1.2431,1.2453,1.238,1.2389,214391.0,497721.0,EC1 Curncy,Future,CME,USD,0.0,6.25,125000.0,154856,1.2389,1.2479,0.005013737793940436,5034
20/04/2018,1.2395,1.2404,1.2299,1.2333,231789.0,493444.0,EC1 Curncy,Future,CME,USD,0.0,6.25,125000.0,154156,1.2333,1.2423,0.005150200643313544,5035
23/04/2018,1.233,1.2339,1.2247,1.2254,224199.0,490854.0,EC1 Curncy,Future,CME,USD,0.0,6.25,125000.0,153169,1.2254,1.2344,0.005763034501579011,5036
24/04/2018,1.2255,1.2294,1.223,1.2285,212938.0,483635.0,EC1 Curncy,Future,CME,USD,0.0,6.25,125000.0,153563,1.2285,1.2376,0.006036486284784455,5037
25/04/2018,1.228,1.2286,1.2206,1.2224,205367.0,483733.0,EC1 Curncy,Future,CME,USD,0.0,6.25,125000.0,152800,1.2224,1.2315,0.0068145016936721125,5038
26/04/2018,1.2206,1.2255,1.2141,1.215,344686.0,483700.0,EC1 Curncy,Future,CME,USD,0.0,6.25,125000.0,151875,1.215,1.224,0.008192175128319892,5039
27/04/2018,1.2146,1.2179,1.2098,1.2164,265280.0,489486.0,EC1 Curncy,Future,CME,USD,0.0,6.25,125000.0,152050,1.2164,1.2253,0.008978878920355267,5040
30/04/2018,1.217,1.2181,1.2106,1.2123,222888.0,493697.0,EC1 Curncy,Future,CME,USD,0.0,6.25,125000.0,151538,1.2123,1.2212,0.009359875355281457,5041
01/05/2018,1.2118,1.2126,1.2023,1.2036,188349.0,497411.0,EC1 Curncy,Future,CME,USD,0.0,6.25,125000.0,150450,1.2036,1.2125,0.010731883960101187,5042
02/05/2018,1.2034,1.2071,1.1977,1.2025,314725.0,503581.0,EC1 Curncy,Future,CME,USD,0.0,6.25,125000.0,150313,1.2025,1.2113,0.01219266446132325,5043
03/05/2018,1.1994,1.2045,1.1985,1.2029,271769.0,506924.0,EC1 Curncy,Future,CME,USD,0.0,6.25,125000.0,150363,1.2029,1.2116,0.013305347295971614,5044
04/05/2018,1.2021,1.2031,1.1945,1.1999,268952.0,498246.0,EC1 Curncy,Future,CME,USD,0.0,6.25,125000.0,149981,1.1999,1.2086,0.01447674917467398,5045
07/05/2018,1.1993,1.2013,1.1931,1.1959,165318.0,499575.0,EC1 Curncy,Future,CME,USD,0.0,6.25,125000.0,149481,1.1959,1.2045,0.01570320880159303,5046
08/05/2018,1.1957,1.1972,1.1872,1.189,287935.0,497323.0,EC1 Curncy,Future,CME,USD,0.0,6.25,125000.0,148625,1.189,1.1976,0.01730439057965062,5047
09/05/2018,1.1893,1.193,1.1856,1.1894,261003.0,491203.0,EC1 Curncy,Future,CME,USD,0.0,6.25,125000.0,148675,1.1894,1.1979,0.018526825596049647,5048
10/05/2018,1.1884,1.1977,1.1874,1.1957,332089.0,492027.0,EC1 Curncy,Future,CME,USD,0.0,6.25,125000.0,149456,1.1957,1.2042,0.01922571368418986,5049
11/05/2018,1.1946,1.1997,1.1921,1.1973,223015.0,492193.0,EC1 Curncy,Future,CME,USD,0.0,6.25,125000.0,149656,1.1973,1.2057,0.019594096049570225,5050
14/05/2018,1.1978,1.2025,1.1954,1.1972,201921.0,490107.0,EC1 Curncy,Future,CME,USD,0.0,6.25,125000.0,149644,1.1972,1.2056,0.019710862487465872,5051
15/05/2018,1.1957,1.1966,1.1848,1.1876,331653.0,489179.0,EC1 Curncy,Future,CME,USD,0.0,6.25,125000.0,148444,1.1876,1.196,0.01997726457750902,5052
16/05/2018,1.1867,1.1882,1.179,1.1828,381691.0,490966.0,EC1 Curncy,Future,CME,USD,0.0,6.25,125000.0,147850,1.1828,1.1912,0.020266555372496612,5053
17/05/2018,1.1835,1.1862,1.1801,1.1823,283482.0,492732.0,EC1 Curncy,Future,CME,USD,0.0,6.25,125000.0,147781,1.1823,1.1906,0.020506322602223907,5054
18/05/2018,1.182,1.1846,1.1773,1.1797,257054.0,496226.0,EC1 Curncy,Future,CME,USD,0.0,6.25,125000.0,147463,1.1797,1.1881,0.020622432769514688,5055
21/05/2018,1.1789,1.1819,1.174,1.1795,265071.0,500101.0,EC1 Curncy,Future,CME,USD,0.0,6.25,125000.0,147438,1.1795,1.188,0.020115775732821257,5056
22/05/2018,1.1816,1.1852,1.1779,1.18,291627.0,501717.0,EC1 Curncy,Future,CME,USD,0.0,6.25,125000.0,147500,1.18,1.1885,0.01934981222992016,5057
23/05/2018,1.1798,1.1811,1.1696,1.1719,430841.0,509666.0,EC1 Curncy,Future,CME,USD,0.0,6.25,125000.0,146488,1.1719,1.1804,0.018583376980512503,5058
24/05/2018,1.1719,1.1768,1.1709,1.1746,308535.0,507137.0,EC1 Curncy,Future,CME,USD,0.0,6.25,125000.0,146819,1.1746,1.183,0.017566551549270643,5059
25/05/2018,1.1738,1.1752,1.1663,1.1746,363578.0,509206.0,EC1 Curncy,Future,CME,USD,0.0,6.25,125000.0,146819,1.1746,1.183,0.016634003326515302,5060
28/05/2018,1.1738,1.1752,1.1663,1.168,363578.0,509206.0,EC1 Curncy,Future,CME,USD,0.0,6.25,125000.0,145994,1.168,1.1764,0.016403505722858824,5061
29/05/2018,1.1705,1.1746,1.1526,1.1548,731721.0,517263.0,EC1 Curncy,Future,CME,USD,0.0,6.25,125000.0,144350,1.1548,1.1632,0.016559270314032697,5062
30/05/2018,1.1558,1.1692,1.1534,1.1668,504707.0,497074.0,EC1 Curncy,Future,CME,USD,0.0,6.25,125000.0,145850,1.1668,1.1751,0.01588813288799364,5063
31/05/2018,1.168,1.1738,1.1653,1.1701,411583.0,499981.0,EC1 Curncy,Future,CME,USD,0.0,6.25,125000.0,146256,1.1701,1.1784,0.015329598820578577,5064
01/06/2018,1.1705,1.173,1.1628,1.1675,347073.0,496642.0,EC1 Curncy,Future,CME,USD,0.0,6.25,125000.0,145938,1.1675,1.1758,0.014519207967375188,5065
04/06/2018,1.1673,1.1756,1.1672,1.1709,250314.0,498011.0,EC1 Curncy,Future,CME,USD,0.0,6.25,125000.0,146363,1.1709,1.1792,0.01361267791435238,5066
05/06/2018,1.1706,1.1742,1.1663,1.1724,278736.0,492980.0,EC1 Curncy,Future,CME,USD,0.0,6.25,125000.0,146550,1.1724,1.1806,0.013102312772938274,5067
06/06/2018,1.1726,1.1805,1.1723,1.1778,328571.0,479508.0,EC1 Curncy,Future,CME,USD,0.0,6.25,125000.0,147219,1.1778,1.1861,0.012415718532029146,5068
07/06/2018,1.1785,1.1848,1.1782,1.1815,299866.0,468942.0,EC1 Curncy,Future,CME,USD,0.0,6.25,125000.0,147681,1.1815,1.1898,0.011561585819712403,5069
08/06/2018,1.1805,1.1817,1.1733,1.1777,270952.0,453725.0,EC1 Curncy,Future,CME,USD,0.0,6.25,125000.0,147206,1.1777,1.186,0.010821352349248144,5070
11/06/2018,1.1779,1.1827,1.1777,1.1793,228004.0,419380.0,EC1 Curncy,Future,CME,USD,0.0,6.25,125000.0,147413,1.1793,1.1876,0.010261533348704804,5071
12/06/2018,1.1786,1.1815,1.1738,1.1755,327959.0,370228.0,EC1 Curncy,Future,CME,USD,0.0,6.25,125000.0,146931,1.1755,1.1836,0.010051968298128624,5072
13/06/2018,1.1831,1.1887,1.1811,1.1859,457432.0,334313.0,EC1 Curncy,Future,CME,USD,0.0,6.25,125000.0,148231,1.1778,1.1859,0.009912831751485041,5073
14/06/2018,1.1876,1.194,1.1643,1.1673,570616.0,437640.0,EC1 Curncy,Future,CME,USD,0.0,6.25,125000.0,145906,1.1594,1.1673,0.009421739046831402,5074
15/06/2018,1.1653,1.1707,1.1622,1.1686,321630.0,461883.0,EC1 Curncy,Future,CME,USD,0.0,6.25,125000.0,146075,1.1608,1.1686,0.008542517193422847,5075
18/06/2018,1.1676,1.1705,1.1645,1.1696,181774.0,460251.0,EC1 Curncy,Future,CME,USD,0.0,6.25,125000.0,146194,1.16,1.1696,0.007359388561553803,5076
19/06/2018,1.1701,1.1724,1.161,1.1653,295487.0,464777.0,EC1 Curncy,Future,CME,USD,0.0,6.25,125000.0,145663,1.1653,1.1739,0.007072498379870145,5077
20/06/2018,1.1664,1.1677,1.1613,1.1663,233958.0,469309.0,EC1 Curncy,Future,CME,USD,0.0,6.25,125000.0,145788,1.1663,1.1748,0.0069643544807303165,5078
21/06/2018,1.1649,1.1709,1.1582,1.1698,333933.0,474422.0,EC1 Curncy,Future,CME,USD,0.0,6.25,125000.0,146225,1.1698,1.1784,0.006722021025450883,5079
22/06/2018,1.168,1.175,1.1675,1.1738,241796.0,470485.0,EC1 Curncy,Future,CME,USD,0.0,6.25,125000.0,146719,1.1738,1.1824,0.0065646782099306284,5080
25/06/2018,1.1741,1.1788,1.1702,1.1778,217497.0,471410.0,EC1 Curncy,Future,CME,USD,0.0,6.25,125000.0,147225,1.1778,1.1865,0.006496301511881323,5081
26/06/2018,1.1776,1.1795,1.1708,1.1723,248560.0,468366.0,EC1 Curncy,Future,CME,USD,0.0,6.25,125000.0,146538,1.1723,1.1809,0.006296062261440831,5082
27/06/2018,1.1717,1.1745,1.1612,1.1628,302853.0,471148.0,EC1 Curncy,Future,CME,USD,0.0,6.25,125000.0,145350,1.1628,1.1714,0.006559852640616825,5083
28/06/2018,1.1626,1.1669,1.1595,1.1624,264551.0,470381.0,EC1 Curncy,Future,CME,USD,0.0,6.25,125000.0,145294,1.1624,1.1709,0.006780555532791995,5084
29/06/2018,1.1627,1.1758,1.1625,1.1737,338579.0,471589.0,EC1 Curncy,Future,CME,USD,0.0,6.25,125000.0,146706,1.1737,1.1822,0.006763854916634171,5085
02/07/2018,1.1738,1.1748,1.1656,1.1675,192483.0,474704.0,EC1 Curncy,Future,CME,USD,0.0,6.25,125000.0,145931,1.1675,1.176,0.006774183837674445,5086
03/07/2018,1.1699,1.1738,1.1685,1.1675,176487.0,474363.0,EC1 Curncy,Future,CME,USD,0.0,6.25,125000.0,145931,1.1675,1.176,0.005924066733807737,5087
04/07/2018,1.1699,1.1738,1.1685,1.1715,176487.0,474363.0,EC1 Curncy,Future,CME,USD,0.0,6.25,125000.0,146431,1.1715,1.1799,0.005839229401208693,5088
05/07/2018,1.172,1.1782,1.1691,1.1741,294051.0,475718.0,EC1 Curncy,Future,CME,USD,0.0,6.25,125000.0,146763,1.1741,1.1827,0.005845733486906443,5089
06/07/2018,1.175,1.183,1.174,1.1805,224361.0,459636.0,EC1 Curncy,Future,CME,USD,0.0,6.25,125000.0,147563,1.1805,1.1891,0.006009126392408243,5090
09/07/2018,1.1809,1.1852,1.1793,1.1809,186245.0,465514.0,EC1 Curncy,Future,CME,USD,0.0,6.25,125000.0,147613,1.1809,1.1896,0.006228932492806111,5091
10/07/2018,1.181,1.1823,1.175,1.1804,176362.0,462523.0,EC1 Curncy,Future,CME,USD,0.0,6.25,125000.0,147550,1.1804,1.189,0.006406631980476772,5092
11/07/2018,1.1799,1.1817,1.1723,1.173,253616.0,483890.0,EC1 Curncy,Future,CME,USD,0.0,6.25,125000.0,146625,1.173,1.1815,0.006334298172115719,5093
12/07/2018,1.173,1.1751,1.1704,1.1726,169174.0,478697.0,EC1 Curncy,Future,CME,USD,0.0,6.25,125000.0,146569,1.1726,1.1811,0.006081740430715813,5094
13/07/2018,1.1723,1.1742,1.1667,1.1731,197721.0,478815.0,EC1 Curncy,Future,CME,USD,0.0,6.25,125000.0,146638,1.1731,1.1815,0.005991313156001013,5095
16/07/2018,1.1738,1.1779,1.1729,1.1767,150267.0,478275.0,EC1 Curncy,Future,CME,USD,0.0,6.25,125000.0,147088,1.1767,1.1852,0.005889332163604909,5096
17/07/2018,1.1763,1.1798,1.1701,1.1716,193417.0,479546.0,EC1 Curncy,Future,CME,USD,0.0,6.25,125000.0,146450,1.1716,1.1801,0.0058541295965559206,5097
18/07/2018,1.1713,1.1717,1.1653,1.17,204532.0,480038.0,EC1 Curncy,Future,CME,USD,0.0,6.25,125000.0,146244,1.17,1.1784,0.005121594803698835,5098
19/07/2018,1.1695,1.1728,1.1623,1.1694,280556.0,480928.0,EC1 Curncy,Future,CME,USD,0.0,6.25,125000.0,146169,1.1694,1.1778,0.005065662181124451,5099
20/07/2018,1.1692,1.1788,1.1675,1.1774,290909.0,489670.0,EC1 Curncy,Future,CME,USD,0.0,6.25,125000.0,147169,1.1774,1.1858,0.005150080905507486,5100
23/07/2018,1.1774,1.1801,1.1731,1.1737,187511.0,484284.0,EC1 Curncy,Future,CME,USD,0.0,6.25,125000.0,146713,1.1737,1.1821,0.005135731041757538,5101
24/07/2018,1.1738,1.1764,1.1701,1.173,199833.0,485311.0,EC1 Curncy,Future,CME,USD,0.0,6.25,125000.0,146625,1.173,1.1814,0.004933855828180475,5102
25/07/2018,1.1729,1.1785,1.1709,1.1747,223726.0,485154.0,EC1 Curncy,Future,CME,USD,0.0,6.25,125000.0,146831,1.1747,1.1831,0.00477963736420125,5103
26/07/2018,1.1768,1.1788,1.1683,1.1689,250043.0,485418.0,EC1 Curncy,Future,CME,USD,0.0,6.25,125000.0,146106,1.1689,1.1773,0.004806551085057648,5104
27/07/2018,1.1683,1.1707,1.1663,1.1699,202612.0,482919.0,EC1 Curncy,Future,CME,USD,0.0,6.25,125000.0,146238,1.1699,1.1783,0.004835000861765144,5105
30/07/2018,1.1698,1.1761,1.1689,1.1751,183956.0,489085.0,EC1 Curncy,Future,CME,USD,0.0,6.25,125000.0,146888,1.1751,1.1836,0.004743672979166068,5106
31/07/2018,1.1748,1.179,1.1724,1.1738,227953.0,488089.0,EC1 Curncy,Future,CME,USD,0.0,6.25,125000.0,146719,1.1738,1.1823,0.004750414017037879,5107
01/08/2018,1.1728,1.1739,1.1697,1.1703,193668.0,487255.0,EC1 Curncy,Future,CME,USD,0.0,6.25,125000.0,146281,1.1703,1.1787,0.004325671431496905,5108
02/08/2018,1.1697,1.1704,1.1618,1.1623,231821.0,501150.0,EC1 Curncy,Future,CME,USD,0.0,6.25,125000.0,145288,1.1623,1.1707,0.004335789047751502,5109
03/08/2018,1.1622,1.1647,1.1594,1.1614,267096.0,496662.0,EC1 Curncy,Future,CME,USD,0.0,6.25,125000.0,145169,1.1614,1.1698,0.0048983432573273585,5110
06/08/2018,1.1605,1.1606,1.1565,1.1591,205320.0,497609.0,EC1 Curncy,Future,CME,USD,0.0,6.25,125000.0,144888,1.1591,1.1675,0.0054978692842415,5111
07/08/2018,1.1588,1.1643,1.1585,1.1628,215677.0,494715.0,EC1 Curncy,Future,CME,USD,0.0,6.25,125000.0,145350,1.1628,1.1713,0.005734698480879981,5112
08/08/2018,1.163,1.1662,1.1606,1.1652,211417.0,493194.0,EC1 Curncy,Future,CME,USD,0.0,6.25,125000.0,145650,1.1652,1.1737,0.005887025281634902,5113
09/08/2018,1.1646,1.165,1.1555,1.1573,227087.0,497777.0,EC1 Curncy,Future,CME,USD,0.0,6.25,125000.0,144656,1.1573,1.1656,0.006514680856850319,5114
10/08/2018,1.1558,1.1566,1.1417,1.1429,453203.0,507420.0,EC1 Curncy,Future,CME,USD,0.0,6.25,125000.0,142863,1.1429,1.1512,0.008305821251786,5115
13/08/2018,1.1417,1.1462,1.1394,1.1423,325193.0,506684.0,EC1 Curncy,Future,CME,USD,0.0,6.25,125000.0,142781,1.1423,1.1505,0.009573804538076531,5116
14/08/2018,1.1432,1.1457,1.1357,1.1366,263133.0,513352.0,EC1 Curncy,Future,CME,USD,0.0,6.25,125000.0,142075,1.1366,1.1448,0.011076223784905404,5117
15/08/2018,1.1371,1.1382,1.1328,1.1373,289694.0,511718.0,EC1 Curncy,Future,CME,USD,0.0,6.25,125000.0,142156,1.1373,1.1454,0.012377650557893126,5118
16/08/2018,1.1368,1.1433,1.136,1.139,305497.0,515916.0,EC1 Curncy,Future,CME,USD,0.0,6.25,125000.0,142369,1.139,1.1471,0.013275294095925684,5119
17/08/2018,1.1397,1.1469,1.139,1.1468,251028.0,513216.0,EC1 Curncy,Future,CME,USD,0.0,6.25,125000.0,143344,1.1468,1.1549,0.013510613112166977,5120
20/08/2018,1.1461,1.1508,1.1417,1.149,214346.0,513578.0,EC1 Curncy,Future,CME,USD,0.0,6.25,125000.0,143625,1.149,1.1572,0.013415970582356832,5121
21/08/2018,1.151,1.1624,1.1507,1.1595,317259.0,513996.0,EC1 Curncy,Future,CME,USD,0.0,6.25,125000.0,144931,1.1595,1.1677,0.013241976186858706,5122
22/08/2018,1.1594,1.1645,1.1574,1.161,248075.0,509279.0,EC1 Curncy,Future,CME,USD,0.0,6.25,125000.0,145119,1.161,1.1692,0.013100417296152623,5123
23/08/2018,1.1615,1.1619,1.1549,1.1556,222981.0,509892.0,EC1 Curncy,Future,CME,USD,0.0,6.25,125000.0,144444,1.1556,1.1638,0.012993411150784746,5124
24/08/2018,1.1561,1.1658,1.1553,1.1644,240625.0,503294.0,EC1 Curncy,Future,CME,USD,0.0,6.25,125000.0,145544,1.1644,1.1727,0.012510704749666979,5125
27/08/2018,1.1643,1.1712,1.1612,1.1696,192624.0,503332.0,EC1 Curncy,Future,CME,USD,0.0,6.25,125000.0,146200,1.1696,1.1779,0.012339446232847755,5126
28/08/2018,1.1697,1.1751,1.168,1.1711,232968.0,502809.0,EC1 Curncy,Future,CME,USD,0.0,6.25,125000.0,146388,1.1711,1.1795,0.012255912858698354,5127
29/08/2018,1.1708,1.1727,1.1668,1.1715,247248.0,502161.0,EC1 Curncy,Future,CME,USD,0.0,6.25,125000.0,146431,1.1715,1.1798,0.012101236851385958,5128
30/08/2018,1.1722,1.1732,1.1654,1.1677,246754.0,499612.0,EC1 Curncy,Future,CME,USD,0.0,6.25,125000.0,145963,1.1677,1.1761,0.012062268996061299,5129
31/08/2018,1.1678,1.1703,1.1597,1.1677,266773.0,493553.0,EC1 Curncy,Future,CME,USD,0.0,6.25,125000.0,145963,1.1677,1.1761,0.011986155903096792,5130
03/09/2018,1.1678,1.1703,1.1597,1.1609,266773.0,493553.0,EC1 Curncy,Future,CME,USD,0.0,6.25,125000.0,145113,1.1609,1.1692,0.011507044219376133,5131
04/09/2018,1.1609,1.164,1.1541,1.1591,347935.0,485682.0,EC1 Curncy,Future,CME,USD,0.0,6.25,125000.0,144881,1.1591,1.1674,0.011043123048607226,5132
05/09/2018,1.1592,1.1651,1.1552,1.1634,300428.0,475332.0,EC1 Curncy,Future,CME,USD,0.0,6.25,125000.0,145419,1.1634,1.1717,0.010796372847705907,5133
06/09/2018,1.164,1.1667,1.1613,1.1634,238352.0,464645.0,EC1 Curncy,Future,CME,USD,0.0,6.25,125000.0,145419,1.1634,1.1716,0.010819645712006833,5134
07/09/2018,1.1632,1.1656,1.1557,1.1572,291942.0,447528.0,EC1 Curncy,Future,CME,USD,0.0,6.25,125000.0,144644,1.1572,1.1654,0.010787248645199041,5135
10/09/2018,1.1556,1.1623,1.1531,1.1603,218940.0,429328.0,EC1 Curncy,Future,CME,USD,0.0,6.25,125000.0,145031,1.1603,1.1685,0.010798644976725013,5136
11/09/2018,1.16,1.1649,1.1571,1.159,331638.0,370327.0,EC1 Curncy,Future,CME,USD,0.0,6.25,125000.0,144875,1.159,1.1672,0.010744080540776038,5137
12/09/2018,1.1605,1.1654,1.1574,1.1637,345733.0,292058.0,EC1 Curncy,Future,CME,USD,0.0,6.25,125000.0,145456,1.1637,1.1718,0.010701133896306622,5138
13/09/2018,1.1714,1.1786,1.1693,1.1776,447496.0,393437.0,EC1 Curncy,Future,CME,USD,0.0,6.25,125000.0,147200,1.1694,1.1776,0.011463742844290085,5139
14/09/2018,1.1775,1.1806,1.1704,1.1716,283375.0,451897.0,EC1 Curncy,Future,CME,USD,0.0,6.25,125000.0,146444,1.1634,1.1716,0.01133914017904386,5140
17/09/2018,1.1711,1.1781,1.17,1.1768,163078.0,458290.0,EC1 Curncy,Future,CME,USD,0.0,6.25,125000.0,147100,1.1692,1.1768,0.011319854239344292,5141
18/09/2018,1.1767,1.1807,1.1734,1.1749,223559.0,454724.0,EC1 Curncy,Future,CME,USD,0.0,6.25,125000.0,146856,1.1749,1.1845,0.01052988920486162,5142
19/09/2018,1.1753,1.1797,1.1731,1.1755,194266.0,458560.0,EC1 Curncy,Future,CME,USD,0.0,6.25,125000.0,146931,1.1755,1.1852,0.009532143865188707,5143
20/09/2018,1.1753,1.1864,1.1747,1.1855,266685.0,468029.0,EC1 Curncy,Future,CME,USD,0.0,6.25,125000.0,148188,1.1855,1.1953,0.00908846888461673,5144
21/09/2018,1.1857,1.1882,1.1811,1.1826,237666.0,465696.0,EC1 Curncy,Future,CME,USD,0.0,6.25,125000.0,147819,1.1826,1.1924,0.00886782949768282,5145
24/09/2018,1.1822,1.1893,1.1802,1.1836,225120.0,470759.0,EC1 Curncy,Future,CME,USD,0.0,6.25,125000.0,147950,1.1836,1.1935,0.008681182715120125,5146
25/09/2018,1.1826,1.187,1.1807,1.1844,227077.0,467073.0,EC1 Curncy,Future,CME,USD,0.0,6.25,125000.0,148044,1.1844,1.1942,0.009069742737988525,5147
26/09/2018,1.1843,1.1875,1.1801,1.1837,264250.0,463409.0,EC1 Curncy,Future,CME,USD,0.0,6.25,125000.0,147963,1.1837,1.1935,0.009354353710080211,5148
27/09/2018,1.1818,1.1831,1.1711,1.1731,309543.0,461736.0,EC1 Curncy,Future,CME,USD,0.0,6.25,125000.0,146631,1.1731,1.1829,0.008871711597353777,5149
28/09/2018,1.1713,1.1723,1.1641,1.1682,299911.0,468471.0,EC1 Curncy,Future,CME,USD,0.0,6.25,125000.0,146025,1.1682,1.1781,0.008790889223126838,5150
01/10/2018,1.1683,1.1695,1.1633,1.1645,220813.0,464336.0,EC1 Curncy,Future,CME,USD,0.0,6.25,125000.0,145556,1.1645,1.1743,0.008880643745432447,5151
02/10/2018,1.1645,1.1649,1.1573,1.1613,262987.0,465755.0,EC1 Curncy,Future,CME,USD,0.0,6.25,125000.0,145156,1.1613,1.1711,0.009075485294643483,5152
03/10/2018,1.1616,1.1661,1.1532,1.1584,275313.0,468447.0,EC1 Curncy,Future,CME,USD,0.0,6.25,125000.0,144800,1.1584,1.1682,0.009375805743150408,5153
04/10/2018,1.1545,1.1607,1.1527,1.1579,233008.0,467570.0,EC1 Curncy,Future,CME,USD,0.0,6.25,125000.0,144731,1.1579,1.1676,0.009666071246028238,5154
05/10/2018,1.1576,1.1614,1.1547,1.1589,230503.0,466987.0,EC1 Curncy,Future,CME,USD,0.0,6.25,125000.0,144863,1.1589,1.1686,0.009887197108717353,5155
08/10/2018,1.1586,1.1593,1.1523,1.1552,159032.0,469248.0,EC1 Curncy,Future,CME,USD,0.0,6.25,125000.0,144394,1.1552,1.1648,0.010144617620523197,5156
09/10/2018,1.1555,1.1566,1.1494,1.156,254931.0,468654.0,EC1 Curncy,Future,CME,USD,0.0,6.25,125000.0,144500,1.156,1.1658,0.010285982370843197,5157
10/10/2018,1.1552,1.1607,1.1541,1.1587,216787.0,467990.0,EC1 Curncy,Future,CME,USD,0.0,6.25,125000.0,144831,1.1587,1.1685,0.010428246896448978,5158
11/10/2018,1.1588,1.1659,1.1586,1.1653,324112.0,467456.0,EC1 Curncy,Future,CME,USD,0.0,6.25,125000.0,145663,1.1653,1.1753,0.01039655712243068,5159
12/10/2018,1.1651,1.1669,1.1593,1.1622,208354.0,458717.0,EC1 Curncy,Future,CME,USD,0.0,6.25,125000.0,145269,1.1622,1.1722,0.010215514345019378,5160
15/10/2018,1.161,1.1664,1.1601,1.1641,157712.0,457514.0,EC1 Curncy,Future,CME,USD,0.0,6.25,125000.0,145506,1.1641,1.1742,0.010112200551806855,5161
16/10/2018,1.1637,1.1678,1.1622,1.1634,189349.0,455333.0,EC1 Curncy,Future,CME,USD,0.0,6.25,125000.0,145425,1.1634,1.1735,0.009969857906040028,5162
17/10/2018,1.1628,1.1636,1.155,1.1561,217562.0,455375.0,EC1 Curncy,Future,CME,USD,0.0,6.25,125000.0,144513,1.1561,1.1661,0.010252723215482653,5163
18/10/2018,1.155,1.158,1.1501,1.1517,232722.0,460683.0,EC1 Curncy,Future,CME,USD,0.0,6.25,125000.0,143963,1.1517,1.1618,0.010626110922313097,5164
19/10/2018,1.1506,1.1586,1.1484,1.1561,245234.0,459313.0,EC1 Curncy,Future,CME,USD,0.0,6.25,125000.0,144513,1.1561,1.1662,0.01084175108857596,5165
22/10/2018,1.1567,1.1601,1.1506,1.1517,165811.0,462889.0,EC1 Curncy,Future,CME,USD,0.0,6.25,125000.0,143963,1.1517,1.1617,0.011068197685259152,5166
23/10/2018,1.1514,1.1543,1.1488,1.1517,221139.0,466027.0,EC1 Curncy,Future,CME,USD,0.0,6.25,125000.0,143963,1.1517,1.1617,0.011272086467611657,5167
24/10/2018,1.1518,1.1525,1.1427,1.1436,254644.0,480376.0,EC1 Curncy,Future,CME,USD,0.0,6.25,125000.0,142944,1.1436,1.1534,0.011847456829772365,5168
25/10/2018,1.1444,1.1479,1.1401,1.1408,235221.0,482835.0,EC1 Curncy,Future,CME,USD,0.0,6.25,125000.0,142594,1.1408,1.1507,0.011827317250049908,5169
26/10/2018,1.1417,1.1466,1.138,1.1455,246652.0,480632.0,EC1 Curncy,Future,CME,USD,0.0,6.25,125000.0,143181,1.1455,1.1555,0.01147384997868348,5170
29/10/2018,1.1442,1.146,1.1405,1.1435,226065.0,482430.0,EC1 Curncy,Future,CME,USD,0.0,6.25,125000.0,142931,1.1435,1.1536,0.010920546384377597,5171
30/10/2018,1.1414,1.1431,1.1383,1.1385,189601.0,479361.0,EC1 Curncy,Future,CME,USD,0.0,6.25,125000.0,142306,1.1385,1.1485,0.01032127576093923,5172
31/10/2018,1.1387,1.1402,1.1343,1.1356,252900.0,480982.0,EC1 Curncy,Future,CME,USD,0.0,6.25,125000.0,141944,1.1356,1.1455,0.009636821744401057,5173
01/11/2018,1.1355,1.1463,1.1352,1.1447,248490.0,481020.0,EC1 Curncy,Future,CME,USD,0.0,6.25,125000.0,143088,1.1447,1.1547,0.009108058702784388,5174
02/11/2018,1.1444,1.1494,1.141,1.1423,269419.0,477878.0,EC1 Curncy,Future,CME,USD,0.0,6.25,125000.0,142781,1.1423,1.1521,0.008913562699618936,5175
05/11/2018,1.1427,1.1461,1.1389,1.1456,158016.0,481463.0,EC1 Curncy,Future,CME,USD,0.0,6.25,125000.0,143194,1.1456,1.1555,0.008706181711866656,5176
06/11/2018,1.1443,1.1475,1.1428,1.1449,159045.0,481421.0,EC1 Curncy,Future,CME,USD,0.0,6.25,125000.0,143106,1.1449,1.1549,0.008621314671598013,5177
07/11/2018,1.1455,1.1546,1.143,1.1491,268365.0,489229.0,EC1 Curncy,Future,CME,USD,0.0,6.25,125000.0,143631,1.1491,1.1591,0.008520039123543556,5178
08/11/2018,1.1459,1.1479,1.1383,1.1388,204363.0,490014.0,EC1 Curncy,Future,CME,USD,0.0,6.25,125000.0,142350,1.1388,1.1489,0.008758805093545376,5179
09/11/2018,1.1397,1.1401,1.1348,1.1367,180120.0,495556.0,EC1 Curncy,Future,CME,USD,0.0,6.25,125000.0,142088,1.1367,1.1468,0.009000070370098251,5180
12/11/2018,1.135,1.1362,1.1246,1.1271,202614.0,492064.0,EC1 Curncy,Future,CME,USD,0.0,6.25,125000.0,140888,1.1271,1.1372,0.009982030521561842,5181
13/11/2018,1.125,1.1324,1.125,1.1298,236407.0,488241.0,EC1 Curncy,Future,CME,USD,0.0,6.25,125000.0,141225,1.1298,1.1399,0.010527503661048857,5182
14/11/2018,1.1325,1.1377,1.1292,1.1367,247663.0,491332.0,EC1 Curncy,Future,CME,USD,0.0,6.25,125000.0,142081,1.1367,1.1468,0.010471628335653802,5183
15/11/2018,1.1342,1.1389,1.1297,1.1377,242762.0,487885.0,EC1 Curncy,Future,CME,USD,0.0,6.25,125000.0,142213,1.1377,1.1477,0.009857048239715204,5184
16/11/2018,1.135,1.1447,1.1347,1.1438,220310.0,490241.0,EC1 Curncy,Future,CME,USD,0.0,6.25,125000.0,142975,1.1438,1.1537,0.009226140399253785,5185
19/11/2018,1.1442,1.1489,1.1418,1.1479,145884.0,482828.0,EC1 Curncy,Future,CME,USD,0.0,6.25,125000.0,143481,1.1479,1.1576,0.008338900806865722,5186
20/11/2018,1.1475,1.1495,1.1381,1.1391,197119.0,491637.0,EC1 Curncy,Future,CME,USD,0.0,6.25,125000.0,142381,1.1391,1.1489,0.0073579322276540555,5187
21/11/2018,1.1391,1.1448,1.1389,1.1391,186238.0,487658.0,EC1 Curncy,Future,CME,USD,0.0,6.25,125000.0,142381,1.1391,1.1489,0.0068824051028755,5188
22/11/2018,1.1391,1.1448,1.1389,1.1411,186238.0,487658.0,EC1 Curncy,Future,CME,USD,0.0,6.25,125000.0,142638,1.1411,1.151,0.006611926093564213,5189
23/11/2018,1.1407,1.1454,1.135,1.1355,203792.0,488645.0,EC1 Curncy,Future,CME,USD,0.0,6.25,125000.0,141931,1.1355,1.1453,0.006048396481720802,5190
26/11/2018,1.1355,1.1403,1.1342,1.1347,147894.0,484784.0,EC1 Curncy,Future,CME,USD,0.0,6.25,125000.0,141838,1.1347,1.1445,0.005771779044058177,5191
27/11/2018,1.1349,1.1361,1.1295,1.1312,200671.0,485514.0,EC1 Curncy,Future,CME,USD,0.0,6.25,125000.0,141400,1.1312,1.1408,0.005574848278960873,5192
28/11/2018,1.1312,1.1406,1.1283,1.1392,242326.0,486932.0,EC1 Curncy,Future,CME,USD,0.0,6.25,125000.0,142400,1.1392,1.1488,0.0055167985885626785,5193
29/11/2018,1.1382,1.1416,1.1363,1.1404,220747.0,479523.0,EC1 Curncy,Future,CME,USD,0.0,6.25,125000.0,142550,1.1404,1.1497,0.00551361950084521,5194
30/11/2018,1.1403,1.1414,1.1318,1.1322,202672.0,484735.0,EC1 Curncy,Future,CME,USD,0.0,6.25,125000.0,141525,1.1322,1.1417,0.0055560717538055936,5195
03/12/2018,1.1347,1.1392,1.1331,1.1355,196671.0,481947.0,EC1 Curncy,Future,CME,USD,0.0,6.25,125000.0,141931,1.1355,1.1451,0.005516816714988018,5196
04/12/2018,1.1367,1.1431,1.1329,1.1353,252191.0,479346.0,EC1 Curncy,Future,CME,USD,0.0,6.25,125000.0,141913,1.1353,1.1449,0.005558327086462713,5197
05/12/2018,1.1351,1.1372,1.1321,1.1351,130235.0,472687.0,EC1 Curncy,Future,CME,USD,0.0,6.25,125000.0,141888,1.1351,1.1446,0.005570308190166725,5198
06/12/2018,1.1354,1.142,1.1329,1.1381,252497.0,466285.0,EC1 Curncy,Future,CME,USD,0.0,6.25,125000.0,142263,1.1381,1.1475,0.005420584224365453,5199
07/12/2018,1.1385,1.1431,1.1367,1.143,224989.0,459684.0,EC1 Curncy,Future,CME,USD,0.0,6.25,125000.0,142869,1.143,1.1524,0.005443993632139261,5200
10/12/2018,1.1407,1.1449,1.1356,1.1359,317374.0,424301.0,EC1 Curncy,Future,CME,USD,0.0,6.25,125000.0,141981,1.1359,1.1453,0.005244336627903905,5201
11/12/2018,1.1357,1.1406,1.1311,1.1332,363418.0,358964.0,EC1 Curncy,Future,CME,USD,0.0,6.25,125000.0,141650,1.1332,1.1426,0.005115590549171858,5202
12/12/2018,1.1417,1.1485,1.1413,1.1464,342016.0,343278.0,EC1 Curncy,Future,CME,USD,0.0,6.25,125000.0,143300,1.1372,1.1464,0.004882536908900632,5203
13/12/2018,1.1465,1.1489,1.1424,1.1459,348196.0,431993.0,EC1 Curncy,Future,CME,USD,0.0,6.25,125000.0,143231,1.1368,1.1459,0.005169081156270322,5204
14/12/2018,1.1448,1.1457,1.1362,1.1396,283933.0,481537.0,EC1 Curncy,Future,CME,USD,0.0,6.25,125000.0,142450,1.1305,1.1396,0.005180009652511122,5205
17/12/2018,1.1396,1.145,1.1395,1.1442,172375.0,484752.0,EC1 Curncy,Future,CME,USD,0.0,6.25,125000.0,143025,1.1342,1.1442,0.004833932146824714,5206
18/12/2018,1.1438,1.1493,1.1426,1.1446,164785.0,485001.0,EC1 Curncy,Future,CME,USD,0.0,6.25,125000.0,143075,1.1446,1.1537,0.004635971670905264,5207
19/12/2018,1.1458,1.1533,1.1456,1.1464,216554.0,484338.0,EC1 Curncy,Future,CME,USD,0.0,6.25,125000.0,143294,1.1464,1.1555,0.004835672996950322,5208
20/12/2018,1.147,1.1575,1.1466,1.1558,258931.0,497272.0,EC1 Curncy,Future,CME,USD,0.0,6.25,125000.0,144475,1.1558,1.1651,0.005823910484668452,5209
21/12/2018,1.1535,1.1558,1.1439,1.1452,184531.0,487602.0,EC1 Curncy,Future,CME,USD,0.0,6.25,125000.0,143150,1.1452,1.1544,0.005867259439758128,5210
24/12/2018,1.1452,1.1522,1.145,1.1452,70618.0,489004.0,EC1 Curncy,Future,CME,USD,0.0,6.25,125000.0,143150,1.1452,1.1544,0.0057428419213340215,5211
25/12/2018,1.1452,1.1522,1.145,1.1493,70618.0,489004.0,EC1 Curncy,Future,CME,USD,0.0,6.25,125000.0,143656,1.1493,1.1584,0.006025963270169298,5212
26/12/2018,1.1495,1.1504,1.1424,1.1433,78854.0,487199.0,EC1 Curncy,Future,CME,USD,0.0,6.25,125000.0,142913,1.1433,1.1524,0.006044289315827682,5213
27/12/2018,1.1437,1.1533,1.1434,1.1527,178453.0,488321.0,EC1 Curncy,Future,CME,USD,0.0,6.25,125000.0,144081,1.1527,1.1618,0.006507603245442462,5214
28/12/2018,1.1507,1.1548,1.1505,1.1516,141218.0,490138.0,EC1 Curncy,Future,CME,USD,0.0,6.25,125000.0,143944,1.1516,1.1607,0.006721792915591068,5215
31/12/2018,1.1514,1.1541,1.1495,1.1516,94737.0,486148.0,EC1 Curncy,Future,CME,USD,0.0,6.25,125000.0,143944,1.1516,1.1607,0.006831110207481214,5216
01/01/2019,1.1514,1.1541,1.1495,1.1523,94737.0,486148.0,EC1 Curncy,Future,CME,USD,0.0,6.25,125000.0,144031,1.1523,1.1614,0.006686989855937957,5217
02/01/2019,1.1533,1.1569,1.1396,1.1414,213671.0,485682.0,EC1 Curncy,Future,CME,USD,0.0,6.25,125000.0,142675,1.1414,1.1505,0.0066454069351257,5218
03/01/2019,1.142,1.1481,1.1378,1.1461,217663.0,488820.0,EC1 Curncy,Future,CME,USD,0.0,6.25,125000.0,143263,1.1461,1.1551,0.006637110314995214,5219
04/01/2019,1.1464,1.1488,1.1413,1.1467,211982.0,489919.0,EC1 Curncy,Future,CME,USD,0.0,6.25,125000.0,143338,1.1467,1.1558,0.006220214358585013,5220
07/01/2019,1.1475,1.1551,1.1471,1.1547,186803.0,498531.0,EC1 Curncy,Future,CME,USD,0.0,6.25,125000.0,144331,1.1547,1.1638,0.006289281888001561,5221
08/01/2019,1.1545,1.1552,1.1488,1.1508,177145.0,493973.0,EC1 Curncy,Future,CME,USD,0.0,6.25,125000.0,143850,1.1508,1.1599,0.006058731990557842,5222
09/01/2019,1.1507,1.1625,1.1504,1.161,254788.0,505509.0,EC1 Curncy,Future,CME,USD,0.0,6.25,125000.0,145119,1.161,1.1701,0.006399674470893465,5223
10/01/2019,1.1613,1.1633,1.1547,1.1562,207876.0,504873.0,EC1 Curncy,Future,CME,USD,0.0,6.25,125000.0,144525,1.1562,1.1654,0.006421791027436947,5224
11/01/2019,1.1559,1.1603,1.152,1.1527,187965.0,501790.0,EC1 Curncy,Future,CME,USD,0.0,6.25,125000.0,144088,1.1527,1.1618,0.006442652145408372,5225
14/01/2019,1.1527,1.1543,1.1512,1.1527,138583.0,501141.0,EC1 Curncy,Future,CME,USD,0.0,6.25,125000.0,144081,1.1527,1.1619,0.006021674739367183,5226
15/01/2019,1.1527,1.155,1.1441,1.1461,226599.0,504112.0,EC1 Curncy,Future,CME,USD,0.0,6.25,125000.0,143256,1.1461,1.1551,0.005156953234879204,5227
16/01/2019,1.1466,1.1483,1.1437,1.1457,150044.0,504421.0,EC1 Curncy,Future,CME,USD,0.0,6.25,125000.0,143206,1.1457,1.1547,0.005172968200179135,5228
17/01/2019,1.1451,1.1461,1.1425,1.1445,156970.0,505022.0,EC1 Curncy,Future,CME,USD,0.0,6.25,125000.0,143056,1.1445,1.1534,0.00521389809388312,5229
18/01/2019,1.1445,1.1465,1.1408,1.1445,150810.0,502684.0,EC1 Curncy,Future,CME,USD,0.0,6.25,125000.0,143056,1.1445,1.1534,0.004937806530575828,5230
21/01/2019,1.1445,1.1465,1.1408,1.1425,150810.0,502684.0,EC1 Curncy,Future,CME,USD,0.0,6.25,125000.0,142806,1.1425,1.1514,0.005017891323394474,5231
22/01/2019,1.1419,1.1445,1.1389,1.1415,185488.0,505793.0,EC1 Curncy,Future,CME,USD,0.0,6.25,125000.0,142688,1.1415,1.1505,0.005165833266124453,5232
23/01/2019,1.1414,1.1447,1.1402,1.1436,135435.0,509108.0,EC1 Curncy,Future,CME,USD,0.0,6.25,125000.0,142944,1.1436,1.1525,0.005250152378747227,5233
24/01/2019,1.1431,1.1441,1.1338,1.1348,287586.0,508574.0,EC1 Curncy,Future,CME,USD,0.0,6.25,125000.0,141850,1.1348,1.1437,0.005726525997502171,5234
25/01/2019,1.1352,1.1466,1.1347,1.1463,235735.0,508345.0,EC1 Curncy,Future,CME,USD,0.0,6.25,125000.0,143281,1.1463,1.1552,0.005709372411517872,5235
28/01/2019,1.1455,1.1492,1.1438,1.1476,141624.0,508238.0,EC1 Curncy,Future,CME,USD,0.0,6.25,125000.0,143450,1.1476,1.1566,0.0056819832218514225,5236
29/01/2019,1.1474,1.1497,1.1458,1.1475,151084.0,505925.0,EC1 Curncy,Future,CME,USD,0.0,6.25,125000.0,143438,1.1475,1.1565,0.005676330974617433,5237
30/01/2019,1.148,1.1548,1.1451,1.1538,220748.0,507994.0,EC1 Curncy,Future,CME,USD,0.0,6.25,125000.0,144219,1.1538,1.1628,0.005707384105998123,5238
31/01/2019,1.1525,1.1557,1.1478,1.1487,233027.0,509887.0,EC1 Curncy,Future,CME,USD,0.0,6.25,125000.0,143581,1.1487,1.1576,0.005636154126121859,5239
01/02/2019,1.1489,1.1531,1.1476,1.1502,173274.0,507827.0,EC1 Curncy,Future,CME,USD,0.0,6.25,125000.0,143769,1.1502,1.1592,0.005607807058027879,5240
04/02/2019,1.1496,1.1501,1.1465,1.1472,110867.0,503936.0,EC1 Curncy,Future,CME,USD,0.0,6.25,125000.0,143400,1.1472,1.1562,0.005563563007048744,5241
05/02/2019,1.1475,1.148,1.144,1.1449,142948.0,504693.0,EC1 Curncy,Future,CME,USD,0.0,6.25,125000.0,143106,1.1449,1.1539,0.005519942632558387,5242
06/02/2019,1.1443,1.1448,1.1398,1.1402,132693.0,506595.0,EC1 Curncy,Future,CME,USD,0.0,6.25,125000.0,142525,1.1402,1.1492,0.005581591768190835,5243
07/02/2019,1.1401,1.1404,1.1359,1.1386,165956.0,513795.0,EC1 Curncy,Future,CME,USD,0.0,6.25,125000.0,142319,1.1386,1.1475,0.0058612427578745244,5244
08/02/2019,1.1373,1.1385,1.1355,1.1357,126634.0,517235.0,EC1 Curncy,Future,CME,USD,0.0,6.25,125000.0,141956,1.1357,1.1446,0.006305751343025769,5245
11/02/2019,1.1353,1.1363,1.13,1.1309,178399.0,520059.0,EC1 Curncy,Future,CME,USD,0.0,6.25,125000.0,141356,1.1309,1.1398,0.006849119164783696,5246
12/02/2019,1.1308,1.1372,1.129,1.1364,190032.0,519141.0,EC1 Curncy,Future,CME,USD,0.0,6.25,125000.0,142050,1.1364,1.1453,0.00702555573128624,5247
13/02/2019,1.136,1.1373,1.1291,1.1301,173988.0,518647.0,EC1 Curncy,Future,CME,USD,0.0,6.25,125000.0,141263,1.1301,1.139,0.006874389669884349,5248
14/02/2019,1.1284,1.1338,1.1277,1.1329,192877.0,514596.0,EC1 Curncy,Future,CME,USD,0.0,6.25,125000.0,141606,1.1329,1.1417,0.006746090225709664,5249
15/02/2019,1.132,1.1334,1.1261,1.1329,181232.0,517530.0,EC1 Curncy,Future,CME,USD,0.0,6.25,125000.0,141606,1.1329,1.1417,0.006744622549366097,5250
18/02/2019,1.132,1.1334,1.1261,1.1322,181232.0,517530.0,EC1 Curncy,Future,CME,USD,0.0,6.25,125000.0,141525,1.1322,1.141,0.006685090375860303,5251
19/02/2019,1.1319,1.1384,1.1301,1.1366,282210.0,513735.0,EC1 Curncy,Future,CME,USD,0.0,6.25,125000.0,142069,1.1366,1.1454,0.006686984871132478,5252
20/02/2019,1.1363,1.1397,1.1349,1.1375,175231.0,506956.0,EC1 Curncy,Future,CME,USD,0.0,6.25,125000.0,142188,1.1375,1.1463,0.006657694796255617,5253
21/02/2019,1.1364,1.1388,1.1341,1.1358,198651.0,502718.0,EC1 Curncy,Future,CME,USD,0.0,6.25,125000.0,141969,1.1358,1.1445,0.006687032226637638,5254
22/02/2019,1.1355,1.1377,1.1336,1.1359,141185.0,502879.0,EC1 Curncy,Future,CME,USD,0.0,6.25,125000.0,141988,1.1359,1.1446,0.00669474420721894,5255
25/02/2019,1.1355,1.1388,1.1355,1.1385,118394.0,499868.0,EC1 Curncy,Future,CME,USD,0.0,6.25,125000.0,142306,1.1385,1.1472,0.0066845792687417575,5256
26/02/2019,1.1377,1.1422,1.1364,1.1416,187286.0,498863.0,EC1 Curncy,Future,CME,USD,0.0,6.25,125000.0,142694,1.1416,1.1503,0.006685536627683082,5257
27/02/2019,1.1411,1.1422,1.138,1.1388,141669.0,498486.0,EC1 Curncy,Future,CME,USD,0.0,6.25,125000.0,142350,1.1388,1.1475,0.006647134721072883,5258
28/02/2019,1.1387,1.1437,1.1375,1.1394,201724.0,494546.0,EC1 Curncy,Future,CME,USD,0.0,6.25,125000.0,142419,1.1394,1.1481,0.006565434740626506,5259
01/03/2019,1.1387,1.1423,1.1367,1.1372,157333.0,496641.0,EC1 Curncy,Future,CME,USD,0.0,6.25,125000.0,142144,1.1372,1.1459,0.006453363464124215,5260
04/03/2019,1.1388,1.1394,1.1321,1.1344,156233.0,497498.0,EC1 Curncy,Future,CME,USD,0.0,6.25,125000.0,141794,1.1344,1.143,0.00631378650257475,5261
05/03/2019,1.1349,1.1351,1.1302,1.1315,158626.0,498953.0,EC1 Curncy,Future,CME,USD,0.0,6.25,125000.0,141431,1.1315,1.1401,0.006239009002512383,5262
06/03/2019,1.1313,1.1336,1.1296,1.1318,149341.0,489984.0,EC1 Curncy,Future,CME,USD,0.0,6.25,125000.0,141475,1.1318,1.1404,0.005494654978561763,5263
07/03/2019,1.1315,1.1329,1.1185,1.1191,365760.0,459892.0,EC1 Curncy,Future,CME,USD,0.0,6.25,125000.0,139888,1.1191,1.1276,0.006152053857596751,5264
08/03/2019,1.1202,1.1254,1.1193,1.125,240958.0,431328.0,EC1 Curncy,Future,CME,USD,0.0,6.25,125000.0,140625,1.125,1.1336,0.005856156304844921,5265
11/03/2019,1.1243,1.1265,1.1228,1.1246,233454.0,388221.0,EC1 Curncy,Future,CME,USD,0.0,6.25,125000.0,140575,1.1246,1.1332,0.005701681038674334,5266
12/03/2019,1.1253,1.1311,1.1253,1.1302,336634.0,290272.0,EC1 Curncy,Future,CME,USD,0.0,6.25,125000.0,141275,1.1302,1.1388,0.005330362714373254,5267
13/03/2019,1.1379,1.143,1.1368,1.1421,330049.0,351884.0,EC1 Curncy,Future,CME,USD,0.0,6.25,125000.0,142756,1.1335,1.1421,0.005436245640769023,5268
14/03/2019,1.1417,1.1426,1.1383,1.1388,285176.0,430294.0,EC1 Curncy,Future,CME,USD,0.0,6.25,125000.0,142350,1.1302,1.1388,0.005443457847126846,5269
15/03/2019,1.1393,1.1432,1.1387,1.1408,209319.0,463223.0,EC1 Curncy,Future,CME,USD,0.0,6.25,125000.0,142594,1.1322,1.1408,0.005603198491348141,5270
18/03/2019,1.141,1.1446,1.1406,1.1424,129957.0,465821.0,EC1 Curncy,Future,CME,USD,0.0,6.25,125000.0,142794,1.1344,1.1424,0.005789933793528582,5271
19/03/2019,1.1423,1.1448,1.142,1.1439,130540.0,468902.0,EC1 Curncy,Future,CME,USD,0.0,6.25,125000.0,142981,1.1439,1.1525,0.0060713123238261245,5272
20/03/2019,1.1433,1.1535,1.142,1.1532,201422.0,479440.0,EC1 Curncy,Future,CME,USD,0.0,6.25,125000.0,144150,1.1532,1.1619,0.00698925842514349,5273
21/03/2019,1.1509,1.1521,1.1425,1.1436,227581.0,470839.0,EC1 Curncy,Future,CME,USD,0.0,6.25,125000.0,142944,1.1436,1.1522,0.007125208768878583,5274
22/03/2019,1.1458,1.1473,1.1354,1.1375,267149.0,470213.0,EC1 Curncy,Future,CME,USD,0.0,6.25,125000.0,142188,1.1375,1.1461,0.007092747469547344,5275
25/03/2019,1.1373,1.1412,1.1369,1.1392,147476.0,471021.0,EC1 Curncy,Future,CME,USD,0.0,6.25,125000.0,142400,1.1392,1.1477,0.0070541524414184055,5276
26/03/2019,1.1393,1.1407,1.1343,1.1358,162936.0,472012.0,EC1 Curncy,Future,CME,USD,0.0,6.25,125000.0,141975,1.1358,1.1443,0.007056798140807395,5277
27/03/2019,1.1348,1.1364,1.132,1.1343,215000.0,470583.0,EC1 Curncy,Future,CME,USD,0.0,6.25,125000.0,141781,1.1343,1.1427,0.007071520345732107,5278
28/03/2019,1.1326,1.1335,1.1288,1.1301,193757.0,472105.0,EC1 Curncy,Future,CME,USD,0.0,6.25,125000.0,141256,1.1301,1.1385,0.007189826145332298,5279
29/03/2019,1.13,1.1321,1.1283,1.1289,189647.0,474950.0,EC1 Curncy,Future,CME,USD,0.0,6.25,125000.0,141106,1.1289,1.1374,0.007344267605879543,5280
01/04/2019,1.1299,1.1323,1.1277,1.1285,176889.0,479024.0,EC1 Curncy,Future,CME,USD,0.0,6.25,125000.0,141063,1.1285,1.1371,0.007479634572185987,5281
02/04/2019,1.1277,1.1288,1.1255,1.127,168709.0,480009.0,EC1 Curncy,Future,CME,USD,0.0,6.25,125000.0,140869,1.127,1.1355,0.007569856889891794,5282
03/04/2019,1.1272,1.1326,1.1272,1.131,178296.0,478007.0,EC1 Curncy,Future,CME,USD,0.0,6.25,125000.0,141375,1.131,1.1396,0.007572775801081371,5283
04/04/2019,1.1307,1.1316,1.1274,1.1288,129698.0,480664.0,EC1 Curncy,Future,CME,USD,0.0,6.25,125000.0,141100,1.1288,1.1373,0.007601881346095333,5284
05/04/2019,1.1289,1.1321,1.1277,1.1285,133366.0,479905.0,EC1 Curncy,Future,CME,USD,0.0,6.25,125000.0,141056,1.1285,1.1371,0.0076666485507106506,5285
08/04/2019,1.1283,1.1342,1.1281,1.1329,146347.0,480017.0,EC1 Curncy,Future,CME,USD,0.0,6.25,125000.0,141606,1.1329,1.1415,0.007669582778751006,5286
09/04/2019,1.1328,1.1351,1.1321,1.1333,131389.0,478245.0,EC1 Curncy,Future,CME,USD,0.0,6.25,125000.0,141656,1.1333,1.1419,0.0076537637800048195,5287
10/04/2019,1.1328,1.136,1.1294,1.1336,199443.0,478646.0,EC1 Curncy,Future,CME,USD,0.0,6.25,125000.0,141694,1.1336,1.1422,0.007640150522084846,5288
11/04/2019,1.1336,1.1349,1.1312,1.1317,135586.0,478071.0,EC1 Curncy,Future,CME,USD,0.0,6.25,125000.0,141463,1.1317,1.1404,0.006996220408199799,5289
12/04/2019,1.1316,1.1386,1.1316,1.1357,212879.0,483919.0,EC1 Curncy,Future,CME,USD,0.0,6.25,125000.0,141963,1.1357,1.1444,0.006703859584854317,5290
15/04/2019,1.1364,1.1382,1.1358,1.1364,135313.0,481549.0,EC1 Curncy,Future,CME,USD,0.0,6.25,125000.0,142044,1.1364,1.1451,0.006342680821238604,5291
16/04/2019,1.136,1.1374,1.1336,1.1347,199751.0,484502.0,EC1 Curncy,Future,CME,USD,0.0,6.25,125000.0,141838,1.1347,1.1434,0.006248327776302019,5292
17/04/2019,1.1339,1.1379,1.1334,1.1354,184443.0,486894.0,EC1 Curncy,Future,CME,USD,0.0,6.25,125000.0,141919,1.1354,1.1441,0.006104779548308179,5293
18/04/2019,1.135,1.1358,1.128,1.1354,253387.0,488031.0,EC1 Curncy,Future,CME,USD,0.0,6.25,125000.0,141919,1.1354,1.1441,0.006064547248842437,5294
19/04/2019,1.135,1.1358,1.128,1.1283,253387.0,488031.0,EC1 Curncy,Future,CME,USD,0.0,6.25,125000.0,141038,1.1283,1.137,0.006107678227726519,5295
22/04/2019,1.1294,1.1316,1.1289,1.1313,70476.0,487543.0,EC1 Curncy,Future,CME,USD,0.0,6.25,125000.0,141406,1.1313,1.14,0.005933450373387017,5296
23/04/2019,1.131,1.1315,1.1245,1.1268,224413.0,492381.0,EC1 Curncy,Future,CME,USD,0.0,6.25,125000.0,140850,1.1268,1.1355,0.005771285241040326,5297
24/04/2019,1.1276,1.1277,1.1192,1.1193,263952.0,492760.0,EC1 Curncy,Future,CME,USD,0.0,6.25,125000.0,139913,1.1193,1.1278,0.004911296502295168,5298
25/04/2019,1.1205,1.1211,1.1166,1.1177,226181.0,495221.0,EC1 Curncy,Future,CME,USD,0.0,6.25,125000.0,139706,1.1177,1.1262,0.005158219977226839,5299
26/04/2019,1.1181,1.1222,1.1157,1.1201,254031.0,495904.0,EC1 Curncy,Future,CME,USD,0.0,6.25,125000.0,140013,1.1201,1.1286,0.005450177367156538,5300
29/04/2019,1.1193,1.1234,1.1191,1.1229,150906.0,498360.0,EC1 Curncy,Future,CME,USD,0.0,6.25,125000.0,140363,1.1229,1.1315,0.005351080887708749,5301
30/04/2019,1.123,1.1275,1.1221,1.1267,243558.0,499567.0,EC1 Curncy,Future,CME,USD,0.0,6.25,125000.0,140831,1.1267,1.1352,0.005244006102221556,5302
01/05/2019,1.1262,1.1311,1.1233,1.1241,162143.0,501689.0,EC1 Curncy,Future,CME,USD,0.0,6.25,125000.0,140506,1.1241,1.1327,0.005257604017053648,5303
02/05/2019,1.1242,1.1261,1.1213,1.1216,163209.0,499775.0,EC1 Curncy,Future,CME,USD,0.0,6.25,125000.0,140194,1.1216,1.1302,0.005465290477196995,5304
03/05/2019,1.1214,1.1246,1.1176,1.1235,205195.0,495311.0,EC1 Curncy,Future,CME,USD,0.0,6.25,125000.0,140438,1.1235,1.1321,0.005567908045230371,5305
06/05/2019,1.1222,1.1249,1.1218,1.1244,121218.0,495302.0,EC1 Curncy,Future,CME,USD,0.0,6.25,125000.0,140544,1.1244,1.133,0.0056312432020062695,5306
07/05/2019,1.1235,1.1257,1.1205,1.122,176296.0,497221.0,EC1 Curncy,Future,CME,USD,0.0,6.25,125000.0,140250,1.122,1.1306,0.00577170396562483,5307
08/05/2019,1.1231,1.1251,1.122,1.1229,180222.0,493224.0,EC1 Curncy,Future,CME,USD,0.0,6.25,125000.0,140363,1.1229,1.1314,0.0058375223054658145,5308
09/05/2019,1.1231,1.1286,1.1208,1.1259,222222.0,496836.0,EC1 Curncy,Future,CME,USD,0.0,6.25,125000.0,140738,1.1259,1.1344,0.005848110806076166,5309
10/05/2019,1.1253,1.1288,1.1251,1.1265,148422.0,492742.0,EC1 Curncy,Future,CME,USD,0.0,6.25,125000.0,140813,1.1265,1.135,0.005851871495525615,5310
13/05/2019,1.127,1.1297,1.1254,1.1264,160360.0,489788.0,EC1 Curncy,Future,CME,USD,0.0,6.25,125000.0,140800,1.1264,1.1349,0.00575593027524481,5311
14/05/2019,1.1257,1.1276,1.1233,1.1239,161357.0,486215.0,EC1 Curncy,Future,CME,USD,0.0,6.25,125000.0,140488,1.1239,1.1324,0.005665121357936492,5312
15/05/2019,1.1239,1.1256,1.1208,1.1235,177617.0,483731.0,EC1 Curncy,Future,CME,USD,0.0,6.25,125000.0,140431,1.1235,1.1319,0.005540132369069952,5313
16/05/2019,1.1234,1.1252,1.1194,1.1198,139482.0,490679.0,EC1 Curncy,Future,CME,USD,0.0,6.25,125000.0,139975,1.1198,1.1283,0.0056020769957952875,5314
17/05/2019,1.1204,1.1211,1.1182,1.1187,142331.0,491489.0,EC1 Curncy,Future,CME,USD,0.0,6.25,125000.0,139831,1.1187,1.1271,0.0054310465535494816,5315
20/05/2019,1.1185,1.1201,1.1177,1.1194,107746.0,493240.0,EC1 Curncy,Future,CME,USD,0.0,6.25,125000.0,139919,1.1194,1.1278,0.005065004113209057,5316
21/05/2019,1.1192,1.1214,1.1167,1.1183,171890.0,493038.0,EC1 Curncy,Future,CME,USD,0.0,6.25,125000.0,139788,1.1183,1.1268,0.004790434914162539,5317
22/05/2019,1.1186,1.1205,1.1173,1.1184,126258.0,496970.0,EC1 Curncy,Future,CME,USD,0.0,6.25,125000.0,139800,1.1184,1.1269,0.004316279261914172,5318
23/05/2019,1.1174,1.1209,1.1127,1.1204,240487.0,505325.0,EC1 Curncy,Future,CME,USD,0.0,6.25,125000.0,140044,1.1204,1.1289,0.0035735509884193524,5319
24/05/2019,1.1203,1.1233,1.1198,1.1204,151706.0,500775.0,EC1 Curncy,Future,CME,USD,0.0,6.25,125000.0,140044,1.1204,1.1289,0.0034233852641551033,5320
27/05/2019,1.1203,1.1233,1.1198,1.1226,151706.0,500775.0,EC1 Curncy,Future,CME,USD,0.0,6.25,125000.0,140325,1.1226,1.1311,0.0029046112763734685,5321
28/05/2019,1.1228,1.1235,1.1177,1.1184,206639.0,495288.0,EC1 Curncy,Future,CME,USD,0.0,6.25,125000.0,139794,1.1184,1.1269,0.0028412614569654454,5322
29/05/2019,1.1183,1.119,1.1142,1.1151,183465.0,487958.0,EC1 Curncy,Future,CME,USD,0.0,6.25,125000.0,139388,1.1151,1.1236,0.0031132887220491146,5323
30/05/2019,1.115,1.1158,1.1131,1.115,126119.0,483494.0,EC1 Curncy,Future,CME,USD,0.0,6.25,125000.0,139369,1.115,1.1234,0.003300616104129454,5324
31/05/2019,1.1145,1.1194,1.1139,1.1187,258132.0,473004.0,EC1 Curncy,Future,CME,USD,0.0,6.25,125000.0,139838,1.1187,1.1271,0.003339411125758396,5325
03/06/2019,1.1181,1.1276,1.1174,1.1271,237367.0,475111.0,EC1 Curncy,Future,CME,USD,0.0,6.25,125000.0,140888,1.1271,1.1354,0.0035098812895649595,5326
04/06/2019,1.1256,1.129,1.1238,1.1271,259080.0,469412.0,EC1 Curncy,Future,CME,USD,0.0,6.25,125000.0,140888,1.1271,1.1354,0.003534223158418941,5327
05/06/2019,1.1265,1.1318,1.1231,1.1238,268165.0,467595.0,EC1 Curncy,Future,CME,USD,0.0,6.25,125000.0,140469,1.1238,1.132,0.0035264618718348234,5328
06/06/2019,1.1234,1.1318,1.1208,1.1281,290766.0,462197.0,EC1 Curncy,Future,CME,USD,0.0,6.25,125000.0,141013,1.1281,1.1363,0.0037474791527332455,5329
07/06/2019,1.1285,1.1355,1.1259,1.1347,252288.0,454371.0,EC1 Curncy,Future,CME,USD,0.0,6.25,125000.0,141831,1.1347,1.1429,0.004522167621856613,5330
10/06/2019,1.1335,1.134,1.1297,1.1322,189337.0,435932.0,EC1 Curncy,Future,CME,USD,0.0,6.25,125000.0,141525,1.1322,1.1404,0.004913715498496732,5331
11/06/2019,1.1319,1.1343,1.1307,1.1338,307807.0,327339.0,EC1 Curncy,Future,CME,USD,0.0,6.25,125000.0,141725,1.1338,1.142,0.005380991234599024,5332
12/06/2019,1.1415,1.143,1.1369,1.1373,436690.0,353030.0,EC1 Curncy,Future,CME,USD,0.0,6.25,125000.0,142156,1.1291,1.1373,0.006069321763329824,5333
13/06/2019,1.1376,1.1387,1.1353,1.1362,251284.0,416986.0,EC1 Curncy,Future,CME,USD,0.0,6.25,125000.0,142025,1.1281,1.1362,0.006547182600184655,5334
14/06/2019,1.1359,1.1372,1.1285,1.129,256303.0,473702.0,EC1 Curncy,Future,CME,USD,0.0,6.25,125000.0,141119,1.1209,1.129,0.006602128444688141,5335
17/06/2019,1.1295,1.133,1.1285,1.1299,131890.0,477750.0,EC1 Curncy,Future,CME,USD,0.0,6.25,125000.0,141238,1.1239,1.1299,0.0066844047354140835,5336
18/06/2019,1.1302,1.1324,1.1262,1.1275,255530.0,489595.0,EC1 Curncy,Future,CME,USD,0.0,6.25,125000.0,140938,1.1275,1.1351,0.006710295572240137,5337
19/06/2019,1.1275,1.1335,1.1267,1.1327,177411.0,489115.0,EC1 Curncy,Future,CME,USD,0.0,6.25,125000.0,141581,1.1327,1.14,0.006896235688172502,5338
20/06/2019,1.1308,1.1394,1.1307,1.1369,233211.0,492535.0,EC1 Curncy,Future,CME,USD,0.0,6.25,125000.0,142113,1.1369,1.1441,0.007201893269607745,5339
21/06/2019,1.1372,1.1455,1.1359,1.1445,219540.0,499640.0,EC1 Curncy,Future,CME,USD,0.0,6.25,125000.0,143056,1.1445,1.1518,0.0079694207234163,5340
24/06/2019,1.145,1.148,1.1447,1.1476,155150.0,505648.0,EC1 Curncy,Future,CME,USD,0.0,6.25,125000.0,143450,1.1476,1.1549,0.008841168851843757,5341
25/06/2019,1.1472,1.1486,1.1419,1.1448,211965.0,506411.0,EC1 Curncy,Future,CME,USD,0.0,6.25,125000.0,143100,1.1448,1.1522,0.009231211549239247,5342
26/06/2019,1.1444,1.1466,1.1422,1.1443,155624.0,505274.0,EC1 Curncy,Future,CME,USD,0.0,6.25,125000.0,143038,1.1443,1.1517,0.009455742523292615,5343
27/06/2019,1.1444,1.1452,1.1418,1.1443,140478.0,505089.0,EC1 Curncy,Future,CME,USD,0.0,6.25,125000.0,143038,1.1443,1.1518,0.009658717996373379,5344
28/06/2019,1.1439,1.1464,1.142,1.1447,150820.0,505246.0,EC1 Curncy,Future,CME,USD,0.0,6.25,125000.0,143081,1.1447,1.1522,0.009782046479825304,5345
01/07/2019,1.1435,1.144,1.1349,1.1354,214112.0,507013.0,EC1 Curncy,Future,CME,USD,0.0,6.25,125000.0,141919,1.1354,1.1431,0.00961109948619096,5346
02/07/2019,1.1357,1.139,1.1342,1.1358,156093.0,506171.0,EC1 Curncy,Future,CME,USD,0.0,6.25,125000.0,141975,1.1358,1.1435,0.009178008135399356,5347
03/07/2019,1.1354,1.1379,1.1335,1.1358,135337.0,500564.0,EC1 Curncy,Future,CME,USD,0.0,6.25,125000.0,141975,1.1358,1.1435,0.008390139053284677,5348
04/07/2019,1.1354,1.1379,1.1335,1.1348,135337.0,500564.0,EC1 Curncy,Future,CME,USD,0.0,6.25,125000.0,141844,1.1348,1.1424,0.007410184433160149,5349
05/07/2019,1.1344,1.1359,1.1271,1.1286,224589.0,504234.0,EC1 Curncy,Future,CME,USD,0.0,6.25,125000.0,141069,1.1286,1.1363,0.006756310630325342,5350
08/07/2019,1.1292,1.1297,1.127,1.1276,120331.0,504480.0,EC1 Curncy,Future,CME,USD,0.0,6.25,125000.0,140950,1.1276,1.1353,0.006732414128684734,5351
09/07/2019,1.1276,1.1281,1.1256,1.127,112359.0,505634.0,EC1 Curncy,Future,CME,USD,0.0,6.25,125000.0,140875,1.127,1.1348,0.006737390691762442,5352
10/07/2019,1.127,1.1325,1.1263,1.1313,198215.0,509134.0,EC1 Curncy,Future,CME,USD,0.0,6.25,125000.0,141413,1.1313,1.139,0.00637063052871895,5353
11/07/2019,1.1313,1.1344,1.1304,1.1316,181383.0,512247.0,EC1 Curncy,Future,CME,USD,0.0,6.25,125000.0,141450,1.1316,1.1393,0.006240841289450651,5354
12/07/2019,1.1311,1.1333,1.1296,1.1329,141380.0,512756.0,EC1 Curncy,Future,CME,USD,0.0,6.25,125000.0,141613,1.1329,1.1406,0.006261189982751873,5355
15/07/2019,1.1329,1.1341,1.1309,1.1316,104102.0,514887.0,EC1 Curncy,Future,CME,USD,0.0,6.25,125000.0,141450,1.1316,1.1393,0.006275340628213942,5356
16/07/2019,1.1316,1.1319,1.1258,1.1262,150627.0,520406.0,EC1 Curncy,Future,CME,USD,0.0,6.25,125000.0,140775,1.1262,1.1339,0.006536545978836776,5357
17/07/2019,1.1265,1.1288,1.1254,1.1277,118100.0,520442.0,EC1 Curncy,Future,CME,USD,0.0,6.25,125000.0,140963,1.1277,1.1354,0.00668419279595143,5358
18/07/2019,1.128,1.1332,1.1257,1.132,206122.0,520252.0,EC1 Curncy,Future,CME,USD,0.0,6.25,125000.0,141494,1.132,1.1396,0.006698942702654629,5359
19/07/2019,1.1329,1.1332,1.1253,1.1271,184793.0,516349.0,EC1 Curncy,Future,CME,USD,0.0,6.25,125000.0,140881,1.1271,1.1348,0.006775229393419091,5360
22/07/2019,1.1272,1.1276,1.1256,1.1261,116579.0,515510.0,EC1 Curncy,Future,CME,USD,0.0,6.25,125000.0,140763,1.1261,1.1339,0.006923818792168373,5361
23/07/2019,1.1259,1.1259,1.1195,1.1199,174305.0,524355.0,EC1 Curncy,Future,CME,USD,0.0,6.25,125000.0,139988,1.1199,1.1277,0.007388454958026434,5362
24/07/2019,1.1202,1.1204,1.1171,1.1184,171721.0,531830.0,EC1 Curncy,Future,CME,USD,0.0,6.25,125000.0,139794,1.1184,1.1263,0.008023417808730551,5363
25/07/2019,1.1187,1.1233,1.1146,1.119,306855.0,533364.0,EC1 Curncy,Future,CME,USD,0.0,6.25,125000.0,139869,1.119,1.1269,0.008490239494077366,5364
26/07/2019,1.119,1.1195,1.1156,1.117,185146.0,543271.0,EC1 Curncy,Future,CME,USD,0.0,6.25,125000.0,139625,1.117,1.125,0.008685044617048854,5365
29/07/2019,1.1171,1.1194,1.1156,1.119,136746.0,544448.0,EC1 Curncy,Future,CME,USD,0.0,6.25,125000.0,139875,1.119,1.127,0.008376041228814557,5366
30/07/2019,1.1187,1.1204,1.1175,1.1199,133778.0,544444.0,EC1 Curncy,Future,CME,USD,0.0,6.25,125000.0,139988,1.1199,1.1279,0.008082027385922794,5367
31/07/2019,1.1197,1.1204,1.1102,1.1128,239383.0,548676.0,EC1 Curncy,Future,CME,USD,0.0,6.25,125000.0,139094,1.1128,1.1208,0.00813705515938118,5368
01/08/2019,1.1112,1.1135,1.1065,1.1123,283259.0,550264.0,EC1 Curncy,Future,CME,USD,0.0,6.25,125000.0,139038,1.1123,1.12,0.008024857215769286,5369
02/08/2019,1.1121,1.1154,1.1107,1.1149,215301.0,546945.0,EC1 Curncy,Future,CME,USD,0.0,6.25,125000.0,139356,1.1149,1.1224,0.007477651146370982,5370
05/08/2019,1.1143,1.125,1.1141,1.1239,239517.0,542581.0,EC1 Curncy,Future,CME,USD,0.0,6.25,125000.0,140488,1.1239,1.1313,0.00721067033408306,5371
06/08/2019,1.1248,1.1285,1.1203,1.1236,230617.0,526272.0,EC1 Curncy,Future,CME,USD,0.0,6.25,125000.0,140450,1.1236,1.131,0.006877560129398695,5372
07/08/2019,1.1237,1.1277,1.1213,1.1249,212715.0,520399.0,EC1 Curncy,Future,CME,USD,0.0,6.25,125000.0,140613,1.1249,1.1322,0.006488289451015839,5373
08/08/2019,1.1232,1.1265,1.1209,1.1218,187411.0,517572.0,EC1 Curncy,Future,CME,USD,0.0,6.25,125000.0,140219,1.1218,1.1291,0.006131522377585574,5374
09/08/2019,1.1222,1.1254,1.1214,1.1238,129361.0,512825.0,EC1 Curncy,Future,CME,USD,0.0,6.25,125000.0,140469,1.1238,1.1313,0.006052335637324946,5375
12/08/2019,1.123,1.1261,1.1192,1.1252,134930.0,511975.0,EC1 Curncy,Future,CME,USD,0.0,6.25,125000.0,140644,1.1252,1.1326,0.006006626895923706,5376
13/08/2019,1.1246,1.1259,1.12,1.1205,207706.0,530293.0,EC1 Curncy,Future,CME,USD,0.0,6.25,125000.0,140056,1.1205,1.128,0.00599380791596644,5377
14/08/2019,1.1201,1.1221,1.1159,1.1168,171352.0,530038.0,EC1 Curncy,Future,CME,USD,0.0,6.25,125000.0,139594,1.1168,1.1242,0.005891737151879578,5378
15/08/2019,1.1167,1.1184,1.1117,1.1133,196530.0,528547.0,EC1 Curncy,Future,CME,USD,0.0,6.25,125000.0,139163,1.1133,1.1206,0.005883966915852055,5379
16/08/2019,1.1131,1.1137,1.1091,1.1123,145844.0,529994.0,EC1 Curncy,Future,CME,USD,0.0,6.25,125000.0,139031,1.1123,1.1195,0.005738031021193467,5380
19/08/2019,1.1116,1.1138,1.1099,1.1106,112292.0,527127.0,EC1 Curncy,Future,CME,USD,0.0,6.25,125000.0,138825,1.1106,1.1178,0.0056890245209686345,5381
20/08/2019,1.11,1.113,1.1088,1.112,130817.0,522400.0,EC1 Curncy,Future,CME,USD,0.0,6.25,125000.0,138994,1.112,1.1192,0.0057896401730607025,5382
21/08/2019,1.1118,1.1129,1.1102,1.1108,107256.0,522957.0,EC1 Curncy,Future,CME,USD,0.0,6.25,125000.0,138844,1.1108,1.1181,0.005814398793815382,5383
22/08/2019,1.1109,1.1133,1.1083,1.1105,202399.0,506060.0,EC1 Curncy,Future,CME,USD,0.0,6.25,125000.0,138813,1.1105,1.1179,0.0054049421828723365,5384
23/08/2019,1.1098,1.1173,1.107,1.1165,215588.0,504347.0,EC1 Curncy,Future,CME,USD,0.0,6.25,125000.0,139563,1.1165,1.1239,0.005088771954037126,5385
26/08/2019,1.1166,1.1183,1.1113,1.1116,135087.0,502470.0,EC1 Curncy,Future,CME,USD,0.0,6.25,125000.0,138950,1.1116,1.1191,0.0049310343742664815,5386
27/08/2019,1.1118,1.1133,1.1103,1.111,121813.0,503097.0,EC1 Curncy,Future,CME,USD,0.0,6.25,125000.0,138875,1.111,1.1185,0.005051689486386319,5387
28/08/2019,1.1107,1.1114,1.1089,1.1096,132449.0,507132.0,EC1 Curncy,Future,CME,USD,0.0,6.25,125000.0,138694,1.1096,1.117,0.005245401160400845,5388
29/08/2019,1.1094,1.1107,1.1055,1.1065,186886.0,509029.0,EC1 Curncy,Future,CME,USD,0.0,6.25,125000.0,138313,1.1065,1.114,0.005586224127279868,5389
30/08/2019,1.1069,1.1073,1.0976,1.1065,214473.0,515608.0,EC1 Curncy,Future,CME,USD,0.0,6.25,125000.0,138313,1.1065,1.114,0.005897406209530251,5390
02/09/2019,1.1069,1.1073,1.0976,1.099,214473.0,515608.0,EC1 Curncy,Future,CME,USD,0.0,6.25,125000.0,137369,1.099,1.1065,0.006719578359803816,5391
03/09/2019,1.1002,1.1009,1.0936,1.0978,296655.0,514310.0,EC1 Curncy,Future,CME,USD,0.0,6.25,125000.0,137225,1.0978,1.1053,0.007439141975627886,5392
04/09/2019,1.0979,1.1049,1.0978,1.1042,219746.0,504348.0,EC1 Curncy,Future,CME,USD,0.0,6.25,125000.0,138025,1.1042,1.1117,0.0076887081706585,5393
05/09/2019,1.1045,1.1093,1.1024,1.1043,225438.0,491128.0,EC1 Curncy,Future,CME,USD,0.0,6.25,125000.0,138038,1.1043,1.1118,0.00790823832048281,5394
06/09/2019,1.1043,1.1064,1.1027,1.1037,197420.0,471565.0,EC1 Curncy,Future,CME,USD,0.0,6.25,125000.0,137963,1.1037,1.1112,0.008126629067468402,5395
09/09/2019,1.1033,1.1074,1.1021,1.1058,183127.0,437040.0,EC1 Curncy,Future,CME,USD,0.0,6.25,125000.0,138225,1.1058,1.1134,0.007902292916208586,5396
10/09/2019,1.1054,1.1065,1.1036,1.1052,306069.0,362171.0,EC1 Curncy,Future,CME,USD,0.0,6.25,125000.0,138150,1.1052,1.1127,0.007639465513605333,5397
11/09/2019,1.1127,1.1135,1.1064,1.1086,319817.0,314176.0,EC1 Curncy,Future,CME,USD,0.0,6.25,125000.0,138569,1.1012,1.1086,0.0071139346825018395,5398
12/09/2019,1.1084,1.1163,1.1002,1.1149,586075.0,426267.0,EC1 Curncy,Future,CME,USD,0.0,6.25,125000.0,139363,1.1076,1.1149,0.006792581737962696,5399
13/09/2019,1.114,1.1184,1.113,1.1142,292235.0,469290.0,EC1 Curncy,Future,CME,USD,0.0,6.25,125000.0,139269,1.1069,1.1142,0.006256002450999093,5400
16/09/2019,1.115,1.116,1.1068,1.1081,155489.0,474416.0,EC1 Curncy,Future,CME,USD,0.0,6.25,125000.0,138513,1.1008,1.1081,0.005408675130465015,5401
17/09/2019,1.1078,1.1148,1.1066,1.114,173206.0,476121.0,EC1 Curncy,Future,CME,USD,0.0,6.25,125000.0,139250,1.114,1.1216,0.004991602948977978,5402
18/09/2019,1.1145,1.1148,1.1085,1.1104,159348.0,477674.0,EC1 Curncy,Future,CME,USD,0.0,6.25,125000.0,138794,1.1104,1.1178,0.004738589804317361,5403
19/09/2019,1.1104,1.1144,1.1094,1.1124,151643.0,478534.0,EC1 Curncy,Future,CME,USD,0.0,6.25,125000.0,139044,1.1124,1.1198,0.004706732766323224,5404
20/09/2019,1.1109,1.1137,1.1063,1.1082,151007.0,480762.0,EC1 Curncy,Future,CME,USD,0.0,6.25,125000.0,138525,1.1082,1.1154,0.004651530214196358,5405
23/09/2019,1.1085,1.1091,1.1032,1.1063,167595.0,472788.0,EC1 Curncy,Future,CME,USD,0.0,6.25,125000.0,138281,1.1063,1.1136,0.004656150054882527,5406
24/09/2019,1.1059,1.1093,1.1049,1.1086,153767.0,475280.0,EC1 Curncy,Future,CME,USD,0.0,6.25,125000.0,138569,1.1086,1.116,0.0045984707603271,5407
25/09/2019,1.1086,1.1088,1.1004,1.1008,175587.0,479849.0,EC1 Curncy,Future,CME,USD,0.0,6.25,125000.0,137594,1.1008,1.1082,0.00480651641006793,5408
26/09/2019,1.1009,1.1032,1.0972,1.0992,190182.0,476927.0,EC1 Curncy,Future,CME,USD,0.0,6.25,125000.0,137400,1.0992,1.1067,0.005080065616399217,5409
27/09/2019,1.098,1.102,1.0966,1.1001,162479.0,475618.0,EC1 Curncy,Future,CME,USD,0.0,6.25,125000.0,137513,1.1001,1.1076,0.004925444142436147,5410
30/09/2019,1.1,1.1008,1.0945,1.0963,169462.0,478631.0,EC1 Curncy,Future,CME,USD,0.0,6.25,125000.0,137031,1.0963,1.1038,0.005249247565152736,5411
01/10/2019,1.0957,1.1003,1.0939,1.0996,221896.0,484925.0,EC1 Curncy,Future,CME,USD,0.0,6.25,125000.0,137450,1.0996,1.107,0.00531221234517828,5412
02/10/2019,1.099,1.1021,1.0962,1.1017,166893.0,485174.0,EC1 Curncy,Future,CME,USD,0.0,6.25,125000.0,137706,1.1017,1.1088,0.00530998116759997,5413
03/10/2019,1.1015,1.1055,1.0996,1.1029,202051.0,484527.0,EC1 Curncy,Future,CME,USD,0.0,6.25,125000.0,137863,1.1029,1.1099,0.005329268242476367,5414
04/10/2019,1.1026,1.1058,1.1012,1.1037,151742.0,482458.0,EC1 Curncy,Future,CME,USD,0.0,6.25,125000.0,137963,1.1037,1.1107,0.005332682251950495,5415
07/10/2019,1.1031,1.1054,1.1015,1.1026,107878.0,482540.0,EC1 Curncy,Future,CME,USD,0.0,6.25,125000.0,137825,1.1026,1.1096,0.005205372224948656,5416
08/10/2019,1.1022,1.1048,1.0993,1.1008,165114.0,487615.0,EC1 Curncy,Future,CME,USD,0.0,6.25,125000.0,137600,1.1008,1.1077,0.005056668864011793,5417
09/10/2019,1.1007,1.1043,1.1006,1.1025,116311.0,487327.0,EC1 Curncy,Future,CME,USD,0.0,6.25,125000.0,137806,1.1025,1.1094,0.005085721843252279,5418
10/10/2019,1.1021,1.1083,1.1021,1.1056,201895.0,490678.0,EC1 Curncy,Future,CME,USD,0.0,6.25,125000.0,138194,1.1056,1.1125,0.005080692210083163,5419
11/10/2019,1.1057,1.1112,1.1049,1.109,230306.0,491854.0,EC1 Curncy,Future,CME,USD,0.0,6.25,125000.0,138625,1.109,1.116,0.005115173506369572,5420
14/10/2019,1.1086,1.1089,1.106,1.1077,102714.0,487350.0,EC1 Curncy,Future,CME,USD,0.0,6.25,125000.0,138463,1.1077,1.1145,0.00513142930058784,5421
15/10/2019,1.1073,1.1092,1.1037,1.1081,232135.0,490738.0,EC1 Curncy,Future,CME,USD,0.0,6.25,125000.0,138513,1.1081,1.1149,0.005151546693333706,5422
16/10/2019,1.1078,1.1132,1.1068,1.1119,226959.0,495283.0,EC1 Curncy,Future,CME,USD,0.0,6.25,125000.0,138981,1.1119,1.1187,0.005265902898230913,5423
17/10/2019,1.1118,1.1184,1.1109,1.1167,232895.0,496632.0,EC1 Curncy,Future,CME,USD,0.0,6.25,125000.0,139588,1.1167,1.1236,0.005403400164118553,5424
18/10/2019,1.1171,1.1215,1.1157,1.1204,142494.0,495917.0,EC1 Curncy,Future,CME,USD,0.0,6.25,125000.0,140050,1.1204,1.1274,0.0059111814950082876,5425
21/10/2019,1.1199,1.1222,1.1181,1.1188,131323.0,498530.0,EC1 Curncy,Future,CME,USD,0.0,6.25,125000.0,139850,1.1188,1.1258,0.0064127295280761165,5426
22/10/2019,1.1192,1.1198,1.1159,1.1165,150232.0,500857.0,EC1 Curncy,Future,CME,USD,0.0,6.25,125000.0,139563,1.1165,1.1235,0.006548837046905764,5427
23/10/2019,1.1166,1.1181,1.1146,1.1169,115184.0,497479.0,EC1 Curncy,Future,CME,USD,0.0,6.25,125000.0,139606,1.1169,1.1239,0.006819819156956483,5428
24/10/2019,1.117,1.12,1.113,1.1147,187670.0,496578.0,EC1 Curncy,Future,CME,USD,0.0,6.25,125000.0,139331,1.1147,1.1217,0.006909334266067664,5429
25/10/2019,1.1143,1.116,1.111,1.1118,115546.0,497906.0,EC1 Curncy,Future,CME,USD,0.0,6.25,125000.0,138969,1.1118,1.1188,0.006968651232502311,5430
28/10/2019,1.1117,1.1143,1.1113,1.1134,95771.0,497765.0,EC1 Curncy,Future,CME,USD,0.0,6.25,125000.0,139175,1.1134,1.1205,0.007068965035061431,5431
29/10/2019,1.1136,1.1154,1.1108,1.1146,146337.0,509507.0,EC1 Curncy,Future,CME,USD,0.0,6.25,125000.0,139319,1.1146,1.1216,0.007204461580640134,5432
30/10/2019,1.1145,1.1185,1.1114,1.116,204065.0,516863.0,EC1 Curncy,Future,CME,USD,0.0,6.25,125000.0,139494,1.116,1.1229,0.007225879415931524,5433
31/10/2019,1.1186,1.1208,1.1164,1.1177,208008.0,528160.0,EC1 Curncy,Future,CME,USD,0.0,6.25,125000.0,139706,1.1177,1.1245,0.007185227901761014,5434
01/11/2019,1.1184,1.1203,1.1159,1.1195,180420.0,526492.0,EC1 Curncy,Future,CME,USD,0.0,6.25,125000.0,139931,1.1195,1.1264,0.007209038308510618,5435
04/11/2019,1.1196,1.1206,1.1155,1.1158,150669.0,530304.0,EC1 Curncy,Future,CME,USD,0.0,6.25,125000.0,139469,1.1158,1.1226,0.0067049782500444265,5436
05/11/2019,1.1152,1.1169,1.1092,1.1094,190829.0,534478.0,EC1 Curncy,Future,CME,USD,0.0,6.25,125000.0,138669,1.1094,1.1161,0.006299809520948469,5437
06/11/2019,1.1102,1.1121,1.1091,1.1097,132314.0,534814.0,EC1 Curncy,Future,CME,USD,0.0,6.25,125000.0,138706,1.1097,1.1164,0.005995742934246288,5438
07/11/2019,1.1094,1.1117,1.1061,1.1073,189456.0,539128.0,EC1 Curncy,Future,CME,USD,0.0,6.25,125000.0,138406,1.1073,1.1141,0.005794974834592743,5439
08/11/2019,1.1076,1.1081,1.1042,1.1049,132856.0,540551.0,EC1 Curncy,Future,CME,USD,0.0,6.25,125000.0,138106,1.1049,1.1118,0.00573104993291481,5440
11/11/2019,1.1044,1.1067,1.1041,1.1058,103459.0,539908.0,EC1 Curncy,Future,CME,USD,0.0,6.25,125000.0,138225,1.1058,1.1127,0.0055524769247812964,5441
12/11/2019,1.1057,1.1062,1.1026,1.1035,126709.0,540055.0,EC1 Curncy,Future,CME,USD,0.0,6.25,125000.0,137938,1.1035,1.1104,0.0053518314622405805,5442
13/11/2019,1.1034,1.1043,1.1018,1.1025,150184.0,541832.0,EC1 Curncy,Future,CME,USD,0.0,6.25,125000.0,137806,1.1025,1.1094,0.0053518314622405805,5443
14/11/2019,1.1029,1.1049,1.101,1.1043,132498.0,544854.0,EC1 Curncy,Future,CME,USD,0.0,6.25,125000.0,138031,1.1043,1.1111,0.005421737114021828,5444
15/11/2019,1.1041,1.1077,1.1034,1.1073,140148.0,549626.0,EC1 Curncy,Future,CME,USD,0.0,6.25,125000.0,138406,1.1073,1.1141,0.005469759287838499,5445
18/11/2019,1.1072,1.111,1.1071,1.1094,134057.0,547017.0,EC1 Curncy,Future,CME,USD,0.0,6.25,125000.0,138675,1.1094,1.1162,0.005426960475277888,5446
19/11/2019,1.109,1.1102,1.1081,1.1097,112903.0,549446.0,EC1 Curncy,Future,CME,USD,0.0,6.25,125000.0,138706,1.1097,1.1165,0.005389882497194291,5447
20/11/2019,1.1095,1.1099,1.1071,1.1087,157999.0,552479.0,EC1 Curncy,Future,CME,USD,0.0,6.25,125000.0,138588,1.1087,1.1156,0.005428729133068692,5448
21/11/2019,1.1092,1.1113,1.1067,1.1075,147805.0,550367.0,EC1 Curncy,Future,CME,USD,0.0,6.25,125000.0,138431,1.1075,1.1144,0.005395297335046901,5449
22/11/2019,1.1076,1.1112,1.1029,1.1036,166247.0,550308.0,EC1 Curncy,Future,CME,USD,0.0,6.25,125000.0,137944,1.1036,1.1105,0.005278298336923368,5450
25/11/2019,1.1036,1.1047,1.1018,1.1024,136427.0,547061.0,EC1 Curncy,Future,CME,USD,0.0,6.25,125000.0,137794,1.1024,1.1093,0.00525806364868016,5451
26/11/2019,1.1027,1.1039,1.102,1.1035,110868.0,545089.0,EC1 Curncy,Future,CME,USD,0.0,6.25,125000.0,137931,1.1035,1.1103,0.0052432083053770345,5452
27/11/2019,1.1035,1.1037,1.1005,1.1035,141835.0,547725.0,EC1 Curncy,Future,CME,USD,0.0,6.25,125000.0,137931,1.1035,1.1103,0.005149514540249827,5453
28/11/2019,1.1035,1.1037,1.1005,1.1018,141835.0,547725.0,EC1 Curncy,Future,CME,USD,0.0,6.25,125000.0,137719,1.1018,1.1087,0.00520681284474938,5454
29/11/2019,1.1016,1.1039,1.0991,1.1027,193646.0,547482.0,EC1 Curncy,Future,CME,USD,0.0,6.25,125000.0,137838,1.1027,1.1097,0.005287170005486456,5455
02/12/2019,1.103,1.11,1.1012,1.1089,251056.0,544676.0,EC1 Curncy,Future,CME,USD,0.0,6.25,125000.0,138606,1.1089,1.1159,0.0051775154917118845,5456
03/12/2019,1.1087,1.1103,1.1075,1.109,177238.0,536139.0,EC1 Curncy,Future,CME,USD,0.0,6.25,125000.0,138619,1.109,1.1159,0.004998106308084857,5457
04/12/2019,1.109,1.1124,1.1075,1.1083,266105.0,530138.0,EC1 Curncy,Future,CME,USD,0.0,6.25,125000.0,138531,1.1083,1.1151,0.00469846783539617,5458
05/12/2019,1.1083,1.1114,1.1083,1.1106,199336.0,525396.0,EC1 Curncy,Future,CME,USD,0.0,6.25,125000.0,138825,1.1106,1.1174,0.004247124517473029,5459
06/12/2019,1.111,1.1115,1.1045,1.1061,240326.0,513987.0,EC1 Curncy,Future,CME,USD,0.0,6.25,125000.0,138263,1.1061,1.1129,0.003386384502719181,5460
09/12/2019,1.1063,1.1083,1.1058,1.1069,197297.0,485650.0,EC1 Curncy,Future,CME,USD,0.0,6.25,125000.0,138363,1.1069,1.1138,0.002801475801595523,5461
10/12/2019,1.1068,1.1102,1.1067,1.1101,304698.0,408099.0,EC1 Curncy,Future,CME,USD,0.0,6.25,125000.0,138756,1.1101,1.117,0.0028371053323634596,5462
11/12/2019,1.1165,1.1219,1.1145,1.1212,560754.0,398307.0,EC1 Curncy,Future,CME,USD,0.0,6.25,125000.0,140144,1.1142,1.1212,0.004071649952241645,5463
12/12/2019,1.1204,1.1226,1.1175,1.1185,378344.0,481072.0,EC1 Curncy,Future,CME,USD,0.0,6.25,125000.0,139813,1.1115,1.1185,0.004699070830166365,5464
13/12/2019,1.125,1.1264,1.1182,1.1191,297265.0,525303.0,EC1 Curncy,Future,CME,USD,0.0,6.25,125000.0,139888,1.1122,1.1191,0.005233743083770686,5465
16/12/2019,1.1197,1.1228,1.1192,1.1218,173496.0,535818.0,EC1 Curncy,Future,CME,USD,0.0,6.25,125000.0,140219,1.1153,1.1218,0.005913605781042629,5466
17/12/2019,1.121,1.1244,1.1199,1.1216,158423.0,534631.0,EC1 Curncy,Future,CME,USD,0.0,6.25,125000.0,140200,1.1216,1.128,0.006374166612212433,5467
18/12/2019,1.1221,1.1222,1.1178,1.1183,156483.0,532013.0,EC1 Curncy,Future,CME,USD,0.0,6.25,125000.0,139788,1.1183,1.1247,0.006468894805161131,5468
19/12/2019,1.1184,1.121,1.1173,1.1189,149558.0,529665.0,EC1 Curncy,Future,CME,USD,0.0,6.25,125000.0,139856,1.1189,1.1252,0.006609921835158462,5469
20/12/2019,1.1187,1.1189,1.1131,1.114,142684.0,530451.0,EC1 Curncy,Future,CME,USD,0.0,6.25,125000.0,139250,1.114,1.1203,0.0066158320212630845,5470
23/12/2019,1.1141,1.1159,1.1133,1.1157,105834.0,530407.0,EC1 Curncy,Future,CME,USD,0.0,6.25,125000.0,139456,1.1157,1.122,0.006686085052821917,5471
24/12/2019,1.1152,1.1156,1.113,1.1157,46420.0,533013.0,EC1 Curncy,Future,CME,USD,0.0,6.25,125000.0,139456,1.1157,1.122,0.00674875791042821,5472
25/12/2019,1.1152,1.1156,1.113,1.115,46420.0,533013.0,EC1 Curncy,Future,CME,USD,0.0,6.25,125000.0,139375,1.115,1.1213,0.006771590162846977,5473
26/12/2019,1.1154,1.1172,1.1144,1.1166,46551.0,534190.0,EC1 Curncy,Future,CME,USD,0.0,6.25,125000.0,139569,1.1166,1.1229,0.006798414030754808,5474
27/12/2019,1.116,1.1247,1.1159,1.1245,172945.0,542304.0,EC1 Curncy,Future,CME,USD,0.0,6.25,125000.0,140556,1.1245,1.1308,0.007035109570354417,5475
30/12/2019,1.1238,1.1275,1.1234,1.1257,149563.0,547488.0,EC1 Curncy,Future,CME,USD,0.0,6.25,125000.0,140706,1.1257,1.132,0.007171238851613223,5476
31/12/2019,1.1257,1.1293,1.1252,1.1257,119988.0,548605.0,EC1 Curncy,Future,CME,USD,0.0,6.25,125000.0,140706,1.1257,1.132,0.007252810949341069,5477
01/01/2020,1.1257,1.1293,1.1252,1.1282,119988.0,548605.0,EC1 Curncy,Future,CME,USD,0.0,6.25,125000.0,141025,1.1282,1.1346,0.0073861063265347185,5478
02/01/2020,1.1267,1.1276,1.1214,1.1217,177128.0,546027.0,EC1 Curncy,Future,CME,USD,0.0,6.25,125000.0,140213,1.1217,1.128,0.006917244152613923,5479
03/01/2020,1.1222,1.1229,1.1174,1.1217,169558.0,541895.0,EC1 Curncy,Future,CME,USD,0.0,6.25,125000.0,140213,1.1217,1.128,0.006397337988064546,5480
06/01/2020,1.1209,1.1255,1.1206,1.1241,140402.0,546912.0,EC1 Curncy,Future,CME,USD,0.0,6.25,125000.0,140506,1.1241,1.1304,0.006322051354863409,5481
07/01/2020,1.1246,1.1247,1.1181,1.1193,154584.0,546993.0,EC1 Curncy,Future,CME,USD,0.0,6.25,125000.0,139906,1.1193,1.1256,0.006071622517926698,5482
08/01/2020,1.1198,1.1216,1.1149,1.1158,208215.0,550271.0,EC1 Curncy,Future,CME,USD,0.0,6.25,125000.0,139475,1.1158,1.1221,0.0057506173581792774,5483
09/01/2020,1.1153,1.1166,1.1137,1.1152,146070.0,552631.0,EC1 Curncy,Future,CME,USD,0.0,6.25,125000.0,139394,1.1152,1.1215,0.005565524833010669,5484
10/01/2020,1.1152,1.1174,1.1129,1.1166,161272.0,551578.0,EC1 Curncy,Future,CME,USD,0.0,6.25,125000.0,139575,1.1166,1.1229,0.00495717325366545,5485
13/01/2020,1.1162,1.1191,1.1157,1.1182,133271.0,556365.0,EC1 Curncy,Future,CME,USD,0.0,6.25,125000.0,139775,1.1182,1.1247,0.004289961149807028,5486
14/01/2020,1.1178,1.1188,1.1147,1.1171,141237.0,555335.0,EC1 Curncy,Future,CME,USD,0.0,6.25,125000.0,139638,1.1171,1.1235,0.003870499537120788,5487
15/01/2020,1.1169,1.1206,1.116,1.1193,143915.0,559962.0,EC1 Curncy,Future,CME,USD,0.0,6.25,125000.0,139906,1.1193,1.1257,0.0038565658298784352,5488
16/01/2020,1.1192,1.1213,1.1167,1.1174,147897.0,557346.0,EC1 Curncy,Future,CME,USD,0.0,6.25,125000.0,139675,1.1174,1.1238,0.0038750612898618983,5489
17/01/2020,1.1176,1.1182,1.1125,1.1174,143037.0,561103.0,EC1 Curncy,Future,CME,USD,0.0,6.25,125000.0,139675,1.1174,1.1238,0.0038970073988707226,5490
20/01/2020,1.1176,1.1182,1.1125,1.1133,143037.0,561103.0,EC1 Curncy,Future,CME,USD,0.0,6.25,125000.0,139156,1.1133,1.1196,0.0040485594145969386,5491
21/01/2020,1.1129,1.1156,1.1115,1.1133,242557.0,565883.0,EC1 Curncy,Future,CME,USD,0.0,6.25,125000.0,139156,1.1133,1.1195,0.004171742241980341,5492
22/01/2020,1.1119,1.1136,1.1107,1.113,172395.0,564464.0,EC1 Curncy,Future,CME,USD,0.0,6.25,125000.0,139119,1.113,1.1192,0.004327227749979298,5493
23/01/2020,1.1128,1.1144,1.1071,1.1089,233357.0,572614.0,EC1 Curncy,Future,CME,USD,0.0,6.25,125000.0,138613,1.1089,1.1151,0.004735141673367292,5494
24/01/2020,1.1089,1.1101,1.1051,1.1064,155251.0,574257.0,EC1 Curncy,Future,CME,USD,0.0,6.25,125000.0,138294,1.1064,1.1126,0.005229859781440394,5495
27/01/2020,1.1063,1.1071,1.1043,1.1049,156277.0,580115.0,EC1 Curncy,Future,CME,USD,0.0,6.25,125000.0,138113,1.1049,1.1111,0.005825447050100957,5496
28/01/2020,1.1051,1.1058,1.103,1.1049,142025.0,585004.0,EC1 Curncy,Future,CME,USD,0.0,6.25,125000.0,138113,1.1049,1.1111,0.006334937516150583,5497
29/01/2020,1.1053,1.106,1.1024,1.1051,162183.0,586968.0,EC1 Curncy,Future,CME,USD,0.0,6.25,125000.0,138138,1.1051,1.1113,0.006758360254790662,5498
30/01/2020,1.1042,1.1069,1.1037,1.1059,165288.0,586459.0,EC1 Curncy,Future,CME,USD,0.0,6.25,125000.0,138238,1.1059,1.112,0.007087317311004876,5499
31/01/2020,1.1062,1.1125,1.1046,1.1119,227529.0,578656.0,EC1 Curncy,Future,CME,USD,0.0,6.25,125000.0,138981,1.1119,1.1179,0.006914236520894532,5500
03/02/2020,1.1117,1.112,1.1061,1.1093,179792.0,577178.0,EC1 Curncy,Future,CME,USD,0.0,6.25,125000.0,138656,1.1093,1.1154,0.006694505209513873,5501
04/02/2020,1.1088,1.1092,1.1061,1.107,145542.0,580140.0,EC1 Curncy,Future,CME,USD,0.0,6.25,125000.0,138375,1.107,1.1131,0.006488828861991378,5502
05/02/2020,1.1072,1.1075,1.102,1.1023,197878.0,587777.0,EC1 Curncy,Future,CME,USD,0.0,6.25,125000.0,137788,1.1023,1.1084,0.00622883081593575,5503
06/02/2020,1.1025,1.1039,1.0989,1.1002,177799.0,593382.0,EC1 Curncy,Future,CME,USD,0.0,6.25,125000.0,137519,1.1002,1.1062,0.0064853038993472265,5504
07/02/2020,1.1004,1.1009,1.0966,1.097,191000.0,593689.0,EC1 Curncy,Future,CME,USD,0.0,6.25,125000.0,137125,1.097,1.103,0.006869990295982465,5505
10/02/2020,1.0968,1.0981,1.0931,1.0938,158712.0,592751.0,EC1 Curncy,Future,CME,USD,0.0,6.25,125000.0,136719,1.0938,1.0997,0.0071924729173559595,5506
11/02/2020,1.0934,1.0948,1.0914,1.0945,171113.0,595604.0,EC1 Curncy,Future,CME,USD,0.0,6.25,125000.0,136806,1.0945,1.1005,0.007576450356218093,5507
12/02/2020,1.094,1.0948,1.0887,1.0889,188198.0,600521.0,EC1 Curncy,Future,CME,USD,0.0,6.25,125000.0,136106,1.0889,1.0949,0.008451948493310652,5508
13/02/2020,1.0892,1.0908,1.0853,1.0863,196589.0,604460.0,EC1 Curncy,Future,CME,USD,0.0,6.25,125000.0,135781,1.0863,1.0922,0.009363612194745232,5509
14/02/2020,1.0859,1.0881,1.0846,1.0863,163585.0,604791.0,EC1 Curncy,Future,CME,USD,0.0,6.25,125000.0,135781,1.0863,1.0922,0.009997436338061227,5510
17/02/2020,1.0859,1.0881,1.0846,1.0859,163585.0,604791.0,EC1 Curncy,Future,CME,USD,0.0,6.25,125000.0,135738,1.0859,1.0919,0.010394482510780713,5511
18/02/2020,1.0857,1.087,1.0803,1.0812,313856.0,600965.0,EC1 Curncy,Future,CME,USD,0.0,6.25,125000.0,135144,1.0812,1.0872,0.01102902534226239,5512
19/02/2020,1.081,1.0829,1.0799,1.0814,180548.0,603333.0,EC1 Curncy,Future,CME,USD,0.0,6.25,125000.0,135169,1.0814,1.0873,0.011293323986627676,5513
20/02/2020,1.0822,1.0837,1.0793,1.0805,232080.0,599438.0,EC1 Curncy,Future,CME,USD,0.0,6.25,125000.0,135056,1.0805,1.0864,0.011532045207462012,5514
21/02/2020,1.0798,1.0879,1.0798,1.0872,259525.0,604315.0,EC1 Curncy,Future,CME,USD,0.0,6.25,125000.0,135900,1.0872,1.0931,0.011208898250956122,5515
24/02/2020,1.0845,1.0887,1.0819,1.0857,255787.0,602955.0,EC1 Curncy,Future,CME,USD,0.0,6.25,125000.0,135706,1.0857,1.0916,0.011077210840292452,5516
25/02/2020,1.0867,1.0904,1.0843,1.0894,265324.0,600039.0,EC1 Curncy,Future,CME,USD,0.0,6.25,125000.0,136175,1.0894,1.0952,0.010697066576105373,5517
26/02/2020,1.0895,1.0922,1.0868,1.0912,273653.0,589191.0,EC1 Curncy,Future,CME,USD,0.0,6.25,125000.0,136394,1.0912,1.0969,0.010190889722376301,5518
27/02/2020,1.0894,1.1018,1.089,1.0998,369600.0,594290.0,EC1 Curncy,Future,CME,USD,0.0,6.25,125000.0,137475,1.0998,1.1055,0.009862344210867756,5519
28/02/2020,1.1014,1.1064,1.0962,1.104,410546.0,585534.0,EC1 Curncy,Future,CME,USD,0.0,6.25,125000.0,137994,1.104,1.1094,0.009762798437622133,5520
02/03/2020,1.1064,1.1195,1.1047,1.1173,440293.0,581944.0,EC1 Curncy,Future,CME,USD,0.0,6.25,125000.0,139663,1.1173,1.1226,0.010549684039516756,5521
03/03/2020,1.1155,1.1221,1.1104,1.1187,374128.0,575549.0,EC1 Curncy,Future,CME,USD,0.0,6.25,125000.0,139831,1.1187,1.1231,0.011370419224181314,5522
04/03/2020,1.1183,1.1195,1.1103,1.1146,304342.0,568080.0,EC1 Curncy,Future,CME,USD,0.0,6.25,125000.0,139325,1.1146,1.1191,0.011821954153197214,5523
05/03/2020,1.114,1.1251,1.1125,1.1207,336945.0,581073.0,EC1 Curncy,Future,CME,USD,0.0,6.25,125000.0,140088,1.1207,1.1251,0.012638383335443941,5524
06/03/2020,1.1239,1.1361,1.1216,1.1322,424461.0,579548.0,EC1 Curncy,Future,CME,USD,0.0,6.25,125000.0,141525,1.1322,1.1364,0.014168088556104628,5525
09/03/2020,1.1349,1.1502,1.1344,1.1466,424629.0,554652.0,EC1 Curncy,Future,CME,USD,0.0,6.25,125000.0,143325,1.1466,1.1509,0.01705400539463624,5526
10/03/2020,1.1453,1.1463,1.1279,1.13,466261.0,473158.0,EC1 Curncy,Future,CME,USD,0.0,6.25,125000.0,141250,1.13,1.134,0.01805478976154555,5527
11/03/2020,1.1332,1.1408,1.13,1.1324,493256.0,395182.0,EC1 Curncy,Future,CME,USD,0.0,6.25,125000.0,141544,1.1284,1.1324,0.019141832897268153,5528
12/03/2020,1.1306,1.1375,1.1106,1.1216,524008.0,507035.0,EC1 Curncy,Future,CME,USD,0.0,6.25,125000.0,140200,1.1178,1.1216,0.01954015779534373,5529
13/03/2020,1.1207,1.1264,1.111,1.1125,315747.0,578855.0,EC1 Curncy,Future,CME,USD,0.0,6.25,125000.0,139056,1.1073,1.1125,0.01959797863727097,5530
16/03/2020,1.1214,1.1278,1.1128,1.1227,201396.0,583195.0,EC1 Curncy,Future,CME,USD,0.0,6.25,125000.0,140338,1.1136,1.1227,0.019864308025541448,5531
17/03/2020,1.1244,1.1244,1.1005,1.105,196868.0,578472.0,EC1 Curncy,Future,CME,USD,0.0,6.25,125000.0,138119,1.105,1.1079,0.01975556208599463,5532
18/03/2020,1.1052,1.1095,1.085,1.0927,237544.0,570980.0,EC1 Curncy,Future,CME,USD,0.0,6.25,125000.0,136581,1.0927,1.0957,0.019641747206742773,5533
19/03/2020,1.0972,1.1035,1.0707,1.0719,277211.0,572292.0,EC1 Curncy,Future,CME,USD,0.0,6.25,125000.0,133988,1.0719,1.0754,0.02041018944874325,5534
20/03/2020,1.0714,1.0872,1.0675,1.0692,251136.0,569168.0,EC1 Curncy,Future,CME,USD,0.0,6.25,125000.0,133644,1.0692,1.0723,0.02131080086091543,5535
23/03/2020,1.0732,1.0872,1.0671,1.0772,219818.0,565424.0,EC1 Curncy,Future,CME,USD,0.0,6.25,125000.0,134644,1.0772,1.0804,0.02168266435043433,5536
24/03/2020,1.0773,1.0932,1.0767,1.08,196644.0,558058.0,EC1 Curncy,Future,CME,USD,0.0,6.25,125000.0,134994,1.08,1.0832,0.021735186526312483,5537
25/03/2020,1.0822,1.0935,1.0801,1.0909,171720.0,548213.0,EC1 Curncy,Future,CME,USD,0.0,6.25,125000.0,136356,1.0909,1.0941,0.021415590115620452,5538
26/03/2020,1.0923,1.1096,1.0909,1.108,205611.0,546282.0,EC1 Curncy,Future,CME,USD,0.0,6.25,125000.0,138500,1.108,1.1112,0.020870393703368142,5539
27/03/2020,1.107,1.1188,1.0991,1.1157,198780.0,543632.0,EC1 Curncy,Future,CME,USD,0.0,6.25,125000.0,139463,1.1157,1.119,0.020642694430078247,5540
30/03/2020,1.1165,1.1184,1.1047,1.1064,149226.0,543955.0,EC1 Curncy,Future,CME,USD,0.0,6.25,125000.0,138294,1.1064,1.1096,0.020205022477928106,5541
31/03/2020,1.1082,1.1087,1.0959,1.105,205731.0,539699.0,EC1 Curncy,Future,CME,USD,0.0,6.25,125000.0,138119,1.105,1.108,0.01988267922925824,5542
01/04/2020,1.1063,1.107,1.0931,1.0957,158748.0,538833.0,EC1 Curncy,Future,CME,USD,0.0,6.25,125000.0,136963,1.0957,1.0986,0.019749340073368947,5543
02/04/2020,1.0979,1.0991,1.0844,1.0873,172086.0,540136.0,EC1 Curncy,Future,CME,USD,0.0,6.25,125000.0,135913,1.0873,1.09,0.02011081218317431,5544
03/04/2020,1.0881,1.0884,1.0796,1.0834,134612.0,536742.0,EC1 Curncy,Future,CME,USD,0.0,6.25,125000.0,135425,1.0834,1.0861,0.020659035956861978,5545
06/04/2020,1.0835,1.0857,1.0792,1.0821,126450.0,535161.0,EC1 Curncy,Future,CME,USD,0.0,6.25,125000.0,135256,1.0821,1.0848,0.021074016386700527,5546
07/04/2020,1.0816,1.0953,1.0808,1.0928,165316.0,542595.0,EC1 Curncy,Future,CME,USD,0.0,6.25,125000.0,136594,1.0928,1.0957,0.02100384647313265,5547
08/04/2020,1.0916,1.0925,1.0851,1.0883,130074.0,541735.0,EC1 Curncy,Future,CME,USD,0.0,6.25,125000.0,136038,1.0883,1.0912,0.021102119166889335,5548
09/04/2020,1.0879,1.0972,1.0862,1.0883,167526.0,542299.0,EC1 Curncy,Future,CME,USD,0.0,6.25,125000.0,136038,1.0883,1.0912,0.0209521414975559,5549
10/04/2020,1.0879,1.0972,1.0862,1.0956,167526.0,542299.0,EC1 Curncy,Future,CME,USD,0.0,6.25,125000.0,136944,1.0956,1.0985,0.019974694824542633,5550
13/04/2020,1.0957,1.0987,1.0912,1.0943,72771.0,536797.0,EC1 Curncy,Future,CME,USD,0.0,6.25,125000.0,136781,1.0943,1.0972,0.017479368791052458,5551
14/04/2020,1.093,1.1005,1.0928,1.1,120234.0,535122.0,EC1 Curncy,Future,CME,USD,0.0,6.25,125000.0,137494,1.1,1.1027,0.01616874557081112,5552
15/04/2020,1.1,1.1007,1.0873,1.0939,142554.0,534549.0,EC1 Curncy,Future,CME,USD,0.0,6.25,125000.0,136738,1.0939,1.0964,0.014365699890142174,5553
16/04/2020,1.0924,1.0927,1.0832,1.0862,137628.0,536705.0,EC1 Curncy,Future,CME,USD,0.0,6.25,125000.0,135769,1.0862,1.0887,0.013367076469207356,5554
17/04/2020,1.0872,1.091,1.0827,1.0884,129194.0,535261.0,EC1 Curncy,Future,CME,USD,0.0,6.25,125000.0,136044,1.0884,1.0909,0.012820426409977204,5555
20/04/2020,1.0891,1.0912,1.0856,1.0877,101892.0,537003.0,EC1 Curncy,Future,CME,USD,0.0,6.25,125000.0,135956,1.0877,1.0902,0.011237066639785506,5556
21/04/2020,1.0883,1.0896,1.0831,1.0867,136304.0,538586.0,EC1 Curncy,Future,CME,USD,0.0,6.25,125000.0,135831,1.0867,1.0891,0.010908174304941395,5557
22/04/2020,1.0869,1.0899,1.0816,1.0833,119418.0,541232.0,EC1 Curncy,Future,CME,USD,0.0,6.25,125000.0,135406,1.0833,1.0856,0.010998284714762822,5558
23/04/2020,1.0836,1.086,1.0768,1.0798,177571.0,538665.0,EC1 Curncy,Future,CME,USD,0.0,6.25,125000.0,134969,1.0798,1.0821,0.010551031545161073,5559
24/04/2020,1.079,1.0843,1.0739,1.0811,129111.0,535847.0,EC1 Curncy,Future,CME,USD,0.0,6.25,125000.0,135131,1.0811,1.0834,0.009783629183504196,5560
27/04/2020,1.0833,1.0873,1.0824,1.0844,96001.0,534364.0,EC1 Curncy,Future,CME,USD,0.0,6.25,125000.0,135544,1.0844,1.0867,0.009457198316642915,5561
28/04/2020,1.0842,1.0901,1.0821,1.0847,130730.0,537029.0,EC1 Curncy,Future,CME,USD,0.0,6.25,125000.0,135588,1.0847,1.087,0.009265662415624305,5562
29/04/2020,1.0833,1.0895,1.0831,1.0881,117506.0,530482.0,EC1 Curncy,Future,CME,USD,0.0,6.25,125000.0,136006,1.0881,1.0903,0.009291363373243275,5563
30/04/2020,1.0884,1.0983,1.0842,1.0962,224340.0,533413.0,EC1 Curncy,Future,CME,USD,0.0,6.25,125000.0,137025,1.0962,1.0984,0.008698404068198301,5564
01/05/2020,1.0961,1.1029,1.0944,1.0987,88703.0,530070.0,EC1 Curncy,Future,CME,USD,0.0,6.25,125000.0,137331,1.0987,1.1008,0.007228639798305931,5565
04/05/2020,1.0982,1.0984,1.0904,1.0915,107609.0,532559.0,EC1 Curncy,Future,CME,USD,0.0,6.25,125000.0,136438,1.0915,1.0937,0.006417748826521806,5566
05/05/2020,1.091,1.0935,1.0834,1.086,162382.0,532521.0,EC1 Curncy,Future,CME,USD,0.0,6.25,125000.0,135750,1.086,1.0882,0.005609441445782207,5567
06/05/2020,1.085,1.0853,1.079,1.0813,117816.0,532837.0,EC1 Curncy,Future,CME,USD,0.0,6.25,125000.0,135156,1.0813,1.0835,0.005629940793086757,5568
07/05/2020,1.0802,1.0842,1.0774,1.0835,123984.0,533485.0,EC1 Curncy,Future,CME,USD,0.0,6.25,125000.0,135431,1.0835,1.0857,0.0057116926855060425,5569
08/05/2020,1.084,1.0884,1.0823,1.085,105989.0,530674.0,EC1 Curncy,Future,CME,USD,0.0,6.25,125000.0,135625,1.085,1.0871,0.0056638237967233315,5570
11/05/2020,1.084,1.0858,1.0808,1.0817,110064.0,537264.0,EC1 Curncy,Future,CME,USD,0.0,6.25,125000.0,135206,1.0817,1.0838,0.005682649030190897,5571
12/05/2020,1.0815,1.0893,1.0791,1.0861,149471.0,537757.0,EC1 Curncy,Future,CME,USD,0.0,6.25,125000.0,135756,1.0861,1.0882,0.005619217027338496,5572
13/05/2020,1.0855,1.0905,1.0818,1.0822,147605.0,539825.0,EC1 Curncy,Future,CME,USD,0.0,6.25,125000.0,135275,1.0822,1.0843,0.005738272097678765,5573
14/05/2020,1.0825,1.083,1.0781,1.0789,148648.0,540838.0,EC1 Curncy,Future,CME,USD,0.0,6.25,125000.0,134863,1.0789,1.0811,0.0060050895081034195,5574
15/05/2020,1.0812,1.0858,1.0795,1.082,140207.0,539884.0,EC1 Curncy,Future,CME,USD,0.0,6.25,125000.0,135250,1.082,1.0841,0.0058463464374772555,5575
18/05/2020,1.082,1.0933,1.0805,1.092,182678.0,539383.0,EC1 Curncy,Future,CME,USD,0.0,6.25,125000.0,136500,1.092,1.0942,0.005741680938569883,5576
19/05/2020,1.0921,1.0982,1.0908,1.0952,154098.0,538798.0,EC1 Curncy,Future,CME,USD,0.0,6.25,125000.0,136900,1.0952,1.0973,0.0053477939377221196,5577
20/05/2020,1.0929,1.1005,1.0924,1.0992,133456.0,543496.0,EC1 Curncy,Future,CME,USD,0.0,6.25,125000.0,137394,1.0992,1.1012,0.005740534237653302,5578
21/05/2020,1.0984,1.1014,1.0942,1.0961,138798.0,544232.0,EC1 Curncy,Future,CME,USD,0.0,6.25,125000.0,137006,1.0961,1.0982,0.0060317852526153536,5579
22/05/2020,1.0953,1.0959,1.089,1.0961,120721.0,542395.0,EC1 Curncy,Future,CME,USD,0.0,6.25,125000.0,137006,1.0961,1.0982,0.006287222492245688,5580
25/05/2020,1.0953,1.0959,1.089,1.0892,120721.0,542395.0,EC1 Curncy,Future,CME,USD,0.0,6.25,125000.0,136150,1.0892,1.0913,0.006296361383132308,5581
26/05/2020,1.0903,1.1,1.0874,1.0998,203562.0,545212.0,EC1 Curncy,Future,CME,USD,0.0,6.25,125000.0,137475,1.0998,1.1019,0.006750535781229817,5582
27/05/2020,1.0982,1.1035,1.0938,1.0995,247118.0,544309.0,EC1 Curncy,Future,CME,USD,0.0,6.25,125000.0,137431,1.0995,1.1016,0.007043360940180539,5583
28/05/2020,1.1011,1.1097,1.0995,1.1093,186555.0,551542.0,EC1 Curncy,Future,CME,USD,0.0,6.25,125000.0,138656,1.1093,1.1115,0.00790323351548732,5584
29/05/2020,1.1084,1.1149,1.1073,1.1101,225494.0,548801.0,EC1 Curncy,Future,CME,USD,0.0,6.25,125000.0,138763,1.1101,1.1123,0.00864901343123308,5585
01/06/2020,1.1119,1.1158,1.1104,1.1136,126750.0,545175.0,EC1 Curncy,Future,CME,USD,0.0,6.25,125000.0,139194,1.1136,1.1158,0.009626828830598622,5586
02/06/2020,1.1135,1.12,1.1118,1.1175,189688.0,553022.0,EC1 Curncy,Future,CME,USD,0.0,6.25,125000.0,139681,1.1175,1.1198,0.010728471466164485,5587
03/06/2020,1.1174,1.1261,1.117,1.1241,218626.0,551756.0,EC1 Curncy,Future,CME,USD,0.0,6.25,125000.0,140506,1.1241,1.1264,0.012271271327792401,5588
04/06/2020,1.1237,1.1365,1.1197,1.1352,294675.0,544310.0,EC1 Curncy,Future,CME,USD,0.0,6.25,125000.0,141900,1.1352,1.1375,0.01467481175348745,5589
05/06/2020,1.1339,1.1386,1.1281,1.1296,243548.0,532610.0,EC1 Curncy,Future,CME,USD,0.0,6.25,125000.0,141194,1.1296,1.1319,0.016095763417753383,5590
08/06/2020,1.1296,1.1321,1.127,1.1306,193781.0,504084.0,EC1 Curncy,Future,CME,USD,0.0,6.25,125000.0,141325,1.1306,1.133,0.017312931583076334,5591
09/06/2020,1.1294,1.1366,1.1242,1.1347,305661.0,432893.0,EC1 Curncy,Future,CME,USD,0.0,6.25,125000.0,141831,1.1347,1.1371,0.018450429082642165,5592
10/06/2020,1.1365,1.1447,1.1346,1.1418,499266.0,386278.0,EC1 Curncy,Future,CME,USD,0.0,6.25,125000.0,142725,1.1394,1.1418,0.01964675545733351,5593
11/06/2020,1.1403,1.1428,1.1314,1.1325,311532.0,480130.0,EC1 Curncy,Future,CME,USD,0.0,6.25,125000.0,141556,1.1301,1.1325,0.019986745608033735,5594
12/06/2020,1.132,1.1365,1.1237,1.1255,301427.0,551617.0,EC1 Curncy,Future,CME,USD,0.0,6.25,125000.0,140688,1.1231,1.1255,0.019881775574637415,5595
15/06/2020,1.1267,1.1357,1.125,1.1341,176721.0,556039.0,EC1 Curncy,Future,CME,USD,0.0,6.25,125000.0,141756,1.1276,1.1341,0.01983251707004368,5596
16/06/2020,1.1348,1.1378,1.1251,1.1296,183980.0,558130.0,EC1 Curncy,Future,CME,USD,0.0,6.25,125000.0,141194,1.1296,1.132,0.01961047509199017,5597
17/06/2020,1.1285,1.1317,1.1229,1.1254,149634.0,561373.0,EC1 Curncy,Future,CME,USD,0.0,6.25,125000.0,140675,1.1254,1.1278,0.018842789956202352,5598
18/06/2020,1.1264,1.1284,1.1208,1.1231,141141.0,561625.0,EC1 Curncy,Future,CME,USD,0.0,6.25,125000.0,140381,1.1231,1.1255,0.017552652221251915,5599
19/06/2020,1.1226,1.1277,1.119,1.1208,170181.0,562496.0,EC1 Curncy,Future,CME,USD,0.0,6.25,125000.0,140094,1.1208,1.1232,0.01621120188841284,5600
22/06/2020,1.1202,1.1293,1.119,1.1282,117766.0,564713.0,EC1 Curncy,Future,CME,USD,0.0,6.25,125000.0,141025,1.1282,1.1306,0.015564883552413988,5601
23/06/2020,1.1283,1.1371,1.1255,1.1333,161289.0,568569.0,EC1 Curncy,Future,CME,USD,0.0,6.25,125000.0,141663,1.1333,1.1357,0.015136327163489862,5602
24/06/2020,1.133,1.1347,1.1269,1.128,173612.0,564731.0,EC1 Curncy,Future,CME,USD,0.0,6.25,125000.0,141000,1.128,1.1304,0.014642117333234153,5603
25/06/2020,1.1274,1.128,1.121,1.1236,156984.0,562165.0,EC1 Curncy,Future,CME,USD,0.0,6.25,125000.0,140450,1.1236,1.126,0.013753724344101305,5604
26/06/2020,1.1236,1.1259,1.1215,1.1247,128145.0,560600.0,EC1 Curncy,Future,CME,USD,0.0,6.25,125000.0,140581,1.1247,1.127,0.012710858874738568,5605
29/06/2020,1.124,1.1308,1.1237,1.1254,153410.0,562368.0,EC1 Curncy,Future,CME,USD,0.0,6.25,125000.0,140675,1.1254,1.1277,0.010647613191079363,5606
30/06/2020,1.1258,1.1281,1.1208,1.1254,197872.0,562650.0,EC1 Curncy,Future,CME,USD,0.0,6.25,125000.0,140669,1.1254,1.1277,0.009378667282731392,5607
01/07/2020,1.125,1.1294,1.1202,1.1264,176435.0,567095.0,EC1 Curncy,Future,CME,USD,0.0,6.25,125000.0,140794,1.1264,1.1287,0.007725768570192289,5608
02/07/2020,1.1268,1.1321,1.1241,1.1264,168215.0,566413.0,EC1 Curncy,Future,CME,USD,0.0,6.25,125000.0,140794,1.1264,1.1287,0.00688795325188605,5609
03/07/2020,1.1268,1.1321,1.1241,1.1246,168215.0,566413.0,EC1 Curncy,Future,CME,USD,0.0,6.25,125000.0,140569,1.1246,1.1268,0.00597445116030179,5610
06/07/2020,1.126,1.1364,1.126,1.1334,245504.0,576985.0,EC1 Curncy,Future,CME,USD,0.0,6.25,125000.0,141669,1.1334,1.1357,0.005353976715192859,5611
07/07/2020,1.1327,1.135,1.1276,1.1304,172637.0,575196.0,EC1 Curncy,Future,CME,USD,0.0,6.25,125000.0,141294,1.1304,1.1327,0.004885311317288255,5612
08/07/2020,1.1292,1.1369,1.1279,1.1353,180863.0,583409.0,EC1 Curncy,Future,CME,USD,0.0,6.25,125000.0,141913,1.1353,1.1376,0.004961518584750288,5613
09/07/2020,1.135,1.1387,1.1296,1.1313,208374.0,579528.0,EC1 Curncy,Future,CME,USD,0.0,6.25,125000.0,141406,1.1313,1.1335,0.004821728597383232,5614
10/07/2020,1.1298,1.1341,1.127,1.1316,152872.0,579104.0,EC1 Curncy,Future,CME,USD,0.0,6.25,125000.0,141444,1.1316,1.1338,0.004849233616441145,5615
13/07/2020,1.1321,1.1392,1.1318,1.137,192221.0,588222.0,EC1 Curncy,Future,CME,USD,0.0,6.25,125000.0,142125,1.137,1.1392,0.005097384950490621,5616
14/07/2020,1.1367,1.1425,1.1341,1.141,193601.0,595308.0,EC1 Curncy,Future,CME,USD,0.0,6.25,125000.0,142625,1.141,1.1432,0.005514157536150653,5617
15/07/2020,1.142,1.1468,1.1407,1.1422,188870.0,601537.0,EC1 Curncy,Future,CME,USD,0.0,6.25,125000.0,142769,1.1422,1.1444,0.00555163039116923,5618
16/07/2020,1.1427,1.1457,1.1385,1.1393,206720.0,605687.0,EC1 Curncy,Future,CME,USD,0.0,6.25,125000.0,142406,1.1393,1.1415,0.005859323055338322,5619
17/07/2020,1.1397,1.1459,1.1392,1.1452,150700.0,609633.0,EC1 Curncy,Future,CME,USD,0.0,6.25,125000.0,143150,1.1452,1.1474,0.006536851943671525,5620
20/07/2020,1.1433,1.1482,1.1417,1.1456,201493.0,611143.0,EC1 Curncy,Future,CME,USD,0.0,6.25,125000.0,143194,1.1456,1.1478,0.007165735598444409,5621
21/07/2020,1.146,1.1554,1.1437,1.1545,252875.0,623780.0,EC1 Curncy,Future,CME,USD,0.0,6.25,125000.0,144306,1.1545,1.1567,0.008547547406526,5622
22/07/2020,1.1547,1.1616,1.1521,1.1583,261651.0,635486.0,EC1 Curncy,Future,CME,USD,0.0,6.25,125000.0,144788,1.1583,1.1605,0.009901094215631106,5623
23/07/2020,1.1587,1.164,1.1554,1.1622,232205.0,644614.0,EC1 Curncy,Future,CME,USD,0.0,6.25,125000.0,145275,1.1622,1.1644,0.011208177074505169,5624
24/07/2020,1.161,1.1671,1.1595,1.165,213788.0,650997.0,EC1 Curncy,Future,CME,USD,0.0,6.25,125000.0,145625,1.165,1.1673,0.012312518020296348,5625
27/07/2020,1.1659,1.1794,1.1655,1.1764,266042.0,661050.0,EC1 Curncy,Future,CME,USD,0.0,6.25,125000.0,147044,1.1764,1.1786,0.014500258618387234,5626
28/07/2020,1.1764,1.1786,1.1712,1.1736,211331.0,664716.0,EC1 Curncy,Future,CME,USD,0.0,6.25,125000.0,146700,1.1736,1.1759,0.016038093195060287,5627
29/07/2020,1.1733,1.1819,1.1726,1.1778,219881.0,669409.0,EC1 Curncy,Future,CME,USD,0.0,6.25,125000.0,147219,1.1778,1.18,0.01747836472137567,5628
30/07/2020,1.1806,1.186,1.1743,1.1848,239405.0,672822.0,EC1 Curncy,Future,CME,USD,0.0,6.25,125000.0,148094,1.1848,1.1869,0.018976944783958734,5629
31/07/2020,1.1855,1.192,1.1773,1.18,320893.0,677300.0,EC1 Curncy,Future,CME,USD,0.0,6.25,125000.0,147494,1.18,1.1821,0.01975414049425442,5630
03/08/2020,1.179,1.1808,1.1707,1.1771,212382.0,685557.0,EC1 Curncy,Future,CME,USD,0.0,6.25,125000.0,147131,1.1771,1.1792,0.020109925410106987,5631
04/08/2020,1.1774,1.1817,1.1731,1.1792,194343.0,688404.0,EC1 Curncy,Future,CME,USD,0.0,6.25,125000.0,147400,1.1792,1.1813,0.02035720756882086,5632
05/08/2020,1.1808,1.1915,1.1803,1.1871,210603.0,694916.0,EC1 Curncy,Future,CME,USD,0.0,6.25,125000.0,148381,1.1871,1.1892,0.02089574358571733,5633
06/08/2020,1.1874,1.1926,1.1827,1.1884,233843.0,690213.0,EC1 Curncy,Future,CME,USD,0.0,6.25,125000.0,148550,1.1884,1.1906,0.02121328435988566,5634
07/08/2020,1.1888,1.1892,1.1764,1.1791,237046.0,692286.0,EC1 Curncy,Future,CME,USD,0.0,6.25,125000.0,147388,1.1791,1.1813,0.02063901483437038,5635
10/08/2020,1.1795,1.181,1.1745,1.1753,161515.0,689494.0,EC1 Curncy,Future,CME,USD,0.0,6.25,125000.0,146906,1.1753,1.1775,0.020235816431927997,5636
11/08/2020,1.175,1.1817,1.173,1.1754,224689.0,689460.0,EC1 Curncy,Future,CME,USD,0.0,6.25,125000.0,146925,1.1754,1.1776,0.019489311600635877,5637
12/08/2020,1.1748,1.1826,1.1719,1.1793,200610.0,690289.0,EC1 Curncy,Future,CME,USD,0.0,6.25,125000.0,147406,1.1793,1.1815,0.018985361027205657,5638
13/08/2020,1.1793,1.1872,1.1792,1.1807,194916.0,690846.0,EC1 Curncy,Future,CME,USD,0.0,6.25,125000.0,147581,1.1807,1.1829,0.018045315181508967,5639
14/08/2020,1.1823,1.1858,1.1789,1.1845,153531.0,688512.0,EC1 Curncy,Future,CME,USD,0.0,6.25,125000.0,148063,1.1845,1.1868,0.016981583161373853,5640
17/08/2020,1.185,1.1888,1.1836,1.1873,128995.0,688072.0,EC1 Curncy,Future,CME,USD,0.0,6.25,125000.0,148406,1.1873,1.1895,0.0161703566235663,5641
18/08/2020,1.1878,1.1973,1.1875,1.1945,206561.0,686999.0,EC1 Curncy,Future,CME,USD,0.0,6.25,125000.0,149313,1.1945,1.1968,0.015766639887220903,5642
19/08/2020,1.1941,1.196,1.1836,1.1862,219334.0,687982.0,EC1 Curncy,Future,CME,USD,0.0,6.25,125000.0,148275,1.1862,1.1884,0.014758599752911218,5643
20/08/2020,1.1847,1.1875,1.1808,1.1858,203582.0,686022.0,EC1 Curncy,Future,CME,USD,0.0,6.25,125000.0,148225,1.1858,1.188,0.013110673768598738,5644
21/08/2020,1.1868,1.1888,1.1759,1.1794,195602.0,687642.0,EC1 Curncy,Future,CME,USD,0.0,6.25,125000.0,147419,1.1794,1.1816,0.011523852075873642,5645
24/08/2020,1.18,1.1856,1.179,1.1798,140117.0,683136.0,EC1 Curncy,Future,CME,USD,0.0,6.25,125000.0,147469,1.1798,1.182,0.009536758708629002,5646
25/08/2020,1.1794,1.1849,1.1789,1.1838,154929.0,685437.0,EC1 Curncy,Future,CME,USD,0.0,6.25,125000.0,147975,1.1838,1.186,0.008230684459181153,5647
26/08/2020,1.1839,1.1845,1.1777,1.182,164948.0,684750.0,EC1 Curncy,Future,CME,USD,0.0,6.25,125000.0,147744,1.182,1.1842,0.006989654259446764,5648
27/08/2020,1.1837,1.1907,1.1766,1.1828,336033.0,685554.0,EC1 Curncy,Future,CME,USD,0.0,6.25,125000.0,147850,1.1828,1.1851,0.005911875055056442,5649
28/08/2020,1.1825,1.1924,1.1815,1.1895,236265.0,681149.0,EC1 Curncy,Future,CME,USD,0.0,6.25,125000.0,148681,1.1895,1.1918,0.005125339013170509,5650
31/08/2020,1.1914,1.197,1.1888,1.194,200188.0,678656.0,EC1 Curncy,Future,CME,USD,0.0,6.25,125000.0,149244,1.194,1.1963,0.005518867637470964,5651
01/09/2020,1.1941,1.2015,1.1905,1.1913,263767.0,672066.0,EC1 Curncy,Future,CME,USD,0.0,6.25,125000.0,148913,1.1913,1.1936,0.005438097093646003,5652
02/09/2020,1.1918,1.1932,1.1825,1.1828,241988.0,672173.0,EC1 Curncy,Future,CME,USD,0.0,6.25,125000.0,147850,1.1828,1.1852,0.005313934512197174,5653
03/09/2020,1.1855,1.1867,1.1791,1.1859,219832.0,661192.0,EC1 Curncy,Future,CME,USD,0.0,6.25,125000.0,148231,1.1859,1.1882,0.005328783475921434,5654
04/09/2020,1.1851,1.1868,1.1783,1.1859,220600.0,645571.0,EC1 Curncy,Future,CME,USD,0.0,6.25,125000.0,148231,1.1859,1.1882,0.005291004945494963,5655
07/09/2020,1.1851,1.1868,1.1783,1.1853,220600.0,645571.0,EC1 Curncy,Future,CME,USD,0.0,6.25,125000.0,148163,1.1853,1.1877,0.005103782910735643,5656
08/09/2020,1.1841,1.1851,1.1767,1.1783,386505.0,541281.0,EC1 Curncy,Future,CME,USD,0.0,6.25,125000.0,147281,1.1783,1.1807,0.005143627124891291,5657
09/09/2020,1.1774,1.1836,1.1753,1.1809,426011.0,343013.0,EC1 Curncy,Future,CME,USD,0.0,6.25,125000.0,147613,1.1809,1.1833,0.005146238108228709,5658
10/09/2020,1.1829,1.1942,1.1825,1.185,488178.0,576169.0,EC1 Curncy,Future,CME,USD,0.0,6.25,125000.0,148125,1.1826,1.185,0.005067454982525202,5659
11/09/2020,1.1844,1.1898,1.1843,1.1855,216004.0,637073.0,EC1 Curncy,Future,CME,USD,0.0,6.25,125000.0,148188,1.1831,1.1855,0.004981475684967071,5660
14/09/2020,1.1864,1.1913,1.1856,1.1889,129471.0,650454.0,EC1 Curncy,Future,CME,USD,0.0,6.25,125000.0,148613,1.1882,1.1889,0.004722192287477862,5661
15/09/2020,1.1889,1.1924,1.1862,1.1877,136172.0,648250.0,EC1 Curncy,Future,CME,USD,0.0,6.25,125000.0,148456,1.1877,1.1905,0.004350735569982718,5662
16/09/2020,1.1871,1.1905,1.181,1.1821,201295.0,658135.0,EC1 Curncy,Future,CME,USD,0.0,6.25,125000.0,147763,1.1821,1.1848,0.004229999999989634,5663
17/09/2020,1.1836,1.1875,1.1759,1.1861,205750.0,662281.0,EC1 Curncy,Future,CME,USD,0.0,6.25,125000.0,148263,1.1861,1.1888,0.004127481072023366,5664
18/09/2020,1.1867,1.1893,1.1848,1.1874,141967.0,662442.0,EC1 Curncy,Future,CME,USD,0.0,6.25,125000.0,148425,1.1874,1.1901,0.004141509386674203,5665
21/09/2020,1.1868,1.1894,1.1752,1.1776,234778.0,658625.0,EC1 Curncy,Future,CME,USD,0.0,6.25,125000.0,147194,1.1776,1.1803,0.004413992901358807,5666
22/09/2020,1.1789,1.1793,1.1712,1.1726,214789.0,656035.0,EC1 Curncy,Future,CME,USD,0.0,6.25,125000.0,146575,1.1726,1.1753,0.004646044912960969,5667
23/09/2020,1.1728,1.1739,1.1671,1.1678,204073.0,652151.0,EC1 Curncy,Future,CME,USD,0.0,6.25,125000.0,145969,1.1678,1.1704,0.005670943484105699,5668
24/09/2020,1.168,1.1707,1.1646,1.1686,191755.0,647041.0,EC1 Curncy,Future,CME,USD,0.0,6.25,125000.0,146069,1.1686,1.1712,0.006382528234688102,5669
25/09/2020,1.1688,1.1704,1.1631,1.1642,174269.0,642375.0,EC1 Curncy,Future,CME,USD,0.0,6.25,125000.0,145519,1.1642,1.1668,0.007371268547538291,5670
28/09/2020,1.1648,1.17,1.1635,1.1683,152658.0,640413.0,EC1 Curncy,Future,CME,USD,0.0,6.25,125000.0,146038,1.1683,1.171,0.007871230314671044,5671
29/09/2020,1.1681,1.1765,1.1681,1.1756,176883.0,645586.0,EC1 Curncy,Future,CME,USD,0.0,6.25,125000.0,146950,1.1756,1.1783,0.007953619721019996,5672
30/09/2020,1.1758,1.1774,1.1703,1.1736,215416.0,641882.0,EC1 Curncy,Future,CME,USD,0.0,6.25,125000.0,146694,1.1736,1.1762,0.00810513828793809,5673
01/10/2020,1.174,1.1788,1.1735,1.1764,186403.0,639034.0,EC1 Curncy,Future,CME,USD,0.0,6.25,125000.0,147044,1.1764,1.179,0.008150415122348148,5674
02/10/2020,1.1765,1.1766,1.1713,1.173,185166.0,634828.0,EC1 Curncy,Future,CME,USD,0.0,6.25,125000.0,146625,1.173,1.1756,0.008088774113955997,5675
05/10/2020,1.173,1.1815,1.1725,1.1793,151729.0,640446.0,EC1 Curncy,Future,CME,USD,0.0,6.25,125000.0,147406,1.1793,1.1818,0.007560229273415432,5676
06/10/2020,1.1801,1.1825,1.1748,1.177,169097.0,641251.0,EC1 Curncy,Future,CME,USD,0.0,6.25,125000.0,147119,1.177,1.1795,0.007169304940737089,5677
07/10/2020,1.1751,1.1799,1.1742,1.1784,133058.0,642108.0,EC1 Curncy,Future,CME,USD,0.0,6.25,125000.0,147294,1.1784,1.1809,0.007126831928232778,5678
08/10/2020,1.1783,1.1797,1.1748,1.1773,129511.0,638449.0,EC1 Curncy,Future,CME,USD,0.0,6.25,125000.0,147163,1.1773,1.1798,0.006978677047498316,5679
09/10/2020,1.1776,1.1848,1.1774,1.1841,157272.0,643478.0,EC1 Curncy,Future,CME,USD,0.0,6.25,125000.0,148006,1.1841,1.1866,0.006908207678789063,5680
12/10/2020,1.1833,1.1842,1.1802,1.1825,114451.0,640787.0,EC1 Curncy,Future,CME,USD,0.0,6.25,125000.0,147813,1.1825,1.185,0.0068144160913914,5681
13/10/2020,1.1827,1.1831,1.1745,1.176,174331.0,635674.0,EC1 Curncy,Future,CME,USD,0.0,6.25,125000.0,147000,1.176,1.1786,0.006830317220545553,5682
14/10/2020,1.1758,1.1787,1.1735,1.1766,140896.0,630474.0,EC1 Curncy,Future,CME,USD,0.0,6.25,125000.0,147075,1.1766,1.1792,0.006814560391784772,5683
15/10/2020,1.1763,1.1773,1.1702,1.1712,177892.0,633013.0,EC1 Curncy,Future,CME,USD,0.0,6.25,125000.0,146394,1.1712,1.1737,0.0067881833603169565,5684
16/10/2020,1.1723,1.1761,1.1708,1.1733,149396.0,629666.0,EC1 Curncy,Future,CME,USD,0.0,6.25,125000.0,146656,1.1733,1.1758,0.006626605465843927,5685
19/10/2020,1.1735,1.1808,1.1717,1.1782,176853.0,631283.0,EC1 Curncy,Future,CME,USD,0.0,6.25,125000.0,147269,1.1782,1.1807,0.006156465436159034,5686
20/10/2020,1.1779,1.1855,1.1774,1.184,167607.0,635875.0,EC1 Curncy,Future,CME,USD,0.0,6.25,125000.0,148000,1.184,1.1865,0.00591827114394804,5687
21/10/2020,1.1835,1.1895,1.1835,1.1875,188740.0,630801.0,EC1 Curncy,Future,CME,USD,0.0,6.25,125000.0,148438,1.1875,1.1901,0.006223803767254162,5688
22/10/2020,1.1875,1.188,1.1824,1.1831,151595.0,627430.0,EC1 Curncy,Future,CME,USD,0.0,6.25,125000.0,147888,1.1831,1.1857,0.006061083511492618,5689
23/10/2020,1.1833,1.1878,1.1799,1.1872,169054.0,628363.0,EC1 Curncy,Future,CME,USD,0.0,6.25,125000.0,148394,1.1872,1.1898,0.006046271578415446,5690
26/10/2020,1.187,1.1873,1.1815,1.1826,154580.0,625564.0,EC1 Curncy,Future,CME,USD,0.0,6.25,125000.0,147825,1.1826,1.1853,0.006164473483865988,5691
27/10/2020,1.1822,1.1852,1.1804,1.1825,139859.0,626988.0,EC1 Curncy,Future,CME,USD,0.0,6.25,125000.0,147813,1.1825,1.1851,0.0062055566497523085,5692
28/10/2020,1.18,1.1801,1.1729,1.1763,242269.0,629386.0,EC1 Curncy,Future,CME,USD,0.0,6.25,125000.0,147038,1.1763,1.1789,0.005898200290479865,5693
29/10/2020,1.1756,1.177,1.1661,1.1682,235294.0,627558.0,EC1 Curncy,Future,CME,USD,0.0,6.25,125000.0,146025,1.1682,1.1708,0.005923757253631373,5694
30/10/2020,1.1684,1.1715,1.1651,1.1655,199290.0,622775.0,EC1 Curncy,Future,CME,USD,0.0,6.25,125000.0,145688,1.1655,1.1681,0.0058071019737286666,5695
02/11/2020,1.1655,1.1667,1.1632,1.1642,132536.0,618877.0,EC1 Curncy,Future,CME,USD,0.0,6.25,125000.0,145525,1.1642,1.1668,0.006127062917903723,5696
03/11/2020,1.1651,1.1751,1.1648,1.1717,155328.0,617899.0,EC1 Curncy,Future,CME,USD,0.0,6.25,125000.0,146456,1.1717,1.1743,0.006222226289677326,5697
04/11/2020,1.1741,1.1783,1.1613,1.1735,260869.0,620960.0,EC1 Curncy,Future,CME,USD,0.0,6.25,125000.0,146688,1.1735,1.1761,0.006224660633315817,5698
05/11/2020,1.1733,1.1869,1.1721,1.1848,207774.0,627202.0,EC1 Curncy,Future,CME,USD,0.0,6.25,125000.0,148100,1.1848,1.1874,0.006404685784638471,5699
06/11/2020,1.1834,1.1901,1.1805,1.1892,195510.0,624441.0,EC1 Curncy,Future,CME,USD,0.0,6.25,125000.0,148644,1.1892,1.1918,0.006739109733484607,5700
09/11/2020,1.1897,1.193,1.1804,1.1841,247147.0,625059.0,EC1 Curncy,Future,CME,USD,0.0,6.25,125000.0,148013,1.1841,1.1867,0.006840321629861129,5701
10/11/2020,1.1825,1.1853,1.1789,1.1822,155780.0,628321.0,EC1 Curncy,Future,CME,USD,0.0,6.25,125000.0,147775,1.1822,1.1848,0.006876210196511715,5702
11/11/2020,1.1826,1.1842,1.1754,1.1783,138880.0,625698.0,EC1 Curncy,Future,CME,USD,0.0,6.25,125000.0,147281,1.1783,1.181,0.0068763410813172795,5703
12/11/2020,1.1784,1.1831,1.1767,1.1815,123009.0,624963.0,EC1 Curncy,Future,CME,USD,0.0,6.25,125000.0,147688,1.1815,1.1842,0.006895452607814149,5704
13/11/2020,1.1814,1.1846,1.1807,1.1841,87448.0,623663.0,EC1 Curncy,Future,CME,USD,0.0,6.25,125000.0,148006,1.1841,1.1868,0.006895452607814149,5705
16/11/2020,1.1847,1.1877,1.1821,1.185,124456.0,622082.0,EC1 Curncy,Future,CME,USD,0.0,6.25,125000.0,148125,1.185,1.1877,0.006970098038522163,5706
17/11/2020,1.1863,1.1902,1.185,1.1872,125537.0,626990.0,EC1 Curncy,Future,CME,USD,0.0,6.25,125000.0,148394,1.1872,1.1898,0.007138393843618364,5707
18/11/2020,1.187,1.1898,1.1856,1.187,113510.0,627588.0,EC1 Curncy,Future,CME,USD,0.0,6.25,125000.0,148369,1.187,1.1897,0.007277389641893592,5708
19/11/2020,1.186,1.1889,1.1822,1.1882,141175.0,630317.0,EC1 Curncy,Future,CME,USD,0.0,6.25,125000.0,148519,1.1882,1.1909,0.007244611790837179,5709
20/11/2020,1.1879,1.1897,1.1855,1.1864,121670.0,629246.0,EC1 Curncy,Future,CME,USD,0.0,6.25,125000.0,148294,1.1864,1.1891,0.007184995940611338,5710
23/11/2020,1.1865,1.1912,1.1805,1.1848,205523.0,628870.0,EC1 Curncy,Future,CME,USD,0.0,6.25,125000.0,148094,1.1848,1.1876,0.007202885995668698,5711
24/11/2020,1.1847,1.1902,1.1844,1.1888,148296.0,630187.0,EC1 Curncy,Future,CME,USD,0.0,6.25,125000.0,148594,1.1888,1.1915,0.007344219949497664,5712
25/11/2020,1.1898,1.1935,1.1887,1.1888,182930.0,628522.0,EC1 Curncy,Future,CME,USD,0.0,6.25,125000.0,148594,1.1888,1.1915,0.007393968262482552,5713
26/11/2020,1.1898,1.1935,1.1887,1.1922,182930.0,628522.0,EC1 Curncy,Future,CME,USD,0.0,6.25,125000.0,149019,1.1922,1.1949,0.007698458720198313,5714
27/11/2020,1.1921,1.1967,1.1889,1.1961,192734.0,629388.0,EC1 Curncy,Future,CME,USD,0.0,6.25,125000.0,149506,1.1961,1.1989,0.008152326866193623,5715
30/11/2020,1.1968,1.2008,1.1928,1.1951,236326.0,624043.0,EC1 Curncy,Future,CME,USD,0.0,6.25,125000.0,149381,1.1951,1.198,0.008555822578801331,5716
01/12/2020,1.1932,1.208,1.1932,1.2051,242725.0,628467.0,EC1 Curncy,Future,CME,USD,0.0,6.25,125000.0,150638,1.2051,1.2081,0.009663924323651128,5717
02/12/2020,1.2076,1.2122,1.2043,1.2102,233075.0,622031.0,EC1 Curncy,Future,CME,USD,0.0,6.25,125000.0,151275,1.2102,1.2131,0.010905477217125767,5718
03/12/2020,1.2116,1.2177,1.2103,1.2145,234305.0,618315.0,EC1 Curncy,Future,CME,USD,0.0,6.25,125000.0,151806,1.2145,1.2174,0.011844372784853273,5719
04/12/2020,1.2144,1.2179,1.2112,1.214,231778.0,610574.0,EC1 Curncy,Future,CME,USD,0.0,6.25,125000.0,151744,1.214,1.217,0.012187459401637554,5720
07/12/2020,1.2132,1.2168,1.208,1.2121,254159.0,583333.0,EC1 Curncy,Future,CME,USD,0.0,6.25,125000.0,151506,1.2121,1.2152,0.0119412966911703,5721
08/12/2020,1.2113,1.2136,1.2097,1.2106,254924.0,521586.0,EC1 Curncy,Future,CME,USD,0.0,6.25,125000.0,151319,1.2106,1.2138,0.011910853593811565,5722
09/12/2020,1.2139,1.2181,1.209,1.2104,427302.0,365699.0,EC1 Curncy,Future,CME,USD,0.0,6.25,125000.0,151294,1.2074,1.2104,0.011788890250282538,5723
10/12/2020,1.2113,1.2189,1.2106,1.2164,456339.0,567561.0,EC1 Curncy,Future,CME,USD,0.0,6.25,125000.0,152044,1.2134,1.2164,0.012476909339517289,5724
11/12/2020,1.2171,1.2194,1.2136,1.2143,249989.0,642821.0,EC1 Curncy,Future,CME,USD,0.0,6.25,125000.0,151781,1.2113,1.2143,0.012998765325978549,5725
14/12/2020,1.2162,1.2206,1.2146,1.2176,186084.0,647171.0,EC1 Curncy,Future,CME,USD,0.0,6.25,125000.0,152200,1.2135,1.2176,0.013450925618702076,5726
15/12/2020,1.2174,1.2198,1.2149,1.2187,146856.0,649525.0,EC1 Curncy,Future,CME,USD,0.0,6.25,125000.0,152338,1.2187,1.2212,0.013728907458346745,5727
16/12/2020,1.2181,1.2241,1.2156,1.2194,213378.0,654128.0,EC1 Curncy,Future,CME,USD,0.0,6.25,125000.0,152425,1.2194,1.2219,0.013645328871076777,5728
17/12/2020,1.2229,1.2304,1.222,1.2294,192614.0,654942.0,EC1 Curncy,Future,CME,USD,0.0,6.25,125000.0,153669,1.2294,1.2318,0.014239676962622183,5729
18/12/2020,1.23,1.23,1.2256,1.2272,154512.0,654042.0,EC1 Curncy,Future,CME,USD,0.0,6.25,125000.0,153400,1.2272,1.2297,0.014555497243303817,5730
21/12/2020,1.2256,1.2285,1.2158,1.228,252788.0,652063.0,EC1 Curncy,Future,CME,USD,0.0,6.25,125000.0,153500,1.228,1.2304,0.014758415678288436,5731
22/12/2020,1.2271,1.2291,1.2185,1.2194,186565.0,661550.0,EC1 Curncy,Future,CME,USD,0.0,6.25,125000.0,152425,1.2194,1.2219,0.014479045778865295,5732
23/12/2020,1.2195,1.2251,1.2186,1.2209,184414.0,665179.0,EC1 Curncy,Future,CME,USD,0.0,6.25,125000.0,152606,1.2209,1.2233,0.014111876794617733,5733
24/12/2020,1.2218,1.2244,1.2205,1.2209,56166.0,664728.0,EC1 Curncy,Future,CME,USD,0.0,6.25,125000.0,152606,1.2209,1.2233,0.01367568157959464,5734
25/12/2020,1.2218,1.2244,1.2205,1.2211,56166.0,664728.0,EC1 Curncy,Future,CME,USD,0.0,6.25,125000.0,152638,1.2211,1.2235,0.01295958461267658,5735
28/12/2020,1.2219,1.2278,1.2208,1.2233,121859.0,663825.0,EC1 Curncy,Future,CME,USD,0.0,6.25,125000.0,152906,1.2233,1.2257,0.011960525350771556,5736
29/12/2020,1.2234,1.23,1.2234,1.2277,126668.0,663943.0,EC1 Curncy,Future,CME,USD,0.0,6.25,125000.0,153463,1.2277,1.2301,0.011247032201123452,5737
30/12/2020,1.2275,1.233,1.2271,1.2309,133830.0,663129.0,EC1 Curncy,Future,CME,USD,0.0,6.25,125000.0,153856,1.2309,1.2333,0.010416573332903956,5738
31/12/2020,1.2319,1.2329,1.2229,1.2309,131799.0,662648.0,EC1 Curncy,Future,CME,USD,0.0,6.25,125000.0,153856,1.2309,1.2333,0.009604066846901757,5739
01/01/2021,1.2319,1.2329,1.2229,1.2246,131799.0,662648.0,EC1 Curncy,Future,CME,USD,0.0,6.25,125000.0,153075,1.2246,1.227,0.008614905687223211,5740
04/01/2021,1.2252,1.233,1.2249,1.2271,182283.0,664378.0,EC1 Curncy,Future,CME,USD,0.0,6.25,125000.0,153388,1.2271,1.2296,0.0072632820863856,5741
05/01/2021,1.2268,1.2324,1.2266,1.2322,133366.0,665795.0,EC1 Curncy,Future,CME,USD,0.0,6.25,125000.0,154025,1.2322,1.2346,0.006997232786352289,5742
06/01/2021,1.2316,1.2368,1.2284,1.2327,215013.0,665737.0,EC1 Curncy,Future,CME,USD,0.0,6.25,125000.0,154081,1.2327,1.2352,0.007014361458208281,5743
07/01/2021,1.2345,1.2362,1.2262,1.2285,160942.0,663832.0,EC1 Curncy,Future,CME,USD,0.0,6.25,125000.0,153563,1.2285,1.231,0.006968304432671853,5744
08/01/2021,1.2286,1.2302,1.221,1.2233,213108.0,666881.0,EC1 Curncy,Future,CME,USD,0.0,6.25,125000.0,152906,1.2233,1.2258,0.0067497827125317,5745
11/01/2021,1.2234,1.2235,1.2149,1.2179,149163.0,668421.0,EC1 Curncy,Future,CME,USD,0.0,6.25,125000.0,152238,1.2179,1.2204,0.006463737308997296,5746
12/01/2021,1.2172,1.2226,1.2154,1.2217,143720.0,670033.0,EC1 Curncy,Future,CME,USD,0.0,6.25,125000.0,152713,1.2217,1.2242,0.0059411699184353075,5747
13/01/2021,1.2223,1.224,1.2156,1.2171,145532.0,671254.0,EC1 Curncy,Future,CME,USD,0.0,6.25,125000.0,152131,1.2171,1.2195,0.005463143173398635,5748
14/01/2021,1.2175,1.2195,1.2125,1.2171,166280.0,672115.0,EC1 Curncy,Future,CME,USD,0.0,6.25,125000.0,152131,1.2171,1.2196,0.005426115860636578,5749
15/01/2021,1.2166,1.2178,1.2089,1.2171,142815.0,672008.0,EC1 Curncy,Future,CME,USD,0.0,6.25,125000.0,152131,1.2171,1.2196,0.005250580920214234,5750
18/01/2021,1.2166,1.2178,1.2089,1.2093,142815.0,672008.0,EC1 Curncy,Future,CME,USD,0.0,6.25,125000.0,151156,1.2093,1.2118,0.005882536301039977,5751
19/01/2021,1.2096,1.216,1.2068,1.2141,228555.0,669718.0,EC1 Curncy,Future,CME,USD,0.0,6.25,125000.0,151763,1.2141,1.2166,0.006105224538572483,5752
20/01/2021,1.2145,1.2174,1.2091,1.2122,145166.0,665897.0,EC1 Curncy,Future,CME,USD,0.0,6.25,125000.0,151519,1.2122,1.2147,0.00645527432928992,5753
21/01/2021,1.2123,1.2187,1.2122,1.2173,163178.0,675753.0,EC1 Curncy,Future,CME,USD,0.0,6.25,125000.0,152156,1.2173,1.2197,0.006407612659932381,5754
22/01/2021,1.218,1.2203,1.2165,1.2181,136554.0,671534.0,EC1 Curncy,Future,CME,USD,0.0,6.25,125000.0,152263,1.2181,1.2206,0.006387936547357163,5755
25/01/2021,1.2183,1.2197,1.2129,1.2152,156270.0,672669.0,EC1 Curncy,Future,CME,USD,0.0,6.25,125000.0,151894,1.2152,1.2176,0.006411271324763219,5756
26/01/2021,1.2155,1.2189,1.2121,1.2178,164218.0,670681.0,EC1 Curncy,Future,CME,USD,0.0,6.25,125000.0,152219,1.2178,1.2202,0.006442308074988719,5757
27/01/2021,1.2172,1.2183,1.207,1.2113,284535.0,676126.0,EC1 Curncy,Future,CME,USD,0.0,6.25,125000.0,151406,1.2113,1.2137,0.00676148898786851,5758
28/01/2021,1.2121,1.2155,1.2092,1.2144,199525.0,671431.0,EC1 Curncy,Future,CME,USD,0.0,6.25,125000.0,151794,1.2144,1.2169,0.006896175268441825,5759
29/01/2021,1.2135,1.2168,1.2106,1.2143,218641.0,666899.0,EC1 Curncy,Future,CME,USD,0.0,6.25,125000.0,151788,1.2143,1.2168,0.007021578644892015,5760
01/02/2021,1.2142,1.2148,1.2067,1.2078,182067.0,668946.0,EC1 Curncy,Future,CME,USD,0.0,6.25,125000.0,150975,1.2078,1.2102,0.007448617321338263,5761
02/02/2021,1.2072,1.2099,1.2022,1.2031,194464.0,667841.0,EC1 Curncy,Future,CME,USD,0.0,6.25,125000.0,150381,1.2031,1.2054,0.007997030698937318,5762
03/02/2021,1.2053,1.206,1.2014,1.2036,155420.0,662128.0,EC1 Curncy,Future,CME,USD,0.0,6.25,125000.0,150450,1.2036,1.206,0.008172062163233481,5763
04/02/2021,1.2045,1.2052,1.1966,1.1976,167699.0,658508.0,EC1 Curncy,Future,CME,USD,0.0,6.25,125000.0,149694,1.1976,1.1999,0.008671585783451613,5764
05/02/2021,1.1973,1.206,1.1961,1.2053,192834.0,659443.0,EC1 Curncy,Future,CME,USD,0.0,6.25,125000.0,150656,1.2053,1.2076,0.008789486143480251,5765
08/02/2021,1.2054,1.2075,1.2029,1.2065,147688.0,661864.0,EC1 Curncy,Future,CME,USD,0.0,6.25,125000.0,150806,1.2065,1.2089,0.008654863757820583,5766
09/02/2021,1.206,1.213,1.2056,1.2126,182756.0,663002.0,EC1 Curncy,Future,CME,USD,0.0,6.25,125000.0,151575,1.2126,1.2149,0.007887483755911912,5767
10/02/2021,1.2128,1.2152,1.2117,1.2137,152771.0,662707.0,EC1 Curncy,Future,CME,USD,0.0,6.25,125000.0,151713,1.2137,1.216,0.0068860535383565066,5768
11/02/2021,1.2128,1.2157,1.2121,1.2138,115529.0,664207.0,EC1 Curncy,Future,CME,USD,0.0,6.25,125000.0,151725,1.2138,1.2161,0.006136524532104132,5769
12/02/2021,1.214,1.2141,1.2088,1.2138,146837.0,662351.0,EC1 Curncy,Future,CME,USD,0.0,6.25,125000.0,151725,1.2138,1.2161,0.0057466598994359245,5770
15/02/2021,1.214,1.2141,1.2088,1.2123,146837.0,662351.0,EC1 Curncy,Future,CME,USD,0.0,6.25,125000.0,151538,1.2123,1.2146,0.005635799263025588,5771
16/02/2021,1.2129,1.2177,1.2101,1.2122,263881.0,663821.0,EC1 Curncy,Future,CME,USD,0.0,6.25,125000.0,151525,1.2122,1.2145,0.0052837392062618895,5772
17/02/2021,1.2111,1.2112,1.203,1.2043,207928.0,664106.0,EC1 Curncy,Future,CME,USD,0.0,6.25,125000.0,150538,1.2043,1.2066,0.0053785778789372084,5773
18/02/2021,1.2049,1.2101,1.2041,1.2092,176081.0,664467.0,EC1 Curncy,Future,CME,USD,0.0,6.25,125000.0,151144,1.2092,1.2115,0.005260012674236456,5774
19/02/2021,1.2098,1.2151,1.2088,1.2122,172777.0,671050.0,EC1 Curncy,Future,CME,USD,0.0,6.25,125000.0,151519,1.2122,1.2145,0.005115499323930119,5775
22/02/2021,1.213,1.2175,1.2096,1.2173,192525.0,672350.0,EC1 Curncy,Future,CME,USD,0.0,6.25,125000.0,152163,1.2173,1.2196,0.005260703375005466,5776
23/02/2021,1.2164,1.2186,1.214,1.2149,157735.0,669797.0,EC1 Curncy,Future,CME,USD,0.0,6.25,125000.0,151856,1.2149,1.2172,0.005281470754735563,5777
24/02/2021,1.2153,1.218,1.2114,1.2153,217783.0,664355.0,EC1 Curncy,Future,CME,USD,0.0,6.25,125000.0,151913,1.2153,1.2177,0.0053411983673884314,5778
25/02/2021,1.2171,1.2249,1.216,1.2189,323554.0,680457.0,EC1 Curncy,Future,CME,USD,0.0,6.25,125000.0,152356,1.2189,1.2213,0.0054243279153389804,5779
26/02/2021,1.2185,1.2188,1.2066,1.2082,309072.0,674224.0,EC1 Curncy,Future,CME,USD,0.0,6.25,125000.0,151019,1.2082,1.2106,0.0052756737326268245,5780
01/03/2021,1.208,1.2105,1.2031,1.2051,221325.0,668700.0,EC1 Curncy,Future,CME,USD,0.0,6.25,125000.0,150631,1.2051,1.2075,0.005329008663262939,5781
02/03/2021,1.2053,1.2098,1.1995,1.2088,213958.0,655290.0,EC1 Curncy,Future,CME,USD,0.0,6.25,125000.0,151094,1.2088,1.2112,0.005123800672658333,5782
03/03/2021,1.2088,1.2116,1.2046,1.2069,192159.0,651280.0,EC1 Curncy,Future,CME,USD,0.0,6.25,125000.0,150856,1.2069,1.2093,0.005162015110381012,5783
04/03/2021,1.2067,1.2069,1.1964,1.1968,253320.0,651012.0,EC1 Curncy,Future,CME,USD,0.0,6.25,125000.0,149594,1.1968,1.1992,0.005718974266988235,5784
05/03/2021,1.1975,1.1977,1.1895,1.1915,291503.0,648268.0,EC1 Curncy,Future,CME,USD,0.0,6.25,125000.0,148938,1.1915,1.194,0.00664471719988746,5785
08/03/2021,1.1919,1.1934,1.1846,1.1859,226412.0,620905.0,EC1 Curncy,Future,CME,USD,0.0,6.25,125000.0,148238,1.1859,1.1883,0.008034660332987728,5786
09/03/2021,1.1849,1.1917,1.1837,1.1902,262709.0,573188.0,EC1 Curncy,Future,CME,USD,0.0,6.25,125000.0,148775,1.1902,1.1926,0.008720152903848088,5787
10/03/2021,1.1926,1.1955,1.1894,1.1947,473974.0,376061.0,EC1 Curncy,Future,CME,USD,0.0,6.25,125000.0,149338,1.1923,1.1947,0.009043644176980092,5788
11/03/2021,1.1952,1.2015,1.194,1.2007,440108.0,568044.0,EC1 Curncy,Future,CME,USD,0.0,6.25,125000.0,150088,1.1984,1.2007,0.00893397447947021,5789
12/03/2021,1.2008,1.2012,1.1934,1.1973,227916.0,617982.0,EC1 Curncy,Future,CME,USD,0.0,6.25,125000.0,149663,1.195,1.1973,0.009132646567844422,5790
15/03/2021,1.1975,1.1991,1.1934,1.1949,150725.0,628503.0,EC1 Curncy,Future,CME,USD,0.0,6.25,125000.0,149363,1.1925,1.1949,0.009423949985710004,5791
16/03/2021,1.1952,1.1976,1.1905,1.1927,164042.0,630128.0,EC1 Curncy,Future,CME,USD,0.0,6.25,125000.0,149088,1.1927,1.195,0.009685335994851644,5792
17/03/2021,1.1928,1.2009,1.1909,1.2001,192981.0,633905.0,EC1 Curncy,Future,CME,USD,0.0,6.25,125000.0,150006,1.2001,1.2024,0.009573052456409742,5793
18/03/2021,1.2002,1.2011,1.1928,1.1936,198520.0,630221.0,EC1 Curncy,Future,CME,USD,0.0,6.25,125000.0,149200,1.1936,1.196,0.009627059087099842,5794
19/03/2021,1.1937,1.1959,1.1896,1.193,174375.0,626990.0,EC1 Curncy,Future,CME,USD,0.0,6.25,125000.0,149125,1.193,1.1954,0.009635697518421672,5795
22/03/2021,1.19,1.1969,1.1893,1.1964,149887.0,630178.0,EC1 Curncy,Future,CME,USD,0.0,6.25,125000.0,149544,1.1964,1.1987,0.00952588928481337,5796
23/03/2021,1.1956,1.1963,1.1864,1.1873,176362.0,631699.0,EC1 Curncy,Future,CME,USD,0.0,6.25,125000.0,148413,1.1873,1.1897,0.009762134329465528,5797
24/03/2021,1.1869,1.1873,1.1831,1.1843,166482.0,632254.0,EC1 Curncy,Future,CME,USD,0.0,6.25,125000.0,148031,1.1843,1.1866,0.010322108957630784,5798
25/03/2021,1.1834,1.1848,1.178,1.1796,189419.0,631890.0,EC1 Curncy,Future,CME,USD,0.0,6.25,125000.0,147450,1.1796,1.1819,0.010977130772650763,5799
26/03/2021,1.1787,1.1825,1.1787,1.181,132640.0,630637.0,EC1 Curncy,Future,CME,USD,0.0,6.25,125000.0,147619,1.181,1.1833,0.011239279336322449,5800
29/03/2021,1.1812,1.1814,1.178,1.1783,137245.0,631885.0,EC1 Curncy,Future,CME,USD,0.0,6.25,125000.0,147288,1.1783,1.1807,0.011186527611367856,5801
30/03/2021,1.1783,1.1793,1.1729,1.1736,153942.0,635112.0,EC1 Curncy,Future,CME,USD,0.0,6.25,125000.0,146700,1.1736,1.176,0.011426995814002906,5802
31/03/2021,1.1736,1.1779,1.1722,1.1742,180803.0,633092.0,EC1 Curncy,Future,CME,USD,0.0,6.25,125000.0,146775,1.1742,1.1766,0.011341553391544355,5803
01/04/2021,1.1745,1.1798,1.173,1.1789,161185.0,632467.0,EC1 Curncy,Future,CME,USD,0.0,6.25,125000.0,147356,1.1789,1.1812,0.010368100115253926,5804
02/04/2021,1.1795,1.1804,1.1766,1.1775,32923.0,631532.0,EC1 Curncy,Future,CME,USD,0.0,6.25,125000.0,147181,1.1775,1.1798,0.010155692984722261,5805
05/04/2021,1.1777,1.1838,1.1754,1.1829,97590.0,629408.0,EC1 Curncy,Future,CME,USD,0.0,6.25,125000.0,147863,1.1829,1.1853,0.009792900489637527,5806
06/04/2021,1.1831,1.1895,1.1812,1.1888,170700.0,631837.0,EC1 Curncy,Future,CME,USD,0.0,6.25,125000.0,148594,1.1888,1.1911,0.008942831393539828,5807
07/04/2021,1.189,1.1932,1.1877,1.1883,174211.0,635231.0,EC1 Curncy,Future,CME,USD,0.0,6.25,125000.0,148531,1.1883,1.1906,0.0081133121062416,5808
08/04/2021,1.1888,1.1943,1.1876,1.1933,152234.0,633938.0,EC1 Curncy,Future,CME,USD,0.0,6.25,125000.0,149163,1.1933,1.1956,0.00798613381638997,5809
09/04/2021,1.193,1.1936,1.1883,1.1919,150628.0,630825.0,EC1 Curncy,Future,CME,USD,0.0,6.25,125000.0,148981,1.1919,1.1942,0.007993918521806895,5810
12/04/2021,1.1916,1.1935,1.1886,1.1921,141547.0,632547.0,EC1 Curncy,Future,CME,USD,0.0,6.25,125000.0,149006,1.1921,1.1944,0.008022950413238621,5811
13/04/2021,1.1928,1.1972,1.1893,1.1962,181518.0,638076.0,EC1 Curncy,Future,CME,USD,0.0,6.25,125000.0,149519,1.1962,1.1985,0.008172865674491672,5812
14/04/2021,1.1965,1.2003,1.1964,1.1986,152628.0,644791.0,EC1 Curncy,Future,CME,USD,0.0,6.25,125000.0,149825,1.1986,1.2009,0.008332516626643072,5813
15/04/2021,1.1995,1.2008,1.1971,1.1989,152660.0,645102.0,EC1 Curncy,Future,CME,USD,0.0,6.25,125000.0,149863,1.1989,1.2012,0.00823094364780149,5814
16/04/2021,1.198,1.2009,1.1965,1.1993,130084.0,644922.0,EC1 Curncy,Future,CME,USD,0.0,6.25,125000.0,149906,1.1993,1.2016,0.008328691373796356,5815
19/04/2021,1.1992,1.2063,1.1956,1.2053,204416.0,653972.0,EC1 Curncy,Future,CME,USD,0.0,6.25,125000.0,150663,1.2053,1.2077,0.008895461389567183,5816
20/04/2021,1.205,1.2094,1.2036,1.2044,151021.0,651911.0,EC1 Curncy,Future,CME,USD,0.0,6.25,125000.0,150550,1.2044,1.2068,0.009389858003893215,5817
21/04/2021,1.2051,1.2057,1.2012,1.2043,122172.0,652944.0,EC1 Curncy,Future,CME,USD,0.0,6.25,125000.0,150531,1.2043,1.2067,0.009621893438054509,5818
22/04/2021,1.2047,1.2083,1.2007,1.202,174686.0,651665.0,EC1 Curncy,Future,CME,USD,0.0,6.25,125000.0,150250,1.202,1.2044,0.009906928551941535,5819
23/04/2021,1.2029,1.2113,1.2025,1.2105,151473.0,660442.0,EC1 Curncy,Future,CME,USD,0.0,6.25,125000.0,151313,1.2105,1.2129,0.010712091299085187,5820
26/04/2021,1.2109,1.2129,1.2073,1.2105,149119.0,657610.0,EC1 Curncy,Future,CME,USD,0.0,6.25,125000.0,151306,1.2105,1.2128,0.011374532957441941,5821
27/04/2021,1.2102,1.2105,1.2069,1.2099,126390.0,661543.0,EC1 Curncy,Future,CME,USD,0.0,6.25,125000.0,151238,1.2099,1.2123,0.011929573895712309,5822
28/04/2021,1.2103,1.2147,1.2068,1.2137,193239.0,664511.0,EC1 Curncy,Future,CME,USD,0.0,6.25,125000.0,151706,1.2137,1.216,0.01255282172793245,5823
29/04/2021,1.2138,1.2162,1.2113,1.2136,153721.0,669055.0,EC1 Curncy,Future,CME,USD,0.0,6.25,125000.0,151694,1.2136,1.2159,0.01283848381494394,5824
30/04/2021,1.2136,1.2137,1.2027,1.2033,217930.0,660403.0,EC1 Curncy,Future,CME,USD,0.0,6.25,125000.0,150406,1.2033,1.2056,0.012618317373296582,5825
03/05/2021,1.204,1.2087,1.2023,1.2077,125856.0,666538.0,EC1 Curncy,Future,CME,USD,0.0,6.25,125000.0,150956,1.2077,1.21,0.012303736559811013,5826
04/05/2021,1.2073,1.2075,1.2009,1.2022,160001.0,665220.0,EC1 Curncy,Future,CME,USD,0.0,6.25,125000.0,150269,1.2022,1.2045,0.011350577077835692,5827
05/05/2021,1.202,1.2036,1.1995,1.2009,133771.0,663570.0,EC1 Curncy,Future,CME,USD,0.0,6.25,125000.0,150113,1.2009,1.2032,0.01022484718711639,5828
06/05/2021,1.2015,1.2081,1.2002,1.2064,148610.0,671062.0,EC1 Curncy,Future,CME,USD,0.0,6.25,125000.0,150794,1.2064,1.2086,0.009419925689721489,5829
07/05/2021,1.2072,1.218,1.2061,1.2174,226470.0,686677.0,EC1 Curncy,Future,CME,USD,0.0,6.25,125000.0,152169,1.2174,1.2196,0.008790358354462267,5830
10/05/2021,1.2176,1.2187,1.2136,1.2154,151684.0,685735.0,EC1 Curncy,Future,CME,USD,0.0,6.25,125000.0,151925,1.2154,1.2177,0.008283391012533607,5831
11/05/2021,1.2139,1.219,1.2131,1.216,153792.0,683881.0,EC1 Curncy,Future,CME,USD,0.0,6.25,125000.0,152000,1.216,1.2183,0.008125919435147953,5832
12/05/2021,1.2158,1.216,1.2071,1.2088,227063.0,668199.0,EC1 Curncy,Future,CME,USD,0.0,6.25,125000.0,151094,1.2088,1.211,0.007475040691071599,5833
13/05/2021,1.2079,1.2113,1.2058,1.2084,159305.0,674616.0,EC1 Curncy,Future,CME,USD,0.0,6.25,125000.0,151044,1.2084,1.2106,0.007098938887831902,5834
14/05/2021,1.2088,1.2155,1.2078,1.215,167005.0,693140.0,EC1 Curncy,Future,CME,USD,0.0,6.25,125000.0,151875,1.215,1.2172,0.006748624551207859,5835
17/05/2021,1.2153,1.2176,1.2133,1.2166,124821.0,696135.0,EC1 Curncy,Future,CME,USD,0.0,6.25,125000.0,152069,1.2166,1.2188,0.006347658360883284,5836
18/05/2021,1.2161,1.2242,1.2159,1.2236,178672.0,713616.0,EC1 Curncy,Future,CME,USD,0.0,6.25,125000.0,152944,1.2236,1.2258,0.006687483333298861,5837
19/05/2021,1.2231,1.2252,1.2166,1.2179,191975.0,709870.0,EC1 Curncy,Future,CME,USD,0.0,6.25,125000.0,152231,1.2179,1.2201,0.006609588993763367,5838
20/05/2021,1.2182,1.2235,1.2174,1.2225,122935.0,711390.0,EC1 Curncy,Future,CME,USD,0.0,6.25,125000.0,152813,1.2225,1.2247,0.00674915303326804,5839
21/05/2021,1.2235,1.2246,1.2166,1.2187,163653.0,703790.0,EC1 Curncy,Future,CME,USD,0.0,6.25,125000.0,152331,1.2187,1.2209,0.006553243471732086,5840
24/05/2021,1.2189,1.2236,1.2176,1.2218,128352.0,713888.0,EC1 Curncy,Future,CME,USD,0.0,6.25,125000.0,152725,1.2218,1.224,0.0067821456781607765,5841
25/05/2021,1.222,1.2271,1.2217,1.2261,166554.0,718116.0,EC1 Curncy,Future,CME,USD,0.0,6.25,125000.0,153256,1.2261,1.2283,0.007190591074438135,5842
26/05/2021,1.2256,1.2268,1.2187,1.2197,164005.0,707495.0,EC1 Curncy,Future,CME,USD,0.0,6.25,125000.0,152463,1.2197,1.2219,0.007115597890066503,5843
27/05/2021,1.2197,1.2218,1.2179,1.2203,152471.0,709100.0,EC1 Curncy,Future,CME,USD,0.0,6.25,125000.0,152531,1.2203,1.2224,0.006858041508558726,5844
28/05/2021,1.2198,1.2209,1.2136,1.2203,181970.0,703299.0,EC1 Curncy,Future,CME,USD,0.0,6.25,125000.0,152531,1.2203,1.2224,0.006936661060369421,5845
31/05/2021,1.2198,1.2209,1.2136,1.2205,181970.0,703299.0,EC1 Curncy,Future,CME,USD,0.0,6.25,125000.0,152556,1.2205,1.2226,0.006998376002076697,5846
01/06/2021,1.2201,1.2258,1.2187,1.2232,210947.0,711650.0,EC1 Curncy,Future,CME,USD,0.0,6.25,125000.0,152894,1.2232,1.2253,0.007125190055928805,5847
02/06/2021,1.2217,1.223,1.2167,1.2214,164072.0,699090.0,EC1 Curncy,Future,CME,USD,0.0,6.25,125000.0,152675,1.2214,1.2236,0.007223394862051017,5848
03/06/2021,1.2216,1.2217,1.212,1.2128,197372.0,685025.0,EC1 Curncy,Future,CME,USD,0.0,6.25,125000.0,151594,1.2128,1.2149,0.007233963874191326,5849
04/06/2021,1.2128,1.2189,1.2106,1.2167,180453.0,676172.0,EC1 Curncy,Future,CME,USD,0.0,6.25,125000.0,152088,1.2167,1.2189,0.006776141970160373,5850
07/06/2021,1.2168,1.2204,1.2147,1.2197,151318.0,658650.0,EC1 Curncy,Future,CME,USD,0.0,6.25,125000.0,152456,1.2197,1.2219,0.006585142367463778,5851
08/06/2021,1.2193,1.2196,1.2166,1.2181,208737.0,587579.0,EC1 Curncy,Future,CME,USD,0.0,6.25,125000.0,152263,1.2181,1.2203,0.005877040071308275,5852
09/06/2021,1.2197,1.2242,1.2195,1.2203,437114.0,406645.0,EC1 Curncy,Future,CME,USD,0.0,6.25,125000.0,152531,1.2181,1.2203,0.004833087350037514,5853
10/06/2021,1.2202,1.2218,1.2157,1.2194,435986.0,625919.0,EC1 Curncy,Future,CME,USD,0.0,6.25,125000.0,152425,1.2172,1.2194,0.004201912263056324,5854
11/06/2021,1.2197,1.2215,1.2115,1.2124,247680.0,672477.0,EC1 Curncy,Future,CME,USD,0.0,6.25,125000.0,151550,1.2103,1.2124,0.0043683787991760665,5855
14/06/2021,1.213,1.2152,1.2116,1.214,121810.0,680553.0,EC1 Curncy,Future,CME,USD,0.0,6.25,125000.0,151744,1.2122,1.214,0.0044148159644268195,5856
15/06/2021,1.2142,1.2169,1.2122,1.2147,126315.0,677443.0,EC1 Curncy,Future,CME,USD,0.0,6.25,125000.0,151831,1.2147,1.2168,0.004448939948619772,5857
16/06/2021,1.215,1.2156,1.2015,1.2039,205868.0,685506.0,EC1 Curncy,Future,CME,USD,0.0,6.25,125000.0,150488,1.2039,1.2061,0.00495555244142965,5858
17/06/2021,1.2015,1.2027,1.1912,1.1931,306550.0,686063.0,EC1 Curncy,Future,CME,USD,0.0,6.25,125000.0,149138,1.1931,1.1953,0.00678668549438991,5859
18/06/2021,1.1926,1.1945,1.1867,1.1892,226244.0,683380.0,EC1 Curncy,Future,CME,USD,0.0,6.25,125000.0,148650,1.1892,1.1914,0.008811747840228285,5860
21/06/2021,1.1882,1.1942,1.1868,1.193,205921.0,676150.0,EC1 Curncy,Future,CME,USD,0.0,6.25,125000.0,149119,1.193,1.1952,0.009964341423283967,5861
22/06/2021,1.1937,1.1973,1.1901,1.1956,161650.0,675245.0,EC1 Curncy,Future,CME,USD,0.0,6.25,125000.0,149450,1.1956,1.1978,0.010552539978591815,5862
23/06/2021,1.1961,1.199,1.1931,1.1949,157596.0,674132.0,EC1 Curncy,Future,CME,USD,0.0,6.25,125000.0,149356,1.1949,1.197,0.011200331840312435,5863
24/06/2021,1.1947,1.1976,1.1936,1.195,115989.0,673119.0,EC1 Curncy,Future,CME,USD,0.0,6.25,125000.0,149375,1.195,1.1972,0.011601541564225654,5864
25/06/2021,1.1951,1.1995,1.1945,1.195,130205.0,673248.0,EC1 Curncy,Future,CME,USD,0.0,6.25,125000.0,149369,1.195,1.1972,0.01200874958796544,5865
28/06/2021,1.1956,1.1964,1.1921,1.1942,144136.0,677598.0,EC1 Curncy,Future,CME,USD,0.0,6.25,125000.0,149275,1.1942,1.1964,0.012263835724049215,5866
29/06/2021,1.1944,1.1948,1.1896,1.192,143431.0,677964.0,EC1 Curncy,Future,CME,USD,0.0,6.25,125000.0,149000,1.192,1.1942,0.012311014038919491,5867
30/06/2021,1.1917,1.1927,1.1863,1.1865,168822.0,677171.0,EC1 Curncy,Future,CME,USD,0.0,6.25,125000.0,148313,1.1865,1.1887,0.012861866116540511,5868
01/07/2021,1.1874,1.1902,1.1854,1.1858,154435.0,674419.0,EC1 Curncy,Future,CME,USD,0.0,6.25,125000.0,148225,1.1858,1.188,0.013269819139680105,5869
02/07/2021,1.1866,1.1891,1.1824,1.1858,189619.0,675154.0,EC1 Curncy,Future,CME,USD,0.0,6.25,125000.0,148225,1.1858,1.188,0.013519656060707614,5870
05/07/2021,1.1866,1.1891,1.1824,1.1861,189619.0,675154.0,EC1 Curncy,Future,CME,USD,0.0,6.25,125000.0,148256,1.1861,1.1882,0.013593666417361523,5871
06/07/2021,1.1883,1.1912,1.1821,1.184,267001.0,679830.0,EC1 Curncy,Future,CME,USD,0.0,6.25,125000.0,147994,1.184,1.1861,0.013464245244344156,5872
07/07/2021,1.1837,1.1854,1.1797,1.1822,158339.0,680946.0,EC1 Curncy,Future,CME,USD,0.0,6.25,125000.0,147769,1.1822,1.1843,0.013361957191963035,5873
08/07/2021,1.1808,1.1884,1.1799,1.1855,177382.0,680555.0,EC1 Curncy,Future,CME,USD,0.0,6.25,125000.0,148188,1.1855,1.1877,0.013402757179023225,5874
09/07/2021,1.186,1.1896,1.184,1.1892,134943.0,677577.0,EC1 Curncy,Future,CME,USD,0.0,6.25,125000.0,148650,1.1892,1.1914,0.013019750381626564,5875
12/07/2021,1.1892,1.1895,1.1851,1.1873,117933.0,673573.0,EC1 Curncy,Future,CME,USD,0.0,6.25,125000.0,148413,1.1873,1.1895,0.012364105305272705,5876
13/07/2021,1.1876,1.189,1.1786,1.1796,220324.0,668989.0,EC1 Curncy,Future,CME,USD,0.0,6.25,125000.0,147450,1.1796,1.1818,0.011977656977328598,5877
14/07/2021,1.1792,1.1854,1.1786,1.1844,168261.0,665325.0,EC1 Curncy,Future,CME,USD,0.0,6.25,125000.0,148050,1.1844,1.1866,0.010943960282573986,5878
15/07/2021,1.1847,1.1864,1.181,1.1821,127524.0,668418.0,EC1 Curncy,Future,CME,USD,0.0,6.25,125000.0,147756,1.1821,1.1842,0.009776246723559031,5879
16/07/2021,1.1825,1.1836,1.1805,1.1822,122693.0,674030.0,EC1 Curncy,Future,CME,USD,0.0,6.25,125000.0,147775,1.1822,1.1844,0.00901500231095769,5880
19/07/2021,1.1821,1.1838,1.1777,1.1804,224040.0,664431.0,EC1 Curncy,Future,CME,USD,0.0,6.25,125000.0,147550,1.1804,1.1826,0.007877960819055958,5881
20/07/2021,1.1808,1.1815,1.1768,1.1795,171809.0,664309.0,EC1 Curncy,Future,CME,USD,0.0,6.25,125000.0,147431,1.1795,1.1817,0.006180345189921835,5882
21/07/2021,1.1793,1.1818,1.1764,1.1813,137004.0,661554.0,EC1 Curncy,Future,CME,USD,0.0,6.25,125000.0,147656,1.1813,1.1835,0.0054010863104807265,5883
22/07/2021,1.1809,1.1843,1.1769,1.1783,207055.0,663436.0,EC1 Curncy,Future,CME,USD,0.0,6.25,125000.0,147288,1.1783,1.1805,0.005554193610831302,5884
23/07/2021,1.1783,1.1798,1.1766,1.1783,127442.0,663753.0,EC1 Curncy,Future,CME,USD,0.0,6.25,125000.0,147281,1.1783,1.1805,0.005778301365159297,5885
26/07/2021,1.1783,1.1829,1.1774,1.1813,131803.0,660433.0,EC1 Curncy,Future,CME,USD,0.0,6.25,125000.0,147656,1.1813,1.1835,0.005688511814754758,5886
27/07/2021,1.1814,1.1853,1.1781,1.1834,164998.0,659244.0,EC1 Curncy,Future,CME,USD,0.0,6.25,125000.0,147925,1.1834,1.1856,0.00533014383795353,5887
28/07/2021,1.183,1.1861,1.1783,1.185,192120.0,654998.0,EC1 Curncy,Future,CME,USD,0.0,6.25,125000.0,148119,1.185,1.1871,0.00494673966702071,5888
29/07/2021,1.1855,1.1903,1.1851,1.1901,150212.0,652478.0,EC1 Curncy,Future,CME,USD,0.0,6.25,125000.0,148763,1.1901,1.1923,0.004619253186386718,5889
30/07/2021,1.1897,1.1919,1.1862,1.1866,163907.0,652399.0,EC1 Curncy,Future,CME,USD,0.0,6.25,125000.0,148325,1.1866,1.1888,0.00412382104363728,5890
02/08/2021,1.1876,1.1907,1.1869,1.1883,108058.0,653311.0,EC1 Curncy,Future,CME,USD,0.0,6.25,125000.0,148531,1.1883,1.1904,0.00368803470698786,5891
03/08/2021,1.1881,1.1903,1.1863,1.1872,93174.0,655179.0,EC1 Curncy,Future,CME,USD,0.0,6.25,125000.0,148400,1.1872,1.1894,0.0033773362284421895,5892
04/08/2021,1.1872,1.1909,1.1842,1.1848,153353.0,659403.0,EC1 Curncy,Future,CME,USD,0.0,6.25,125000.0,148094,1.1848,1.1869,0.0033421699537798,5893
05/08/2021,1.1845,1.1866,1.1837,1.1845,121046.0,662163.0,EC1 Curncy,Future,CME,USD,0.0,6.25,125000.0,148056,1.1845,1.1866,0.0033222081010399443,5894
06/08/2021,1.1843,1.1844,1.1762,1.1766,167231.0,674315.0,EC1 Curncy,Future,CME,USD,0.0,6.25,125000.0,147069,1.1766,1.1787,0.0036004073843502846,5895
09/08/2021,1.1767,1.1777,1.1742,1.1749,132285.0,677988.0,EC1 Curncy,Future,CME,USD,0.0,6.25,125000.0,146856,1.1749,1.177,0.0039471508711921705,5896
10/08/2021,1.1747,1.1751,1.1717,1.173,115416.0,681508.0,EC1 Curncy,Future,CME,USD,0.0,6.25,125000.0,146619,1.173,1.1751,0.004424552708084982,5897
11/08/2021,1.1728,1.1762,1.1713,1.1746,140171.0,683297.0,EC1 Curncy,Future,CME,USD,0.0,6.25,125000.0,146819,1.1746,1.1767,0.0047080498439683455,5898
12/08/2021,1.1749,1.1755,1.173,1.1737,112289.0,680475.0,EC1 Curncy,Future,CME,USD,0.0,6.25,125000.0,146706,1.1737,1.1758,0.004962264268116533,5899
13/08/2021,1.1737,1.1812,1.1736,1.1802,141969.0,667073.0,EC1 Curncy,Future,CME,USD,0.0,6.25,125000.0,147519,1.1802,1.1823,0.004728854688677585,5900
16/08/2021,1.1803,1.1808,1.1774,1.1782,100012.0,665682.0,EC1 Curncy,Future,CME,USD,0.0,6.25,125000.0,147269,1.1782,1.1803,0.004612934713024874,5901
17/08/2021,1.1785,1.1791,1.1714,1.1717,142598.0,674852.0,EC1 Curncy,Future,CME,USD,0.0,6.25,125000.0,146456,1.1717,1.1738,0.004978895459834932,5902
18/08/2021,1.1718,1.1749,1.1699,1.1718,135019.0,677661.0,EC1 Curncy,Future,CME,USD,0.0,6.25,125000.0,146475,1.1718,1.1739,0.005233067933819279,5903
19/08/2021,1.1714,1.1721,1.1671,1.1681,134972.0,678542.0,EC1 Curncy,Future,CME,USD,0.0,6.25,125000.0,146006,1.1681,1.1702,0.005757458930231619,5904
20/08/2021,1.1682,1.171,1.1669,1.1702,112699.0,680189.0,EC1 Curncy,Future,CME,USD,0.0,6.25,125000.0,146269,1.1702,1.1723,0.006038901666139814,5905
23/08/2021,1.1701,1.1755,1.1698,1.1753,129024.0,673297.0,EC1 Curncy,Future,CME,USD,0.0,6.25,125000.0,146913,1.1753,1.1774,0.00608545259888755,5906
24/08/2021,1.1751,1.177,1.1732,1.176,116765.0,672012.0,EC1 Curncy,Future,CME,USD,0.0,6.25,125000.0,146994,1.176,1.1781,0.006115477631930424,5907
25/08/2021,1.1762,1.1779,1.1731,1.1776,120592.0,672075.0,EC1 Curncy,Future,CME,USD,0.0,6.25,125000.0,147194,1.1776,1.1797,0.006100636578804066,5908
26/08/2021,1.1776,1.1783,1.175,1.1755,113221.0,674302.0,EC1 Curncy,Future,CME,USD,0.0,6.25,125000.0,146938,1.1755,1.1776,0.006135571149722699,5909
27/08/2021,1.1759,1.1806,1.1738,1.1798,182266.0,670612.0,EC1 Curncy,Future,CME,USD,0.0,6.25,125000.0,147475,1.1798,1.1819,0.00613907430589573,5910
30/08/2021,1.1801,1.1814,1.1786,1.1807,96863.0,671959.0,EC1 Curncy,Future,CME,USD,0.0,6.25,125000.0,147588,1.1807,1.1828,0.006129798800393803,5911
31/08/2021,1.1801,1.1849,1.1799,1.1816,187033.0,673637.0,EC1 Curncy,Future,CME,USD,0.0,6.25,125000.0,147694,1.1816,1.1837,0.006082831029488634,5912
01/09/2021,1.1813,1.1861,1.1796,1.1849,154692.0,663203.0,EC1 Curncy,Future,CME,USD,0.0,6.25,125000.0,148113,1.1849,1.187,0.006078505847106657,5913
02/09/2021,1.1843,1.1878,1.1836,1.1877,127627.0,652185.0,EC1 Curncy,Future,CME,USD,0.0,6.25,125000.0,148456,1.1877,1.1898,0.0059064230574274405,5914
03/09/2021,1.1876,1.1912,1.1868,1.1877,178516.0,642606.0,EC1 Curncy,Future,CME,USD,0.0,6.25,125000.0,148456,1.1877,1.1898,0.005972693418102382,5915
06/09/2021,1.1876,1.1912,1.1868,1.1893,178516.0,642606.0,EC1 Curncy,Future,CME,USD,0.0,6.25,125000.0,148656,1.1893,1.1914,0.006043404117987652,5916
07/09/2021,1.1882,1.1888,1.1839,1.1847,338657.0,531629.0,EC1 Curncy,Future,CME,USD,0.0,6.25,125000.0,148088,1.1847,1.1868,0.005914902084282041,5917
08/09/2021,1.1867,1.1874,1.1825,1.1847,504047.0,414224.0,EC1 Curncy,Future,CME,USD,0.0,6.25,125000.0,148088,1.1826,1.1847,0.005910513232084341,5918
09/09/2021,1.1841,1.1864,1.1827,1.1852,318034.0,561195.0,EC1 Curncy,Future,CME,USD,0.0,6.25,125000.0,148144,1.1831,1.1852,0.005941599111348498,5919
10/09/2021,1.1844,1.1873,1.1831,1.1836,202627.0,620412.0,EC1 Curncy,Future,CME,USD,0.0,6.25,125000.0,147950,1.1815,1.1836,0.006010513011935211,5920
13/09/2021,1.1837,1.1839,1.1791,1.1825,157618.0,637730.0,EC1 Curncy,Future,CME,USD,0.0,6.25,125000.0,147806,1.1804,1.1825,0.005995742934224891,5921
14/09/2021,1.1831,1.1867,1.1821,1.1829,127409.0,636944.0,EC1 Curncy,Future,CME,USD,0.0,6.25,125000.0,147856,1.1829,1.1854,0.005900036723047223,5922
15/09/2021,1.1826,1.1853,1.1819,1.1828,120419.0,639644.0,EC1 Curncy,Future,CME,USD,0.0,6.25,125000.0,147850,1.1828,1.1854,0.005842308333752817,5923
16/09/2021,1.1836,1.1841,1.177,1.1774,166383.0,635621.0,EC1 Curncy,Future,CME,USD,0.0,6.25,125000.0,147169,1.1774,1.18,0.0057255625633327,5924
17/09/2021,1.1786,1.1809,1.1743,1.1749,166182.0,642435.0,EC1 Curncy,Future,CME,USD,0.0,6.25,125000.0,146863,1.1749,1.1775,0.005815419159439093,5925
20/09/2021,1.1746,1.1756,1.172,1.1744,142981.0,648083.0,EC1 Curncy,Future,CME,USD,0.0,6.25,125000.0,146800,1.1744,1.177,0.005907692725024325,5926
21/09/2021,1.175,1.1768,1.1734,1.1745,128134.0,646775.0,EC1 Curncy,Future,CME,USD,0.0,6.25,125000.0,146813,1.1745,1.1771,0.005775964565909144,5927
22/09/2021,1.1744,1.1775,1.1703,1.1712,180579.0,646740.0,EC1 Curncy,Future,CME,USD,0.0,6.25,125000.0,146394,1.1712,1.1738,0.0058115201683069185,5928
23/09/2021,1.1711,1.1769,1.1701,1.1765,155047.0,651163.0,EC1 Curncy,Future,CME,USD,0.0,6.25,125000.0,147063,1.1765,1.1792,0.005334469670607973,5929
24/09/2021,1.1757,1.1766,1.1719,1.1734,132845.0,641223.0,EC1 Curncy,Future,CME,USD,0.0,6.25,125000.0,146669,1.1734,1.176,0.005122086163530998,5930
27/09/2021,1.1735,1.1743,1.1701,1.1717,131415.0,645870.0,EC1 Curncy,Future,CME,USD,0.0,6.25,125000.0,146463,1.1717,1.1743,0.005312416273847189,5931
28/09/2021,1.1715,1.1721,1.1686,1.1695,187630.0,651535.0,EC1 Curncy,Future,CME,USD,0.0,6.25,125000.0,146181,1.1695,1.1721,0.005666077420341549,5932
29/09/2021,1.17,1.1707,1.1606,1.1618,211960.0,665056.0,EC1 Curncy,Future,CME,USD,0.0,6.25,125000.0,145219,1.1618,1.1644,0.006706034595793114,5933
30/09/2021,1.1613,1.1626,1.1578,1.16,214730.0,669204.0,EC1 Curncy,Future,CME,USD,0.0,6.25,125000.0,145000,1.16,1.1625,0.007700859259414545,5934
01/10/2021,1.1597,1.1623,1.1578,1.1613,163999.0,674689.0,EC1 Curncy,Future,CME,USD,0.0,6.25,125000.0,145163,1.1613,1.1639,0.008428793903438854,5935
04/10/2021,1.161,1.1656,1.1604,1.164,142002.0,677679.0,EC1 Curncy,Future,CME,USD,0.0,6.25,125000.0,145500,1.164,1.1666,0.008840744689597798,5936
05/10/2021,1.1634,1.1638,1.1596,1.1613,134068.0,674295.0,EC1 Curncy,Future,CME,USD,0.0,6.25,125000.0,145156,1.1613,1.1638,0.009331518275892877,5937
06/10/2021,1.1611,1.1616,1.1545,1.1565,180704.0,677049.0,EC1 Curncy,Future,CME,USD,0.0,6.25,125000.0,144563,1.1565,1.1591,0.009951088717656079,5938
07/10/2021,1.1571,1.1587,1.1562,1.1566,120532.0,678278.0,EC1 Curncy,Future,CME,USD,0.0,6.25,125000.0,144575,1.1566,1.1591,0.010259868420209003,5939
08/10/2021,1.1569,1.1601,1.1556,1.1591,160604.0,676475.0,EC1 Curncy,Future,CME,USD,0.0,6.25,125000.0,144888,1.1591,1.1617,0.010255686227649921,5940
11/10/2021,1.1586,1.1601,1.1562,1.1574,109316.0,675924.0,EC1 Curncy,Future,CME,USD,0.0,6.25,125000.0,144669,1.1574,1.16,0.01009949173638697,5941
12/10/2021,1.1568,1.1584,1.1538,1.1544,131335.0,676650.0,EC1 Curncy,Future,CME,USD,0.0,6.25,125000.0,144294,1.1544,1.157,0.010268092974518446,5942
13/10/2021,1.1544,1.1611,1.1543,1.1603,166366.0,666224.0,EC1 Curncy,Future,CME,USD,0.0,6.25,125000.0,145038,1.1603,1.1629,0.009998813262917435,5943
14/10/2021,1.1611,1.1637,1.1597,1.1612,142075.0,669660.0,EC1 Curncy,Future,CME,USD,0.0,6.25,125000.0,145150,1.1612,1.1639,0.009553652006782475,5944
15/10/2021,1.1614,1.1632,1.1601,1.1619,133598.0,667096.0,EC1 Curncy,Future,CME,USD,0.0,6.25,125000.0,145231,1.1619,1.1646,0.009086436778703215,5945
18/10/2021,1.1612,1.1635,1.1584,1.1623,154376.0,661689.0,EC1 Curncy,Future,CME,USD,0.0,6.25,125000.0,145288,1.1623,1.1651,0.00858107996311506,5946
19/10/2021,1.1625,1.1682,1.1621,1.1652,163848.0,659323.0,EC1 Curncy,Future,CME,USD,0.0,6.25,125000.0,145644,1.1652,1.1679,0.007890483719860193,5947
20/10/2021,1.1645,1.1671,1.1629,1.1668,132831.0,655253.0,EC1 Curncy,Future,CME,USD,0.0,6.25,125000.0,145850,1.1668,1.1695,0.00707660935759839,5948
21/10/2021,1.1659,1.1679,1.1631,1.1635,137619.0,654762.0,EC1 Curncy,Future,CME,USD,0.0,6.25,125000.0,145431,1.1635,1.1662,0.006621324137465688,5949
22/10/2021,1.1637,1.1667,1.1632,1.1648,149031.0,657360.0,EC1 Curncy,Future,CME,USD,0.0,6.25,125000.0,145594,1.1648,1.1675,0.006277849950425285,5950
25/10/2021,1.1651,1.1676,1.1601,1.1624,160431.0,664105.0,EC1 Curncy,Future,CME,USD,0.0,6.25,125000.0,145294,1.1624,1.1652,0.005929198934093677,5951
26/10/2021,1.1623,1.1637,1.1596,1.1608,135932.0,658635.0,EC1 Curncy,Future,CME,USD,0.0,6.25,125000.0,145094,1.1608,1.1636,0.005528643594957155,5952
27/10/2021,1.1606,1.1638,1.1595,1.162,186296.0,655221.0,EC1 Curncy,Future,CME,USD,0.0,6.25,125000.0,145244,1.162,1.1647,0.005285618853713316,5953
28/10/2021,1.1614,1.1703,1.1592,1.1695,277836.0,655732.0,EC1 Curncy,Future,CME,USD,0.0,6.25,125000.0,146181,1.1695,1.1723,0.004692096191120893,5954
29/10/2021,1.1692,1.17,1.1545,1.1569,290589.0,659805.0,EC1 Curncy,Future,CME,USD,0.0,6.25,125000.0,144606,1.1569,1.1596,0.004266645833290476,5955
01/11/2021,1.1572,1.1619,1.1556,1.1616,141079.0,656141.0,EC1 Curncy,Future,CME,USD,0.0,6.25,125000.0,145200,1.1616,1.1643,0.003763097128705393,5956
02/11/2021,1.1615,1.1623,1.1585,1.1591,130888.0,655745.0,EC1 Curncy,Future,CME,USD,0.0,6.25,125000.0,144888,1.1591,1.1618,0.003417421054938957,5957
03/11/2021,1.1588,1.1625,1.1571,1.162,161836.0,656742.0,EC1 Curncy,Future,CME,USD,0.0,6.25,125000.0,145250,1.162,1.1648,0.0034190495755506926,5958
04/11/2021,1.1621,1.1625,1.1535,1.1561,172189.0,665830.0,EC1 Curncy,Future,CME,USD,0.0,6.25,125000.0,144513,1.1561,1.1589,0.0035637059362515276,5959
05/11/2021,1.1561,1.1582,1.1521,1.1558,184983.0,662859.0,EC1 Curncy,Future,CME,USD,0.0,6.25,125000.0,144475,1.1558,1.1585,0.003716068711251503,5960
08/11/2021,1.1573,1.1603,1.1558,1.1597,131272.0,656153.0,EC1 Curncy,Future,CME,USD,0.0,6.25,125000.0,144963,1.1597,1.1625,0.0036638231398467913,5961
09/11/2021,1.1594,1.1616,1.1577,1.1602,138175.0,654295.0,EC1 Curncy,Future,CME,USD,0.0,6.25,125000.0,145019,1.1602,1.163,0.003662772174197717,5962
10/11/2021,1.1602,1.1603,1.1482,1.1491,224743.0,665947.0,EC1 Curncy,Future,CME,USD,0.0,6.25,125000.0,143631,1.1491,1.1519,0.004261662429938053,5963
11/11/2021,1.1485,1.1494,1.145,1.1452,145588.0,670789.0,EC1 Curncy,Future,CME,USD,0.0,6.25,125000.0,143144,1.1452,1.148,0.0051885225899814865,5964
12/11/2021,1.1457,1.1469,1.1439,1.145,134180.0,671979.0,EC1 Curncy,Future,CME,USD,0.0,6.25,125000.0,143125,1.145,1.1478,0.005983624876841086,5965
15/11/2021,1.145,1.147,1.1362,1.1391,165611.0,676429.0,EC1 Curncy,Future,CME,USD,0.0,6.25,125000.0,142388,1.1391,1.1419,0.007220773273462879,5966
16/11/2021,1.1373,1.1392,1.1315,1.1322,187699.0,679929.0,EC1 Curncy,Future,CME,USD,0.0,6.25,125000.0,141525,1.1322,1.135,0.008922766760750883,5967
17/11/2021,1.1326,1.1338,1.1269,1.132,196271.0,681189.0,EC1 Curncy,Future,CME,USD,0.0,6.25,125000.0,141500,1.132,1.1348,0.010273196516506823,5968
18/11/2021,1.1324,1.1379,1.1318,1.1376,172355.0,678101.0,EC1 Curncy,Future,CME,USD,0.0,6.25,125000.0,142194,1.1376,1.1404,0.010896013032302554,5969
19/11/2021,1.1377,1.1378,1.1254,1.1294,253560.0,676499.0,EC1 Curncy,Future,CME,USD,0.0,6.25,125000.0,141169,1.1294,1.1323,0.011999886110575451,5970
22/11/2021,1.1289,1.1295,1.1235,1.1236,198908.0,677690.0,EC1 Curncy,Future,CME,USD,0.0,6.25,125000.0,140450,1.1236,1.1267,0.013349459414777479,5971
23/11/2021,1.124,1.1279,1.123,1.1254,179263.0,679624.0,EC1 Curncy,Future,CME,USD,0.0,6.25,125000.0,140675,1.1254,1.1285,0.014155915135852834,5972
24/11/2021,1.1253,1.1259,1.119,1.1254,205974.0,682552.0,EC1 Curncy,Future,CME,USD,0.0,6.25,125000.0,140675,1.1254,1.1285,0.014666312874525671,5973
25/11/2021,1.1253,1.1259,1.119,1.1202,205974.0,682552.0,EC1 Curncy,Future,CME,USD,0.0,6.25,125000.0,140025,1.1202,1.1233,0.015482556851722569,5974
26/11/2021,1.1203,1.1325,1.1203,1.1306,272394.0,676940.0,EC1 Curncy,Future,CME,USD,0.0,6.25,125000.0,141325,1.1306,1.1337,0.015429081847823269,5975
29/11/2021,1.13,1.1304,1.1262,1.1276,149519.0,678581.0,EC1 Curncy,Future,CME,USD,0.0,6.25,125000.0,140950,1.1276,1.1307,0.015498469816947663,5976
30/11/2021,1.1294,1.1386,1.1238,1.1327,315551.0,662607.0,EC1 Curncy,Future,CME,USD,0.0,6.25,125000.0,141581,1.1327,1.1358,0.015326175865715632,5977
01/12/2021,1.1342,1.1363,1.1305,1.1321,195363.0,651839.0,EC1 Curncy,Future,CME,USD,0.0,6.25,125000.0,141506,1.1321,1.1351,0.01502007767401748,5978
02/12/2021,1.132,1.135,1.1297,1.1299,154645.0,646369.0,EC1 Curncy,Future,CME,USD,0.0,6.25,125000.0,141238,1.1299,1.1327,0.014141015993680521,5979
03/12/2021,1.1304,1.1336,1.1269,1.1314,195525.0,640207.0,EC1 Curncy,Future,CME,USD,0.0,6.25,125000.0,141419,1.1314,1.1341,0.013874016481665807,5980
06/12/2021,1.1313,1.1316,1.1268,1.1281,194470.0,591544.0,EC1 Curncy,Future,CME,USD,0.0,6.25,125000.0,141006,1.1281,1.1309,0.013319659655319374,5981
07/12/2021,1.1286,1.13,1.1229,1.1263,271791.0,507115.0,EC1 Curncy,Future,CME,USD,0.0,6.25,125000.0,140781,1.1263,1.1291,0.012841557537939764,5982
08/12/2021,1.127,1.1356,1.1267,1.1351,371382.0,379750.0,EC1 Curncy,Future,CME,USD,0.0,6.25,125000.0,141888,1.1351,1.1377,0.011783778398016396,5983
09/12/2021,1.1368,1.1372,1.1305,1.1315,470618.0,562009.0,EC1 Curncy,Future,CME,USD,0.0,6.25,125000.0,141431,1.1289,1.1315,0.011075307369710522,5984
10/12/2021,1.1319,1.1352,1.1291,1.1339,221692.0,622801.0,EC1 Curncy,Future,CME,USD,0.0,6.25,125000.0,141731,1.1312,1.1339,0.010228950744507956,5985
13/12/2021,1.1341,1.1346,1.1287,1.1316,151971.0,639049.0,EC1 Curncy,Future,CME,USD,0.0,6.25,125000.0,141450,1.1277,1.1316,0.008790947995916617,5986
14/12/2021,1.1309,1.1351,1.1281,1.1284,133075.0,641963.0,EC1 Curncy,Future,CME,USD,0.0,6.25,125000.0,141044,1.1284,1.1308,0.006836049053870125,5987
15/12/2021,1.1285,1.1326,1.1248,1.1298,159010.0,644026.0,EC1 Curncy,Future,CME,USD,0.0,6.25,125000.0,141225,1.1298,1.1324,0.005860665491243854,5988
16/12/2021,1.132,1.1388,1.1308,1.1351,170296.0,645433.0,EC1 Curncy,Future,CME,USD,0.0,6.25,125000.0,141881,1.1351,1.1376,0.005175181156274513,5989
17/12/2021,1.1358,1.1375,1.126,1.1277,139763.0,647847.0,EC1 Curncy,Future,CME,USD,0.0,6.25,125000.0,140963,1.1277,1.1303,0.004302685208130225,5990
20/12/2021,1.1264,1.1327,1.1259,1.1298,122480.0,647511.0,EC1 Curncy,Future,CME,USD,0.0,6.25,125000.0,141219,1.1298,1.1323,0.003889460116811166,5991
21/12/2021,1.1299,1.1325,1.1282,1.1303,120979.0,648116.0,EC1 Curncy,Future,CME,USD,0.0,6.25,125000.0,141281,1.1303,1.1329,0.0038610231804879313,5992
22/12/2021,1.1304,1.1364,1.1285,1.1354,127139.0,655938.0,EC1 Curncy,Future,CME,USD,0.0,6.25,125000.0,141925,1.1354,1.1381,0.003998445531319766,5993
23/12/2021,1.1347,1.1363,1.1311,1.1354,110747.0,654567.0,EC1 Curncy,Future,CME,USD,0.0,6.25,125000.0,141925,1.1354,1.1381,0.0038444462106955748,5994
24/12/2021,1.1347,1.1363,1.1311,1.1358,110747.0,654567.0,EC1 Curncy,Future,CME,USD,0.0,6.25,125000.0,141969,1.1358,1.1384,0.004021015626297672,5995
27/12/2021,1.1345,1.1356,1.1323,1.1346,71778.0,653141.0,EC1 Curncy,Future,CME,USD,0.0,6.25,125000.0,141819,1.1346,1.1373,0.0038766265403820093,5996
28/12/2021,1.1347,1.1354,1.1309,1.1322,92491.0,654720.0,EC1 Curncy,Future,CME,USD,0.0,6.25,125000.0,141525,1.1322,1.1349,0.003735179603034629,5997
29/12/2021,1.1329,1.1391,1.1292,1.1363,186225.0,669283.0,EC1 Curncy,Future,CME,USD,0.0,6.25,125000.0,142038,1.1363,1.1391,0.003710291992137996,5998
30/12/2021,1.1367,1.1378,1.1315,1.1345,133277.0,668612.0,EC1 Curncy,Future,CME,USD,0.0,6.25,125000.0,141813,1.1345,1.1373,0.0029583328638925353,5999
31/12/2021,1.134,1.1404,1.132,1.1403,121538.0,670914.0,EC1 Curncy,Future,CME,USD,0.0,6.25,125000.0,142531,1.1403,1.1429,0.0033926047024252022,6000
03/01/2022,1.1394,1.1395,1.1295,1.1313,143496.0,669683.0,EC1 Curncy,Future,CME,USD,0.0,6.25,125000.0,141413,1.1313,1.134,0.003260240277482113,6001
04/01/2022,1.1311,1.1338,1.1287,1.1303,154132.0,662844.0,EC1 Curncy,Future,CME,USD,0.0,6.25,125000.0,141288,1.1303,1.133,0.003285660765647792,6002
05/01/2022,1.1301,1.1362,1.1292,1.1326,149151.0,662085.0,EC1 Curncy,Future,CME,USD,0.0,6.25,125000.0,141569,1.1326,1.1353,0.003286015824710898,6003
06/01/2022,1.1325,1.1347,1.1299,1.1302,136948.0,664298.0,EC1 Curncy,Future,CME,USD,0.0,6.25,125000.0,141269,1.1302,1.1329,0.003277407512081819,6004
07/01/2022,1.1311,1.138,1.1305,1.1378,147616.0,667306.0,EC1 Curncy,Future,CME,USD,0.0,6.25,125000.0,142225,1.1378,1.1407,0.003448371596408256,6005
10/01/2022,1.1375,1.1377,1.1299,1.1338,142652.0,663954.0,EC1 Curncy,Future,CME,USD,0.0,6.25,125000.0,141725,1.1338,1.1367,0.0033266599866703743,6006
11/01/2022,1.1342,1.139,1.1327,1.1383,143578.0,667954.0,EC1 Curncy,Future,CME,USD,0.0,6.25,125000.0,142281,1.1383,1.1412,0.0032135131347033083,6007
12/01/2022,1.1385,1.1468,1.1369,1.1464,199954.0,682612.0,EC1 Curncy,Future,CME,USD,0.0,6.25,125000.0,143294,1.1464,1.1493,0.004141026442832889,6008
13/01/2022,1.1456,1.1495,1.1449,1.1475,165588.0,681548.0,EC1 Curncy,Future,CME,USD,0.0,6.25,125000.0,143431,1.1475,1.1504,0.004940860249008981,6009
14/01/2022,1.1468,1.1496,1.1412,1.1475,153801.0,677613.0,EC1 Curncy,Future,CME,USD,0.0,6.25,125000.0,143431,1.1475,1.1504,0.005592456228429539,6010
17/01/2022,1.1468,1.1496,1.1412,1.1428,153801.0,677613.0,EC1 Curncy,Future,CME,USD,0.0,6.25,125000.0,142850,1.1428,1.1458,0.005761790809597676,6011
18/01/2022,1.1431,1.1447,1.1328,1.1339,287778.0,679643.0,EC1 Curncy,Future,CME,USD,0.0,6.25,125000.0,141738,1.1339,1.137,0.005587163860155672,6012
19/01/2022,1.1342,1.137,1.1332,1.1364,149656.0,680050.0,EC1 Curncy,Future,CME,USD,0.0,6.25,125000.0,142050,1.1364,1.1394,0.00545688555865229,6013
20/01/2022,1.1355,1.1381,1.1315,1.1325,147458.0,683743.0,EC1 Curncy,Future,CME,USD,0.0,6.25,125000.0,141556,1.1325,1.1355,0.005496368498099017,6014
21/01/2022,1.1323,1.1372,1.1313,1.1353,139580.0,680304.0,EC1 Curncy,Future,CME,USD,0.0,6.25,125000.0,141913,1.1353,1.1383,0.005236977499814164,6015
24/01/2022,1.1355,1.1357,1.1302,1.1332,164397.0,674391.0,EC1 Curncy,Future,CME,USD,0.0,6.25,125000.0,141650,1.1332,1.1362,0.005110583789244844,6016
25/01/2022,1.1337,1.1341,1.1274,1.1316,150912.0,669848.0,EC1 Curncy,Future,CME,USD,0.0,6.25,125000.0,141444,1.1316,1.1346,0.005054526024619771,6017
26/01/2022,1.1316,1.1322,1.1246,1.1265,163283.0,668160.0,EC1 Curncy,Future,CME,USD,0.0,6.25,125000.0,140806,1.1265,1.1296,0.005416333323097308,6018
27/01/2022,1.1252,1.1253,1.1141,1.1151,265912.0,674190.0,EC1 Curncy,Future,CME,USD,0.0,6.25,125000.0,139381,1.1151,1.1183,0.0068287822242988514,6019
28/01/2022,1.1156,1.1184,1.1131,1.1155,184947.0,665905.0,EC1 Curncy,Future,CME,USD,0.0,6.25,125000.0,139431,1.1155,1.1187,0.007866229507642505,6020
31/01/2022,1.1156,1.1258,1.1144,1.1254,194715.0,668303.0,EC1 Curncy,Future,CME,USD,0.0,6.25,125000.0,140669,1.1254,1.1286,0.008062222605062137,6021
01/02/2022,1.1241,1.1289,1.123,1.1262,179401.0,669243.0,EC1 Curncy,Future,CME,USD,0.0,6.25,125000.0,140775,1.1262,1.1294,0.008202647946460735,6022
02/02/2022,1.1278,1.134,1.1276,1.1319,174703.0,680493.0,EC1 Curncy,Future,CME,USD,0.0,6.25,125000.0,141488,1.1319,1.1351,0.00819056978076481,6023
03/02/2022,1.1313,1.146,1.1275,1.1442,282793.0,682070.0,EC1 Curncy,Future,CME,USD,0.0,6.25,125000.0,143025,1.1442,1.1474,0.008466404195420963,6024
04/02/2022,1.1449,1.1493,1.142,1.1457,240338.0,680744.0,EC1 Curncy,Future,CME,USD,0.0,6.25,125000.0,143206,1.1457,1.1491,0.008703125875238162,6025
07/02/2022,1.1464,1.1468,1.1424,1.1452,181550.0,688923.0,EC1 Curncy,Future,CME,USD,0.0,6.25,125000.0,143150,1.1452,1.1486,0.008958642010199018,6026
08/02/2022,1.1449,1.1457,1.1404,1.1422,132514.0,683646.0,EC1 Curncy,Future,CME,USD,0.0,6.25,125000.0,142775,1.1422,1.1456,0.009034697928923769,6027
09/02/2022,1.1425,1.1456,1.1411,1.144,127801.0,684122.0,EC1 Curncy,Future,CME,USD,0.0,6.25,125000.0,143000,1.144,1.1474,0.009189209251447927,6028
10/02/2022,1.1429,1.1504,1.1382,1.1457,263886.0,682733.0,EC1 Curncy,Future,CME,USD,0.0,6.25,125000.0,143213,1.1457,1.1495,0.009333973787561855,6029
11/02/2022,1.1437,1.1437,1.1336,1.1343,213205.0,678287.0,EC1 Curncy,Future,CME,USD,0.0,6.25,125000.0,141788,1.1343,1.138,0.009334973665391856,6030
14/02/2022,1.1352,1.1377,1.1288,1.1303,196923.0,685797.0,EC1 Curncy,Future,CME,USD,0.0,6.25,125000.0,141281,1.1303,1.134,0.009396075421874837,6031
15/02/2022,1.1313,1.1375,1.131,1.1366,164346.0,688021.0,EC1 Curncy,Future,CME,USD,0.0,6.25,125000.0,142075,1.1366,1.1402,0.009384156861446185,6032
16/02/2022,1.1363,1.1402,1.1352,1.1396,133192.0,684167.0,EC1 Curncy,Future,CME,USD,0.0,6.25,125000.0,142450,1.1396,1.1432,0.009161098915171834,6033
17/02/2022,1.138,1.1392,1.1329,1.1369,165653.0,679318.0,EC1 Curncy,Future,CME,USD,0.0,6.25,125000.0,142113,1.1369,1.1405,0.008824775728985915,6034
18/02/2022,1.1367,1.1383,1.1319,1.1369,131424.0,678446.0,EC1 Curncy,Future,CME,USD,0.0,6.25,125000.0,142113,1.1369,1.1405,0.008452991580908023,6035
21/02/2022,1.1367,1.1383,1.1319,1.1338,131424.0,678446.0,EC1 Curncy,Future,CME,USD,0.0,6.25,125000.0,141719,1.1338,1.1373,0.00828432656689151,6036
22/02/2022,1.1324,1.1397,1.1293,1.134,292834.0,678267.0,EC1 Curncy,Future,CME,USD,0.0,6.25,125000.0,141750,1.134,1.1377,0.008284121357567406,6037
23/02/2022,1.1332,1.1364,1.1306,1.1313,133507.0,676655.0,EC1 Curncy,Future,CME,USD,0.0,6.25,125000.0,141406,1.1313,1.1349,0.008294580560034723,6038
24/02/2022,1.131,1.1313,1.1111,1.1191,375205.0,686940.0,EC1 Curncy,Future,CME,USD,0.0,6.25,125000.0,139888,1.1191,1.1227,0.008822225720695985,6039
25/02/2022,1.12,1.1279,1.117,1.1268,236997.0,682636.0,EC1 Curncy,Future,CME,USD,0.0,6.25,125000.0,140844,1.1268,1.1305,0.00891805285176715,6040
28/02/2022,1.1164,1.1252,1.1149,1.1227,266849.0,678944.0,EC1 Curncy,Future,CME,USD,0.0,6.25,125000.0,140331,1.1227,1.1266,0.009165787836673683,6041
01/03/2022,1.1224,1.1237,1.1094,1.1127,254228.0,685971.0,EC1 Curncy,Future,CME,USD,0.0,6.25,125000.0,139081,1.1127,1.1164,0.010014218225449296,6042
02/03/2022,1.1125,1.1146,1.106,1.1126,270057.0,687760.0,EC1 Curncy,Future,CME,USD,0.0,6.25,125000.0,139075,1.1126,1.1163,0.010700666645911598,6043
03/03/2022,1.1122,1.1125,1.1035,1.106,192381.0,688994.0,EC1 Curncy,Future,CME,USD,0.0,6.25,125000.0,138250,1.106,1.1097,0.01141445282672779,6044
04/03/2022,1.1068,1.107,1.0888,1.0913,297263.0,681155.0,EC1 Curncy,Future,CME,USD,0.0,6.25,125000.0,136413,1.0913,1.0951,0.01361413725998093,6045
07/03/2022,1.0928,1.0934,1.0807,1.0849,358901.0,641420.0,EC1 Curncy,Future,CME,USD,0.0,6.25,125000.0,135606,1.0849,1.0887,0.01634652052681586,6046
08/03/2022,1.0854,1.0959,1.085,1.0908,417350.0,577669.0,EC1 Curncy,Future,CME,USD,0.0,6.25,125000.0,136344,1.0908,1.0946,0.018011200219130934,6047
09/03/2022,1.0944,1.1133,1.0929,1.1116,594422.0,385727.0,EC1 Curncy,Future,CME,USD,0.0,6.25,125000.0,138944,1.1079,1.1116,0.018245609517551373,6048
10/03/2022,1.1107,1.116,1.1014,1.1024,461359.0,540879.0,EC1 Curncy,Future,CME,USD,0.0,6.25,125000.0,137794,1.0987,1.1024,0.018457439331255366,6049
11/03/2022,1.1026,1.1082,1.0939,1.0944,326503.0,637680.0,EC1 Curncy,Future,CME,USD,0.0,6.25,125000.0,136800,1.0907,1.0944,0.018872004839629166,6050
14/03/2022,1.0957,1.1032,1.0937,1.0996,177716.0,639671.0,EC1 Curncy,Future,CME,USD,0.0,6.25,125000.0,137444,1.0961,1.0996,0.018804631521702288,6051
15/03/2022,1.0981,1.1057,1.0964,1.0978,183794.0,645794.0,EC1 Curncy,Future,CME,USD,0.0,6.25,125000.0,137225,1.0978,1.1034,0.01879794049003802,6052
16/03/2022,1.0989,1.1084,1.0987,1.104,231625.0,637976.0,EC1 Curncy,Future,CME,USD,0.0,6.25,125000.0,138000,1.104,1.1098,0.018280478658950782,6053
17/03/2022,1.1065,1.1173,1.1042,1.1136,186963.0,643228.0,EC1 Curncy,Future,CME,USD,0.0,6.25,125000.0,139194,1.1136,1.1193,0.017314950187637384,6054
18/03/2022,1.1126,1.1153,1.1037,1.1084,167276.0,646774.0,EC1 Curncy,Future,CME,USD,0.0,6.25,125000.0,138544,1.1084,1.1141,0.016955463229699867,6055
21/03/2022,1.1085,1.1105,1.1044,1.1049,111272.0,645345.0,EC1 Curncy,Future,CME,USD,0.0,6.25,125000.0,138113,1.1049,1.1109,0.01676817223195116,6056
22/03/2022,1.1051,1.108,1.0994,1.1056,164995.0,640427.0,EC1 Curncy,Future,CME,USD,0.0,6.25,125000.0,138194,1.1056,1.1117,0.016171186309824444,6057
23/03/2022,1.1064,1.1078,1.0997,1.1042,144803.0,635838.0,EC1 Curncy,Future,CME,USD,0.0,6.25,125000.0,138025,1.1042,1.1103,0.015256941589554053,6058
24/03/2022,1.1041,1.1047,1.0998,1.1032,150455.0,636587.0,EC1 Curncy,Future,CME,USD,0.0,6.25,125000.0,137900,1.1032,1.1093,0.01437829614385542,6059
25/03/2022,1.1034,1.1071,1.101,1.102,140472.0,635666.0,EC1 Curncy,Future,CME,USD,0.0,6.25,125000.0,137750,1.102,1.1083,0.013323817020674577,6060
28/03/2022,1.1017,1.1033,1.0977,1.1023,168114.0,645115.0,EC1 Curncy,Future,CME,USD,0.0,6.25,125000.0,137788,1.1023,1.1087,0.012302341240610528,6061
29/03/2022,1.1021,1.117,1.1002,1.1121,279770.0,643982.0,EC1 Curncy,Future,CME,USD,0.0,6.25,125000.0,139013,1.1121,1.1183,0.011048737484456443,6062
30/03/2022,1.1119,1.1202,1.1118,1.1193,189434.0,648955.0,EC1 Curncy,Future,CME,USD,0.0,6.25,125000.0,139906,1.1193,1.1254,0.010154142012028203,6063
31/03/2022,1.1188,1.1216,1.109,1.1099,240195.0,639203.0,EC1 Curncy,Future,CME,USD,0.0,6.25,125000.0,138738,1.1099,1.116,0.009824428736595255,6064
01/04/2022,1.1096,1.1106,1.1057,1.1069,158346.0,643259.0,EC1 Curncy,Future,CME,USD,0.0,6.25,125000.0,138356,1.1069,1.1131,0.008798225199840625,6065
04/04/2022,1.1069,1.1084,1.0989,1.1001,147516.0,645744.0,EC1 Curncy,Future,CME,USD,0.0,6.25,125000.0,137506,1.1001,1.1064,0.00802300234744554,6066
05/04/2022,1.1001,1.1017,1.0928,1.0933,152594.0,645469.0,EC1 Curncy,Future,CME,USD,0.0,6.25,125000.0,136656,1.0933,1.0996,0.008086826736558774,6067
06/04/2022,1.0933,1.0966,1.0903,1.0928,165759.0,646669.0,EC1 Curncy,Future,CME,USD,0.0,6.25,125000.0,136600,1.0928,1.0993,0.00810231859822403,6068
07/04/2022,1.0926,1.0966,1.0892,1.0907,186335.0,648024.0,EC1 Curncy,Future,CME,USD,0.0,6.25,125000.0,136338,1.0907,1.0971,0.008395985151674055,6069
08/04/2022,1.0908,1.0918,1.0863,1.0911,161358.0,655057.0,EC1 Curncy,Future,CME,USD,0.0,6.25,125000.0,136381,1.0911,1.0975,0.008406539121449718,6070
11/04/2022,1.0939,1.096,1.0899,1.0917,130990.0,659163.0,EC1 Curncy,Future,CME,USD,0.0,6.25,125000.0,136456,1.0917,1.098,0.00793236618757581,6071
12/04/2022,1.0913,1.093,1.0847,1.0855,161423.0,662530.0,EC1 Curncy,Future,CME,USD,0.0,6.25,125000.0,135688,1.0855,1.0918,0.00830905530132422,6072
13/04/2022,1.0851,1.0919,1.0833,1.091,152595.0,661066.0,EC1 Curncy,Future,CME,USD,0.0,6.25,125000.0,136369,1.091,1.0971,0.008328040986158523,6073
14/04/2022,1.0916,1.0948,1.0781,1.091,270728.0,662680.0,EC1 Curncy,Future,CME,USD,0.0,6.25,125000.0,136369,1.091,1.0971,0.008561136996166991,6074
15/04/2022,1.0916,1.0948,1.0781,1.0854,270728.0,662680.0,EC1 Curncy,Future,CME,USD,0.0,6.25,125000.0,135675,1.0854,1.0917,0.009010830520387217,6075
18/04/2022,1.0832,1.0847,1.0794,1.0809,61374.0,660324.0,EC1 Curncy,Future,CME,USD,0.0,6.25,125000.0,135106,1.0809,1.0872,0.009808411356270356,6076
19/04/2022,1.0804,1.0839,1.0785,1.0814,116655.0,662048.0,EC1 Curncy,Future,CME,USD,0.0,6.25,125000.0,135169,1.0814,1.0879,0.01045454924903433,6077
20/04/2022,1.0811,1.089,1.0808,1.0865,169022.0,668647.0,EC1 Curncy,Future,CME,USD,0.0,6.25,125000.0,135806,1.0865,1.093,0.010678955941499561,6078
21/04/2022,1.0874,1.0959,1.0845,1.0861,206510.0,671988.0,EC1 Curncy,Future,CME,USD,0.0,6.25,125000.0,135756,1.0861,1.0926,0.01043496206671732,6079
22/04/2022,1.0856,1.0874,1.0793,1.0808,173449.0,673704.0,EC1 Curncy,Future,CME,USD,0.0,6.25,125000.0,135100,1.0808,1.0875,0.01064229455210843,6080
25/04/2022,1.0831,1.084,1.0718,1.0732,195175.0,675057.0,EC1 Curncy,Future,CME,USD,0.0,6.25,125000.0,134144,1.0732,1.0799,0.011393236297639286,6081
26/04/2022,1.0734,1.076,1.0657,1.0667,184280.0,674581.0,EC1 Curncy,Future,CME,USD,0.0,6.25,125000.0,133331,1.0667,1.0733,0.012447298234309954,6082
27/04/2022,1.0661,1.0677,1.0535,1.0581,257166.0,677268.0,EC1 Curncy,Future,CME,USD,0.0,6.25,125000.0,132263,1.0581,1.0647,0.014049673780336234,6083
28/04/2022,1.0579,1.0585,1.0491,1.0525,230174.0,679805.0,EC1 Curncy,Future,CME,USD,0.0,6.25,125000.0,131556,1.0525,1.059,0.01580667369606523,6084
29/04/2022,1.0519,1.0612,1.051,1.0589,251264.0,681103.0,EC1 Curncy,Future,CME,USD,0.0,6.25,125000.0,132363,1.0589,1.0656,0.01668438691313602,6085
02/05/2022,1.0569,1.0588,1.0509,1.0511,133418.0,681753.0,EC1 Curncy,Future,CME,USD,0.0,6.25,125000.0,131388,1.0511,1.0577,0.017894109831652346,6086
03/05/2022,1.0528,1.0596,1.0511,1.0545,164406.0,680550.0,EC1 Curncy,Future,CME,USD,0.0,6.25,125000.0,131806,1.0545,1.0611,0.018031460469613965,6087
04/05/2022,1.0541,1.065,1.0524,1.0636,197769.0,685906.0,EC1 Curncy,Future,CME,USD,0.0,6.25,125000.0,132944,1.0636,1.0701,0.0167796781852513,6088
05/05/2022,1.064,1.0659,1.0509,1.0532,241715.0,687678.0,EC1 Curncy,Future,CME,USD,0.0,6.25,125000.0,131644,1.0532,1.0596,0.016533450940460437,6089
06/05/2022,1.0556,1.0615,1.0499,1.0563,257232.0,685185.0,EC1 Curncy,Future,CME,USD,0.0,6.25,125000.0,132038,1.0563,1.0626,0.016024202528278634,6090
09/05/2022,1.056,1.0608,1.0511,1.0581,199730.0,688662.0,EC1 Curncy,Future,CME,USD,0.0,6.25,125000.0,132263,1.0581,1.0644,0.015661451614307695,6091
10/05/2022,1.0575,1.06,1.0541,1.0546,174614.0,689329.0,EC1 Curncy,Future,CME,USD,0.0,6.25,125000.0,131819,1.0546,1.0609,0.015687376028747136,6092
11/05/2022,1.0546,1.0592,1.0517,1.0545,223723.0,690000.0,EC1 Curncy,Future,CME,USD,0.0,6.25,125000.0,131813,1.0545,1.0609,0.015586545480017453,6093
12/05/2022,1.0528,1.0543,1.0366,1.0383,272341.0,685229.0,EC1 Curncy,Future,CME,USD,0.0,6.25,125000.0,129781,1.0383,1.0446,0.01645174762755207,6094
13/05/2022,1.0392,1.0434,1.0362,1.0417,183023.0,683549.0,EC1 Curncy,Future,CME,USD,0.0,6.25,125000.0,130213,1.0417,1.048,0.016750802965848452,6095
16/05/2022,1.0414,1.0455,1.0401,1.045,128856.0,687332.0,EC1 Curncy,Future,CME,USD,0.0,6.25,125000.0,130619,1.045,1.0513,0.016580336747706786,6096
17/05/2022,1.045,1.0568,1.044,1.0556,195154.0,691405.0,EC1 Curncy,Future,CME,USD,0.0,6.25,125000.0,131950,1.0556,1.0619,0.016185513069842124,6097
18/05/2022,1.056,1.0575,1.0472,1.0486,156046.0,692387.0,EC1 Curncy,Future,CME,USD,0.0,6.25,125000.0,131069,1.0486,1.0548,0.015529538520747309,6098
19/05/2022,1.0476,1.0618,1.0471,1.0609,204257.0,691431.0,EC1 Curncy,Future,CME,USD,0.0,6.25,125000.0,132613,1.0609,1.0671,0.014399102981345134,6099
20/05/2022,1.0595,1.0609,1.0542,1.0556,144651.0,685836.0,EC1 Curncy,Future,CME,USD,0.0,6.25,125000.0,131944,1.0556,1.0618,0.013579326198332653,6100
23/05/2022,1.0576,1.0707,1.057,1.0702,208386.0,691517.0,EC1 Curncy,Future,CME,USD,0.0,6.25,125000.0,133775,1.0702,1.0765,0.01307430686502066,6101
24/05/2022,1.0702,1.0757,1.067,1.0734,201509.0,690510.0,EC1 Curncy,Future,CME,USD,0.0,6.25,125000.0,134169,1.0734,1.0796,0.012625008250851232,6102
25/05/2022,1.0742,1.0748,1.0651,1.0696,158841.0,686654.0,EC1 Curncy,Future,CME,USD,0.0,6.25,125000.0,133700,1.0696,1.0758,0.011549100975143738,6103
26/05/2022,1.0689,1.0739,1.0669,1.0727,121917.0,689506.0,EC1 Curncy,Future,CME,USD,0.0,6.25,125000.0,134088,1.0727,1.0789,0.010515461632000256,6104
27/05/2022,1.0737,1.0772,1.0703,1.0727,156848.0,681473.0,EC1 Curncy,Future,CME,USD,0.0,6.25,125000.0,134088,1.0727,1.0789,0.00991399179614708,6105
30/05/2022,1.0737,1.0772,1.0703,1.0739,156848.0,681473.0,EC1 Curncy,Future,CME,USD,0.0,6.25,125000.0,134231,1.0739,1.08,0.00995846875783312,6106
31/05/2022,1.0741,1.0794,1.0685,1.0742,264239.0,680685.0,EC1 Curncy,Future,CME,USD,0.0,6.25,125000.0,134275,1.0742,1.0803,0.010324780869381031,6107
01/06/2022,1.0739,1.0745,1.0633,1.0661,197477.0,665275.0,EC1 Curncy,Future,CME,USD,0.0,6.25,125000.0,133256,1.0661,1.0721,0.010428475439906576,6108
02/06/2022,1.0654,1.0755,1.0649,1.0743,136648.0,662811.0,EC1 Curncy,Future,CME,USD,0.0,6.25,125000.0,134288,1.0743,1.0804,0.01076551128995102,6109
03/06/2022,1.0752,1.0768,1.0707,1.0725,116622.0,657707.0,EC1 Curncy,Future,CME,USD,0.0,6.25,125000.0,134056,1.0725,1.0786,0.011052455232544172,6110
06/06/2022,1.0722,1.0756,1.0688,1.0694,130736.0,633647.0,EC1 Curncy,Future,CME,USD,0.0,6.25,125000.0,133669,1.0694,1.0754,0.011013476593128478,6111
07/06/2022,1.0697,1.0717,1.0655,1.071,255412.0,572852.0,EC1 Curncy,Future,CME,USD,0.0,6.25,125000.0,133869,1.071,1.077,0.0110906116453235,6112
08/06/2022,1.0769,1.0813,1.0734,1.0779,505278.0,385764.0,EC1 Curncy,Future,CME,USD,0.0,6.25,125000.0,134731,1.0718,1.0779,0.011544635117694952,6113
09/06/2022,1.0782,1.0837,1.0673,1.069,512937.0,598980.0,EC1 Curncy,Future,CME,USD,0.0,6.25,125000.0,133619,1.0628,1.069,0.01145142203690785,6114
10/06/2022,1.068,1.0704,1.0567,1.0585,322642.0,648896.0,EC1 Curncy,Future,CME,USD,0.0,6.25,125000.0,132306,1.0522,1.0585,0.011405799694338765,6115
13/06/2022,1.0577,1.0583,1.0469,1.0489,236882.0,660944.0,EC1 Curncy,Future,CME,USD,0.0,6.25,125000.0,131106,1.0432,1.0489,0.011719032952170026,6116
14/06/2022,1.0478,1.0554,1.0464,1.0481,219770.0,656650.0,EC1 Curncy,Future,CME,USD,0.0,6.25,125000.0,131013,1.0481,1.0553,0.011976973741338617,6117
15/06/2022,1.0484,1.0578,1.0428,1.0493,297318.0,654456.0,EC1 Curncy,Future,CME,USD,0.0,6.25,125000.0,131156,1.0493,1.0566,0.012165438750851352,6118
16/06/2022,1.0512,1.0668,1.0447,1.0643,267046.0,656059.0,EC1 Curncy,Future,CME,USD,0.0,6.25,125000.0,133031,1.0643,1.0715,0.011092635695242938,6119
17/06/2022,1.0617,1.0627,1.0511,1.0643,195513.0,655324.0,EC1 Curncy,Future,CME,USD,0.0,6.25,125000.0,133031,1.0643,1.0715,0.010135539781746902,6120
20/06/2022,1.0617,1.0627,1.0511,1.0558,195513.0,655324.0,EC1 Curncy,Future,CME,USD,0.0,6.25,125000.0,131969,1.0558,1.0632,0.009490983440475068,6121
21/06/2022,1.0555,1.0649,1.0541,1.0598,236780.0,659201.0,EC1 Curncy,Future,CME,USD,0.0,6.25,125000.0,132469,1.0598,1.0673,0.009359976851860869,6122
22/06/2022,1.0602,1.0673,1.0535,1.0633,173769.0,664565.0,EC1 Curncy,Future,CME,USD,0.0,6.25,125000.0,132913,1.0633,1.0709,0.008738350340159684,6123
23/06/2022,1.0631,1.0646,1.0546,1.0585,191227.0,659514.0,EC1 Curncy,Future,CME,USD,0.0,6.25,125000.0,132306,1.0585,1.0661,0.008803111192491508,6124
24/06/2022,1.0587,1.0635,1.0576,1.0612,143258.0,659140.0,EC1 Curncy,Future,CME,USD,0.0,6.25,125000.0,132650,1.0612,1.0688,0.008614381386226666,6125
27/06/2022,1.0615,1.0679,1.0613,1.0647,138963.0,663074.0,EC1 Curncy,Future,CME,USD,0.0,6.25,125000.0,133081,1.0647,1.0724,0.008560903379163284,6126
28/06/2022,1.0645,1.0668,1.0564,1.0584,172642.0,657859.0,EC1 Curncy,Future,CME,USD,0.0,6.25,125000.0,132300,1.0584,1.0659,0.008497591815765907,6127
29/06/2022,1.0582,1.0596,1.0495,1.0501,187518.0,661207.0,EC1 Curncy,Future,CME,USD,0.0,6.25,125000.0,131263,1.0501,1.0577,0.00891712210678842,6128
30/06/2022,1.0501,1.0547,1.044,1.0538,236862.0,651714.0,EC1 Curncy,Future,CME,USD,0.0,6.25,125000.0,131725,1.0538,1.0614,0.008946041955377683,6129
01/07/2022,1.0536,1.0542,1.0421,1.0538,205409.0,655036.0,EC1 Curncy,Future,CME,USD,0.0,6.25,125000.0,131725,1.0538,1.0614,0.008908286404656107,6130
04/07/2022,1.0536,1.0542,1.0421,1.0481,205409.0,655036.0,EC1 Curncy,Future,CME,USD,0.0,6.25,125000.0,131013,1.0481,1.0557,0.009019576856337828,6131
05/07/2022,1.0482,1.052,1.029,1.0316,346097.0,659843.0,EC1 Curncy,Future,CME,USD,0.0,6.25,125000.0,128950,1.0316,1.039,0.010418529966717573,6132
06/07/2022,1.0321,1.0331,1.0215,1.0235,225402.0,656791.0,EC1 Curncy,Future,CME,USD,0.0,6.25,125000.0,127938,1.0235,1.0309,0.012587476580609767,6133
07/07/2022,1.0237,1.0273,1.0195,1.0209,185535.0,657943.0,EC1 Curncy,Future,CME,USD,0.0,6.25,125000.0,127606,1.0209,1.0281,0.014141773816159322,6134
08/07/2022,1.0214,1.0242,1.0122,1.0225,226762.0,657762.0,EC1 Curncy,Future,CME,USD,0.0,6.25,125000.0,127806,1.0225,1.0298,0.015188474797273721,6135
11/07/2022,1.0229,1.0235,1.0084,1.0112,186388.0,664530.0,EC1 Curncy,Future,CME,USD,0.0,6.25,125000.0,126400,1.0112,1.0184,0.01705430053292805,6136
12/07/2022,1.0089,1.0124,1.0048,1.0094,224018.0,666647.0,EC1 Curncy,Future,CME,USD,0.0,6.25,125000.0,126175,1.0094,1.0167,0.018513154782499264,6137
13/07/2022,1.0086,1.0173,1.0046,1.0114,291424.0,663969.0,EC1 Curncy,Future,CME,USD,0.0,6.25,125000.0,126425,1.0114,1.0191,0.018970869774493405,6138
14/07/2022,1.0107,1.0109,1.0,1.0077,301539.0,670107.0,EC1 Curncy,Future,CME,USD,0.0,6.25,125000.0,125963,1.0077,1.0151,0.0198704529389946,6139
15/07/2022,1.0068,1.0146,1.0053,1.0127,192330.0,668365.0,EC1 Curncy,Future,CME,USD,0.0,6.25,125000.0,126588,1.0127,1.02,0.02057331848132775,6140
18/07/2022,1.0134,1.0249,1.0126,1.0198,191913.0,672948.0,EC1 Curncy,Future,CME,USD,0.0,6.25,125000.0,127469,1.0198,1.0271,0.0209933664126111,6141
19/07/2022,1.0192,1.0316,1.0165,1.0278,243697.0,678325.0,EC1 Curncy,Future,CME,USD,0.0,6.25,125000.0,128469,1.0278,1.0348,0.021098342746943083,6142
20/07/2022,1.0271,1.0318,1.02,1.0222,240607.0,676589.0,EC1 Curncy,Future,CME,USD,0.0,6.25,125000.0,127769,1.0222,1.0293,0.02130413731338333,6143
21/07/2022,1.0224,1.032,1.0194,1.0234,301041.0,673985.0,EC1 Curncy,Future,CME,USD,0.0,6.25,125000.0,127919,1.0234,1.0303,0.02085169617403264,6144
22/07/2022,1.0268,1.0296,1.017,1.0236,232002.0,672379.0,EC1 Curncy,Future,CME,USD,0.0,6.25,125000.0,127944,1.0236,1.0306,0.02024695285717935,6145
25/07/2022,1.0255,1.0298,1.0218,1.0261,167291.0,671442.0,EC1 Curncy,Future,CME,USD,0.0,6.25,125000.0,128256,1.0261,1.0333,0.019893277759103694,6146
26/07/2022,1.0259,1.029,1.0147,1.0161,206204.0,674569.0,EC1 Curncy,Future,CME,USD,0.0,6.25,125000.0,127006,1.0161,1.0232,0.019504690034301823,6147
27/07/2022,1.0157,1.0259,1.0135,1.0236,236999.0,667384.0,EC1 Curncy,Future,CME,USD,0.0,6.25,125000.0,127944,1.0236,1.0306,0.018515144251869477,6148
28/07/2022,1.0235,1.027,1.0149,1.0212,267290.0,665081.0,EC1 Curncy,Future,CME,USD,0.0,6.25,125000.0,127644,1.0212,1.0281,0.017716257129189103,6149
29/07/2022,1.023,1.029,1.0181,1.0255,267051.0,661393.0,EC1 Curncy,Future,CME,USD,0.0,6.25,125000.0,128181,1.0255,1.0325,0.01647442158825468,6150
01/08/2022,1.0258,1.031,1.024,1.0288,193098.0,664538.0,EC1 Curncy,Future,CME,USD,0.0,6.25,125000.0,128594,1.0288,1.0358,0.014637409834651763,6151
02/08/2022,1.0291,1.0328,1.0196,1.0206,201639.0,664694.0,EC1 Curncy,Future,CME,USD,0.0,6.25,125000.0,127569,1.0206,1.0276,0.01312518825265256,6152
03/08/2022,1.0198,1.0243,1.0155,1.0186,211751.0,667307.0,EC1 Curncy,Future,CME,USD,0.0,6.25,125000.0,127325,1.0186,1.0257,0.012131160977729047,6153
04/08/2022,1.0201,1.0284,1.0184,1.028,171396.0,668879.0,EC1 Curncy,Future,CME,USD,0.0,6.25,125000.0,128500,1.028,1.035,0.010490761014701538,6154
05/08/2022,1.0277,1.0281,1.0171,1.0206,189803.0,668626.0,EC1 Curncy,Future,CME,USD,0.0,6.25,125000.0,127569,1.0206,1.0278,0.008323184486776833,6155
08/08/2022,1.0206,1.0251,1.0188,1.0216,138228.0,672668.0,EC1 Curncy,Future,CME,USD,0.0,6.25,125000.0,127694,1.0216,1.0288,0.006267168419703476,6156
09/08/2022,1.0223,1.0276,1.0217,1.0233,133675.0,672208.0,EC1 Curncy,Future,CME,USD,0.0,6.25,125000.0,127913,1.0233,1.0305,0.005875264533130719,6157
10/08/2022,1.0239,1.0397,1.0229,1.0332,275178.0,674010.0,EC1 Curncy,Future,CME,USD,0.0,6.25,125000.0,129144,1.0332,1.0403,0.006386308271158018,6158
11/08/2022,1.0327,1.039,1.0301,1.035,216625.0,672669.0,EC1 Curncy,Future,CME,USD,0.0,6.25,125000.0,129375,1.035,1.0422,0.006990295654280866,6159
12/08/2022,1.0348,1.0353,1.0263,1.029,172456.0,669237.0,EC1 Curncy,Future,CME,USD,0.0,6.25,125000.0,128625,1.029,1.0363,0.007153593502633692,6160
15/08/2022,1.0283,1.0292,1.0178,1.0179,171051.0,673702.0,EC1 Curncy,Future,CME,USD,0.0,6.25,125000.0,127238,1.0179,1.0252,0.006866869738164648,6161
16/08/2022,1.0182,1.0218,1.0145,1.0191,188654.0,676807.0,EC1 Curncy,Future,CME,USD,0.0,6.25,125000.0,127388,1.0191,1.0263,0.006389543541410908,6162
17/08/2022,1.0191,1.0225,1.0167,1.0207,170845.0,678320.0,EC1 Curncy,Future,CME,USD,0.0,6.25,125000.0,127581,1.0207,1.0276,0.00598832753509556,6163
18/08/2022,1.0197,1.0213,1.0099,1.011,227077.0,684185.0,EC1 Curncy,Future,CME,USD,0.0,6.25,125000.0,126369,1.011,1.0177,0.005673276537203439,6164
19/08/2022,1.0106,1.0114,1.0051,1.0051,181920.0,687063.0,EC1 Curncy,Future,CME,USD,0.0,6.25,125000.0,125638,1.0051,1.0118,0.006393585327048604,6165
22/08/2022,1.0057,1.0065,0.9944,0.9951,222495.0,693999.0,EC1 Curncy,Future,CME,USD,0.0,6.25,125000.0,124381,0.9951,1.0018,0.008413168249887993,6166
23/08/2022,0.9959,1.0036,0.9916,0.9978,271379.0,691788.0,EC1 Curncy,Future,CME,USD,0.0,6.25,125000.0,124725,0.9978,1.0045,0.009538941241088028,6167
24/08/2022,0.9984,1.0017,0.9926,0.9979,241878.0,693060.0,EC1 Curncy,Future,CME,USD,0.0,6.25,125000.0,124738,0.9979,1.0046,0.010522884585556159,6168
25/08/2022,0.9984,1.0048,0.9964,0.9984,219088.0,689748.0,EC1 Curncy,Future,CME,USD,0.0,6.25,125000.0,124800,0.9984,1.0052,0.011278937597764892,6169
26/08/2022,0.999,1.0104,0.996,0.9978,320202.0,683784.0,EC1 Curncy,Future,CME,USD,0.0,6.25,125000.0,124725,0.9978,1.0043,0.01193611466660237,6170
29/08/2022,0.997,1.0043,0.9927,1.0004,240802.0,688758.0,EC1 Curncy,Future,CME,USD,0.0,6.25,125000.0,125050,1.0004,1.0068,0.012247486817069284,6171
30/08/2022,1.001,1.0067,0.9994,1.0033,259394.0,688688.0,EC1 Curncy,Future,CME,USD,0.0,6.25,125000.0,125413,1.0033,1.0097,0.012518652749702024,6172
31/08/2022,1.0029,1.0091,0.9983,1.0056,270752.0,687439.0,EC1 Curncy,Future,CME,USD,0.0,6.25,125000.0,125700,1.0056,1.012,0.012565296123356036,6173
01/09/2022,1.0062,1.0064,0.9919,0.9954,283439.0,689559.0,EC1 Curncy,Future,CME,USD,0.0,6.25,125000.0,124419,0.9954,1.0017,0.013085307282124967,6174
02/09/2022,0.9955,1.0043,0.9951,0.9954,284030.0,685783.0,EC1 Curncy,Future,CME,USD,0.0,6.25,125000.0,124419,0.9954,1.0017,0.013363746979582732,6175
05/09/2022,0.9955,1.0043,0.9951,0.9974,284030.0,685783.0,EC1 Curncy,Future,CME,USD,0.0,6.25,125000.0,124675,0.9974,1.0036,0.013271005990541216,6176
06/09/2022,0.9938,0.9994,0.9871,0.9917,458847.0,672320.0,EC1 Curncy,Future,CME,USD,0.0,6.25,125000.0,123956,0.9917,0.9981,0.013699620432734167,6177
07/09/2022,0.9911,1.0019,0.9883,0.9989,304998.0,642846.0,EC1 Curncy,Future,CME,USD,0.0,6.25,125000.0,124863,0.9989,1.0055,0.013773001367445607,6178
08/09/2022,1.0014,1.005,0.9935,0.9997,361481.0,626825.0,EC1 Curncy,Future,CME,USD,0.0,6.25,125000.0,124956,0.9997,1.0059,0.013352906050781543,6179
09/09/2022,1.0,1.0118,1.0,1.0048,269894.0,614530.0,EC1 Curncy,Future,CME,USD,0.0,6.25,125000.0,125600,1.0048,1.0112,0.013125960282369264,6180
12/09/2022,1.0092,1.0202,1.0062,1.0122,367733.0,568730.0,EC1 Curncy,Future,CME,USD,0.0,6.25,125000.0,126519,1.0122,1.0187,0.012846435303266202,6181
13/09/2022,1.0125,1.019,0.9969,0.998,395987.0,492465.0,EC1 Curncy,Future,CME,USD,0.0,6.25,125000.0,124750,0.998,1.0048,0.012538132503195073,6182
14/09/2022,1.0037,1.0096,1.0026,1.005,555034.0,476642.0,EC1 Curncy,Future,CME,USD,0.0,6.25,125000.0,125619,0.9983,1.005,0.011229851587072905,6183
15/09/2022,1.005,1.0086,1.0024,1.006,340455.0,605633.0,EC1 Curncy,Future,CME,USD,0.0,6.25,125000.0,125750,0.9994,1.006,0.00937999111589971,6184
16/09/2022,1.0065,1.0103,1.0011,1.0069,280838.0,633773.0,EC1 Curncy,Future,CME,USD,0.0,6.25,125000.0,125863,1.0003,1.0069,0.007857745647938478,6185
19/09/2022,1.0078,1.0096,1.0032,1.0079,144699.0,637162.0,EC1 Curncy,Future,CME,USD,0.0,6.25,125000.0,125981,0.999,1.0079,0.007317387967553607,6186
20/09/2022,1.0093,1.0117,1.0021,1.0035,205162.0,637295.0,EC1 Curncy,Future,CME,USD,0.0,6.25,125000.0,125431,1.0035,1.01,0.006493578879762815,6187
21/09/2022,1.004,1.0041,0.9878,0.9972,330863.0,637873.0,EC1 Curncy,Future,CME,USD,0.0,6.25,125000.0,124644,0.9972,1.0037,0.005300745230723676,6188
22/09/2022,0.9904,0.997,0.9869,0.9892,321019.0,634390.0,EC1 Curncy,Future,CME,USD,0.0,6.25,125000.0,123644,0.9892,0.9958,0.005429416788911214,6189
23/09/2022,0.9898,0.9913,0.9728,0.9732,315213.0,635204.0,EC1 Curncy,Future,CME,USD,0.0,6.25,125000.0,121650,0.9732,0.9798,0.0075995131423697605,6190
26/09/2022,0.9733,0.977,0.961,0.9671,346674.0,636750.0,EC1 Curncy,Future,CME,USD,0.0,6.25,125000.0,120881,0.9671,0.9737,0.009927634830834073,6191
27/09/2022,0.9668,0.9729,0.9627,0.9657,245205.0,632417.0,EC1 Curncy,Future,CME,USD,0.0,6.25,125000.0,120713,0.9657,0.9723,0.011848385262743465,6192
28/09/2022,0.9651,0.9809,0.9592,0.9803,327307.0,628799.0,EC1 Curncy,Future,CME,USD,0.0,6.25,125000.0,122531,0.9803,0.9869,0.01229142655137042,6193
29/09/2022,0.9792,0.9871,0.969,0.9847,295624.0,624976.0,EC1 Curncy,Future,CME,USD,0.0,6.25,125000.0,123081,0.9847,0.9914,0.012485689141349121,6194
30/09/2022,0.9879,0.9909,0.9788,0.9862,340217.0,623926.0,EC1 Curncy,Future,CME,USD,0.0,6.25,125000.0,123269,0.9862,0.9928,0.012611255554770873,6195
03/10/2022,0.9847,0.9899,0.9807,0.9871,209344.0,621269.0,EC1 Curncy,Future,CME,USD,0.0,6.25,125000.0,123388,0.9871,0.994,0.01265564696098447,6196
04/10/2022,0.9878,1.0055,0.986,1.0053,260488.0,619180.0,EC1 Curncy,Future,CME,USD,0.0,6.25,125000.0,125656,1.0053,1.0125,0.012719777251760676,6197
05/10/2022,1.0036,1.0049,0.9887,0.9947,250906.0,616413.0,EC1 Curncy,Future,CME,USD,0.0,6.25,125000.0,124331,0.9947,1.0016,0.01251126159376999,6198
06/10/2022,0.9938,0.9977,0.9838,0.9843,201035.0,618032.0,EC1 Curncy,Future,CME,USD,0.0,6.25,125000.0,123031,0.9843,0.991,0.012660749056345223,6199
07/10/2022,0.9842,0.9867,0.9776,0.9786,191581.0,621570.0,EC1 Curncy,Future,CME,USD,0.0,6.25,125000.0,122319,0.9786,0.9854,0.013007634937518426,6200
10/10/2022,0.9786,0.9803,0.973,0.9753,179155.0,621601.0,EC1 Curncy,Future,CME,USD,0.0,6.25,125000.0,121913,0.9753,0.9822,0.01344157108876866,6201
11/10/2022,0.9754,0.9824,0.9719,0.9757,189825.0,619565.0,EC1 Curncy,Future,CME,USD,0.0,6.25,125000.0,121956,0.9757,0.9826,0.013838442831514376,6202
12/10/2022,0.975,0.9784,0.9716,0.9746,166935.0,615389.0,EC1 Curncy,Future,CME,USD,0.0,6.25,125000.0,121825,0.9746,0.9817,0.014146982010347536,6203
13/10/2022,0.9752,0.9854,0.9675,0.9834,256844.0,618171.0,EC1 Curncy,Future,CME,USD,0.0,6.25,125000.0,122925,0.9834,0.9907,0.014082118685331657,6204
14/10/2022,0.9826,0.9856,0.9754,0.977,213435.0,618905.0,EC1 Curncy,Future,CME,USD,0.0,6.25,125000.0,122125,0.977,0.9843,0.013951549495824467,6205
17/10/2022,0.9768,0.9899,0.9766,0.9894,183633.0,625796.0,EC1 Curncy,Future,CME,USD,0.0,6.25,125000.0,123669,0.9894,0.9967,0.013073290837981266,6206
18/10/2022,0.9886,0.9921,0.9857,0.9895,170322.0,623160.0,EC1 Curncy,Future,CME,USD,0.0,6.25,125000.0,123681,0.9895,0.9967,0.012907856780572836,6207
19/10/2022,0.9905,0.9917,0.9801,0.981,196749.0,623382.0,EC1 Curncy,Future,CME,USD,0.0,6.25,125000.0,122625,0.981,0.9881,0.012436911460157038,6208
20/10/2022,0.9817,0.9888,0.9796,0.9826,202698.0,625555.0,EC1 Curncy,Future,CME,USD,0.0,6.25,125000.0,122825,0.9826,0.9898,0.011775209835403798,6209
21/10/2022,0.9829,0.9912,0.9746,0.9887,350873.0,627762.0,EC1 Curncy,Future,CME,USD,0.0,6.25,125000.0,123588,0.9887,0.9959,0.010937295521949704,6210
24/10/2022,0.9921,0.9941,0.9848,0.9917,229488.0,631201.0,EC1 Curncy,Future,CME,USD,0.0,6.25,125000.0,123956,0.9917,0.9989,0.009952679706213018,6211
25/10/2022,0.9915,1.0018,0.9888,1.0,218331.0,644578.0,EC1 Curncy,Future,CME,USD,0.0,6.25,125000.0,125000,1.0,1.0072,0.009691663084035943,6212
26/10/2022,1.0007,1.0129,0.9983,1.0121,264023.0,654415.0,EC1 Curncy,Future,CME,USD,0.0,6.25,125000.0,126513,1.0121,1.0192,0.010912129337017382,6213
27/10/2022,1.0121,1.0132,0.9995,1.0,291972.0,652848.0,EC1 Curncy,Future,CME,USD,0.0,6.25,125000.0,124994,1.0,1.0069,0.011304590513052352,6214
28/10/2022,1.0004,1.0035,0.9963,0.9992,203946.0,653357.0,EC1 Curncy,Future,CME,USD,0.0,6.25,125000.0,124900,0.9992,1.0061,0.01135736618533487,6215
31/10/2022,1.0,1.0001,0.9909,0.9924,165706.0,644531.0,EC1 Curncy,Future,CME,USD,0.0,6.25,125000.0,124044,0.9924,0.9993,0.010695403997408549,6216
01/11/2022,0.9917,0.999,0.9888,0.9918,184396.0,646268.0,EC1 Curncy,Future,CME,USD,0.0,6.25,125000.0,123969,0.9918,0.9988,0.009742744308857623,6217
02/11/2022,0.9912,1.0012,0.9847,0.9921,236032.0,644066.0,EC1 Curncy,Future,CME,USD,0.0,6.25,125000.0,124013,0.9921,0.9991,0.009628018141572119,6218
03/11/2022,0.9846,0.9872,0.9761,0.9784,209971.0,650151.0,EC1 Curncy,Future,CME,USD,0.0,6.25,125000.0,122294,0.9784,0.9854,0.009817547215799019,6219
04/11/2022,0.9779,0.9998,0.9773,0.998,295663.0,643373.0,EC1 Curncy,Future,CME,USD,0.0,6.25,125000.0,124744,0.998,1.0049,0.009987353670239212,6220
07/11/2022,0.9962,1.0065,0.9948,1.0057,179917.0,645700.0,EC1 Curncy,Future,CME,USD,0.0,6.25,125000.0,125706,1.0057,1.0127,0.010524772364970028,6221
08/11/2022,1.0049,1.0126,1.0001,1.0104,188823.0,642847.0,EC1 Curncy,Future,CME,USD,0.0,6.25,125000.0,126294,1.0104,1.0175,0.010883851952982252,6222
09/11/2022,1.0103,1.0116,1.002,1.0029,188234.0,641207.0,EC1 Curncy,Future,CME,USD,0.0,6.25,125000.0,125363,1.0029,1.01,0.011155825085328011,6223
10/11/2022,1.0042,1.0249,0.9962,1.0208,339094.0,654112.0,EC1 Curncy,Future,CME,USD,0.0,6.25,125000.0,127600,1.0208,1.0277,0.012642030427681538,6224
11/11/2022,1.0227,1.0392,1.019,1.039,281274.0,662591.0,EC1 Curncy,Future,CME,USD,0.0,6.25,125000.0,129875,1.039,1.046,0.01549362019244522,6225
14/11/2022,1.0355,1.0386,1.0297,1.038,221118.0,660388.0,EC1 Curncy,Future,CME,USD,0.0,6.25,125000.0,129744,1.038,1.045,0.017298585684030168,6226
15/11/2022,1.035,1.0509,1.0306,1.039,356311.0,660744.0,EC1 Curncy,Future,CME,USD,0.0,6.25,125000.0,129875,1.039,1.0461,0.018692131143016308,6227
16/11/2022,1.0372,1.0464,1.0356,1.0417,243491.0,658504.0,EC1 Curncy,Future,CME,USD,0.0,6.25,125000.0,130213,1.0417,1.0488,0.019810391212720668,6228
17/11/2022,1.0419,1.0429,1.0328,1.0387,182882.0,657535.0,EC1 Curncy,Future,CME,USD,0.0,6.25,125000.0,129838,1.0387,1.0459,0.020736893049209722,6229
18/11/2022,1.0388,1.0418,1.0336,1.035,148836.0,655175.0,EC1 Curncy,Future,CME,USD,0.0,6.25,125000.0,129375,1.035,1.0422,0.020834092252868083,6230
21/11/2022,1.035,1.0355,1.0244,1.026,146340.0,663850.0,EC1 Curncy,Future,CME,USD,0.0,6.25,125000.0,128250,1.026,1.0331,0.020881178127706557,6231
22/11/2022,1.0264,1.0328,1.026,1.0315,126878.0,657797.0,EC1 Curncy,Future,CME,USD,0.0,6.25,125000.0,128938,1.0315,1.0385,0.02103748083780476,6232
23/11/2022,1.0323,1.0425,1.0316,1.0315,176840.0,657062.0,EC1 Curncy,Future,CME,USD,0.0,6.25,125000.0,128938,1.0315,1.0385,0.020610258772457434,6233
24/11/2022,1.0323,1.0425,1.0316,1.042,176840.0,657062.0,EC1 Curncy,Future,CME,USD,0.0,6.25,125000.0,130250,1.042,1.0489,0.020565056933245906,6234
25/11/2022,1.0415,1.0466,1.0371,1.0422,216841.0,656370.0,EC1 Curncy,Future,CME,USD,0.0,6.25,125000.0,130275,1.0422,1.0491,0.020620913332528065,6235
28/11/2022,1.0396,1.0514,1.0346,1.0354,220977.0,658134.0,EC1 Curncy,Future,CME,USD,0.0,6.25,125000.0,129425,1.0354,1.0422,0.020324925584143175,6236
29/11/2022,1.036,1.041,1.0335,1.0342,177718.0,659236.0,EC1 Curncy,Future,CME,USD,0.0,6.25,125000.0,129275,1.0342,1.041,0.020231040507125438,6237
30/11/2022,1.0346,1.0443,1.0305,1.0429,269790.0,658029.0,EC1 Curncy,Future,CME,USD,0.0,6.25,125000.0,130356,1.0429,1.0496,0.020717688094981628,6238
01/12/2022,1.0421,1.0549,1.0406,1.0532,262082.0,668780.0,EC1 Curncy,Future,CME,USD,0.0,6.25,125000.0,131644,1.0532,1.06,0.021265112273414672,6239
02/12/2022,1.0537,1.0557,1.044,1.0548,248892.0,661049.0,EC1 Curncy,Future,CME,USD,0.0,6.25,125000.0,131844,1.0548,1.0616,0.021633201335006305,6240
05/12/2022,1.0549,1.0606,1.0492,1.0505,221630.0,656425.0,EC1 Curncy,Future,CME,USD,0.0,6.25,125000.0,131306,1.0505,1.0573,0.021133258149204193,6241
06/12/2022,1.0507,1.0544,1.047,1.0474,168170.0,649672.0,EC1 Curncy,Future,CME,USD,0.0,6.25,125000.0,130919,1.0474,1.0542,0.020175379385137384,6242
07/12/2022,1.0474,1.056,1.0453,1.0524,240041.0,632115.0,EC1 Curncy,Future,CME,USD,0.0,6.25,125000.0,131544,1.0524,1.0592,0.019125917842922276,6243
08/12/2022,1.0517,1.0573,1.0497,1.0568,175731.0,623832.0,EC1 Curncy,Future,CME,USD,0.0,6.25,125000.0,132094,1.0568,1.0635,0.0162379699059805,6244
09/12/2022,1.0564,1.0596,1.05,1.0553,208338.0,604257.0,EC1 Curncy,Future,CME,USD,0.0,6.25,125000.0,131913,1.0553,1.062,0.014808216187897714,6245
12/12/2022,1.0543,1.0587,1.0512,1.0529,245288.0,562503.0,EC1 Curncy,Future,CME,USD,0.0,6.25,125000.0,131613,1.0529,1.0596,0.013598590613277025,6246
13/12/2022,1.0544,1.068,1.0533,1.0642,450111.0,479457.0,EC1 Curncy,Future,CME,USD,0.0,6.25,125000.0,133025,1.0642,1.0711,0.013136422648530622,6247
14/12/2022,1.0707,1.0768,1.069,1.0738,559291.0,518123.0,EC1 Curncy,Future,CME,USD,0.0,6.25,125000.0,134219,1.067,1.0738,0.01215527046185373,6248
15/12/2022,1.0752,1.0807,1.0662,1.0699,437740.0,679655.0,EC1 Curncy,Future,CME,USD,0.0,6.25,125000.0,133738,1.0632,1.0699,0.012222408382453528,6249
16/12/2022,1.0696,1.0732,1.0652,1.0669,208953.0,705940.0,EC1 Curncy,Future,CME,USD,0.0,6.25,125000.0,133356,1.0602,1.0669,0.012822120209523231,6250
19/12/2022,1.0658,1.0726,1.0644,1.0672,143284.0,708696.0,EC1 Curncy,Future,CME,USD,0.0,6.25,125000.0,133400,1.061,1.0672,0.013285163403867397,6251
20/12/2022,1.0676,1.0727,1.0646,1.069,173751.0,711750.0,EC1 Curncy,Future,CME,USD,0.0,6.25,125000.0,133619,1.069,1.0753,0.013764285912006135,6252
21/12/2022,1.0688,1.0712,1.0655,1.068,152326.0,710678.0,EC1 Curncy,Future,CME,USD,0.0,6.25,125000.0,133494,1.068,1.0741,0.014149638393522448,6253
22/12/2022,1.067,1.0723,1.0634,1.0657,172449.0,711709.0,EC1 Curncy,Future,CME,USD,0.0,6.25,125000.0,133206,1.0657,1.0718,0.014244095852929317,6254
23/12/2022,1.0666,1.0695,1.0649,1.0657,123728.0,712535.0,EC1 Curncy,Future,CME,USD,0.0,6.25,125000.0,133206,1.0657,1.0718,0.014080432048322622,6255
26/12/2022,1.0666,1.0695,1.0649,1.0683,123728.0,712535.0,EC1 Curncy,Future,CME,USD,0.0,6.25,125000.0,133538,1.0683,1.0744,0.013245556487645999,6256
27/12/2022,1.0696,1.0732,1.0672,1.0703,132366.0,714052.0,EC1 Curncy,Future,CME,USD,0.0,6.25,125000.0,133781,1.0703,1.0765,0.012704297173295813,6257
28/12/2022,1.07,1.0734,1.0665,1.0675,135821.0,708210.0,EC1 Curncy,Future,CME,USD,0.0,6.25,125000.0,133438,1.0675,1.0738,0.011818594107058747,6258
29/12/2022,1.0671,1.0746,1.0665,1.0733,131334.0,711030.0,EC1 Curncy,Future,CME,USD,0.0,6.25,125000.0,134156,1.0733,1.0796,0.011770383737757371,6259
30/12/2022,1.0712,1.0767,1.0692,1.0733,157141.0,707570.0,EC1 Curncy,Future,CME,USD,0.0,6.25,125000.0,134156,1.0733,1.0796,0.011594685564259868,6260
02/01/2023,1.0712,1.0767,1.0692,1.0754,157141.0,707570.0,EC1 Curncy,Future,CME,USD,0.0,6.25,125000.0,134425,1.0754,1.0817,0.010797379311699423,6261
03/01/2023,1.0723,1.0736,1.057,1.0617,262819.0,697843.0,EC1 Curncy,Future,CME,USD,0.0,6.25,125000.0,132713,1.0617,1.0679,0.009172925741952557,6262
04/01/2023,1.06,1.0686,1.0591,1.0656,207581.0,702481.0,EC1 Curncy,Future,CME,USD,0.0,6.25,125000.0,133200,1.0656,1.0718,0.008208678334586175,6263
05/01/2023,1.0652,1.068,1.0562,1.0578,206216.0,699663.0,EC1 Curncy,Future,CME,USD,0.0,6.25,125000.0,132225,1.0578,1.0641,0.008015979873604775,6264
06/01/2023,1.0571,1.0697,1.0529,1.0694,233778.0,721342.0,EC1 Curncy,Future,CME,USD,0.0,6.25,125000.0,133675,1.0694,1.0756,0.007867375674308442,6265
09/01/2023,1.069,1.0812,1.0689,1.08,199693.0,730785.0,EC1 Curncy,Future,CME,USD,0.0,6.25,125000.0,134994,1.08,1.0861,0.0079184552365993,6266
10/01/2023,1.0782,1.0806,1.0759,1.0787,148064.0,732188.0,EC1 Curncy,Future,CME,USD,0.0,6.25,125000.0,134838,1.0787,1.0849,0.0073923879768777664,6267
11/01/2023,1.078,1.0822,1.0771,1.0809,153474.0,728994.0,EC1 Curncy,Future,CME,USD,0.0,6.25,125000.0,135113,1.0809,1.0872,0.007281682497931426,6268
12/01/2023,1.0803,1.0912,1.0758,1.0892,287745.0,738676.0,EC1 Curncy,Future,CME,USD,0.0,6.25,125000.0,136150,1.0892,1.0954,0.00806427306089481,6269
13/01/2023,1.0892,1.0911,1.0823,1.0892,176482.0,737209.0,EC1 Curncy,Future,CME,USD,0.0,6.25,125000.0,136150,1.0892,1.0954,0.00846955724938832,6270
16/01/2023,1.0892,1.0911,1.0823,1.0871,176482.0,737209.0,EC1 Curncy,Future,CME,USD,0.0,6.25,125000.0,135888,1.0871,1.0933,0.008258292801824068,6271
17/01/2023,1.0877,1.0916,1.0815,1.0833,286676.0,740473.0,EC1 Curncy,Future,CME,USD,0.0,6.25,125000.0,135413,1.0833,1.0896,0.008396294817794461,6272
18/01/2023,1.0828,1.0928,1.0806,1.0836,248977.0,746134.0,EC1 Curncy,Future,CME,USD,0.0,6.25,125000.0,135444,1.0836,1.0898,0.008674531687685125,6273
19/01/2023,1.0831,1.0878,1.0819,1.0869,175461.0,754246.0,EC1 Curncy,Future,CME,USD,0.0,6.25,125000.0,135856,1.0869,1.093,0.009072072530610072,6274
20/01/2023,1.0867,1.0896,1.0839,1.0891,143187.0,756335.0,EC1 Curncy,Future,CME,USD,0.0,6.25,125000.0,136131,1.0891,1.0952,0.009451195691585541,6275
23/01/2023,1.0901,1.0963,1.0882,1.0894,176164.0,761738.0,EC1 Curncy,Future,CME,USD,0.0,6.25,125000.0,136169,1.0894,1.0955,0.009760117827190426,6276
24/01/2023,1.0906,1.0933,1.087,1.0919,150809.0,763070.0,EC1 Curncy,Future,CME,USD,0.0,6.25,125000.0,136488,1.0919,1.098,0.010186433788817808,6277
25/01/2023,1.092,1.0958,1.0892,1.0949,161872.0,767565.0,EC1 Curncy,Future,CME,USD,0.0,6.25,125000.0,136856,1.0949,1.101,0.01066589268028218,6278
26/01/2023,1.0948,1.0962,1.0882,1.0921,171085.0,768116.0,EC1 Curncy,Future,CME,USD,0.0,6.25,125000.0,136506,1.0921,1.0981,0.010752584185547759,6279
27/01/2023,1.0924,1.0932,1.0869,1.09,165243.0,774035.0,EC1 Curncy,Future,CME,USD,0.0,6.25,125000.0,136250,1.09,1.096,0.01063708450033594,6280
30/01/2023,1.0898,1.0945,1.0869,1.0877,165174.0,783978.0,EC1 Curncy,Future,CME,USD,0.0,6.25,125000.0,135956,1.0877,1.0936,0.01048831572118628,6281
31/01/2023,1.0882,1.0905,1.0831,1.0893,186452.0,781684.0,EC1 Curncy,Future,CME,USD,0.0,6.25,125000.0,136156,1.0893,1.0952,0.010419249813075782,6282
01/02/2023,1.0892,1.104,1.088,1.1006,249883.0,787312.0,EC1 Curncy,Future,CME,USD,0.0,6.25,125000.0,137569,1.1006,1.1064,0.010718857215235534,6283
02/02/2023,1.1018,1.1059,1.0911,1.0934,316852.0,776457.0,EC1 Curncy,Future,CME,USD,0.0,6.25,125000.0,136669,1.0934,1.0992,0.010760343860704593,6284
03/02/2023,1.0935,1.0965,1.0817,1.0829,293001.0,772163.0,EC1 Curncy,Future,CME,USD,0.0,6.25,125000.0,135356,1.0829,1.0888,0.010561032146556565,6285
06/02/2023,1.0822,1.0822,1.0733,1.0748,176677.0,769175.0,EC1 Curncy,Future,CME,USD,0.0,6.25,125000.0,134344,1.0748,1.0807,0.010581115253157448,6286
07/02/2023,1.0748,1.079,1.0692,1.0742,241795.0,765467.0,EC1 Curncy,Future,CME,USD,0.0,6.25,125000.0,134275,1.0742,1.0802,0.009768230819034347,6287
08/02/2023,1.075,1.0783,1.0731,1.0746,151832.0,766269.0,EC1 Curncy,Future,CME,USD,0.0,6.25,125000.0,134319,1.0746,1.0805,0.00920860105194763,6288
09/02/2023,1.0734,1.0811,1.0729,1.0758,174727.0,766229.0,EC1 Curncy,Future,CME,USD,0.0,6.25,125000.0,134469,1.0758,1.0817,0.007602521511572829,6289
10/02/2023,1.076,1.0772,1.0685,1.0692,183315.0,763307.0,EC1 Curncy,Future,CME,USD,0.0,6.25,125000.0,133650,1.0692,1.0751,0.007619881888887405,6290
13/02/2023,1.0698,1.0749,1.0674,1.0735,143300.0,764491.0,EC1 Curncy,Future,CME,USD,0.0,6.25,125000.0,134188,1.0735,1.0794,0.00790843010130723,6291
14/02/2023,1.0743,1.0825,1.0725,1.0757,274364.0,771271.0,EC1 Curncy,Future,CME,USD,0.0,6.25,125000.0,134456,1.0757,1.0816,0.008028154624025546,6292
15/02/2023,1.0752,1.0762,1.0678,1.0698,189147.0,768385.0,EC1 Curncy,Future,CME,USD,0.0,6.25,125000.0,133725,1.0698,1.0757,0.008541736747715002,6293
16/02/2023,1.0703,1.0737,1.0668,1.0705,188628.0,768298.0,EC1 Curncy,Future,CME,USD,0.0,6.25,125000.0,133806,1.0705,1.0763,0.008908235889740941,6294
17/02/2023,1.0686,1.0713,1.0627,1.0705,189740.0,773346.0,EC1 Curncy,Future,CME,USD,0.0,6.25,125000.0,133806,1.0705,1.0763,0.009197088307390503,6295
20/02/2023,1.0686,1.0713,1.0627,1.0711,189740.0,773346.0,EC1 Curncy,Future,CME,USD,0.0,6.25,125000.0,133888,1.0711,1.077,0.009441174008950138,6296
21/02/2023,1.0706,1.0712,1.0651,1.0662,252448.0,770591.0,EC1 Curncy,Future,CME,USD,0.0,6.25,125000.0,133269,1.0662,1.0721,0.009962593370567673,6297
22/02/2023,1.0665,1.0676,1.0611,1.0613,164068.0,771711.0,EC1 Curncy,Future,CME,USD,0.0,6.25,125000.0,132656,1.0613,1.0672,0.010735792161454599,6298
23/02/2023,1.0617,1.0638,1.0587,1.0606,166113.0,770156.0,EC1 Curncy,Future,CME,USD,0.0,6.25,125000.0,132569,1.0606,1.0665,0.011364523747197748,6299
24/02/2023,1.0606,1.0624,1.0546,1.0561,202417.0,770237.0,EC1 Curncy,Future,CME,USD,0.0,6.25,125000.0,132006,1.0561,1.062,0.012103239235866885,6300
27/02/2023,1.0554,1.063,1.0542,1.0618,177211.0,770384.0,EC1 Curncy,Future,CME,USD,0.0,6.25,125000.0,132725,1.0618,1.0678,0.01230040649737368,6301
28/02/2023,1.0617,1.0654,1.0583,1.0592,202147.0,772717.0,EC1 Curncy,Future,CME,USD,0.0,6.25,125000.0,132400,1.0592,1.0652,0.012403652687843162,6302
01/03/2023,1.0589,1.07,1.0574,1.0666,222729.0,773449.0,EC1 Curncy,Future,CME,USD,0.0,6.25,125000.0,133319,1.0666,1.0725,0.0118708677020951,6303
02/03/2023,1.0678,1.0679,1.0582,1.0597,198643.0,765622.0,EC1 Curncy,Future,CME,USD,0.0,6.25,125000.0,132456,1.0597,1.0655,0.011658812117906824,6304
03/03/2023,1.0603,1.0644,1.0594,1.0641,184802.0,751769.0,EC1 Curncy,Future,CME,USD,0.0,6.25,125000.0,133006,1.0641,1.07,0.011266791912547966,6305
06/03/2023,1.0635,1.0699,1.0627,1.068,217779.0,724119.0,EC1 Curncy,Future,CME,USD,0.0,6.25,125000.0,133500,1.068,1.074,0.010830243149039966,6306
07/03/2023,1.0686,1.0699,1.055,1.0555,347159.0,651957.0,EC1 Curncy,Future,CME,USD,0.0,6.25,125000.0,131938,1.0555,1.0617,0.010633928405532947,6307
08/03/2023,1.0617,1.064,1.059,1.0613,648642.0,468635.0,EC1 Curncy,Future,CME,USD,0.0,6.25,125000.0,132663,1.055,1.0613,0.008682841316873656,6308
09/03/2023,1.0605,1.0655,1.0603,1.0641,398301.0,658880.0,EC1 Curncy,Future,CME,USD,0.0,6.25,125000.0,133006,1.0578,1.0641,0.007022444968386281,6309
10/03/2023,1.0648,1.0771,1.064,1.071,426253.0,731553.0,EC1 Curncy,Future,CME,USD,0.0,6.25,125000.0,133875,1.0644,1.071,0.006300126982901421,6310
13/03/2023,1.0744,1.0817,1.0714,1.0803,352479.0,734435.0,EC1 Curncy,Future,CME,USD,0.0,6.25,125000.0,135031,1.072,1.0803,0.006668802991093296,6311
14/03/2023,1.08,1.0815,1.0741,1.0803,256767.0,734401.0,EC1 Curncy,Future,CME,USD,0.0,6.25,125000.0,135038,1.0803,1.0846,0.007036009759374543,6312
15/03/2023,1.0797,1.0823,1.0581,1.0653,373996.0,729607.0,EC1 Curncy,Future,CME,USD,0.0,6.25,125000.0,133156,1.0653,1.0697,0.006887730637446233,6313
16/03/2023,1.0641,1.0696,1.0613,1.0672,297532.0,720460.0,EC1 Curncy,Future,CME,USD,0.0,6.25,125000.0,133400,1.0672,1.072,0.006645617603655585,6314
17/03/2023,1.0669,1.0744,1.0669,1.0741,200494.0,719832.0,EC1 Curncy,Future,CME,USD,0.0,6.25,125000.0,134256,1.0741,1.0785,0.006791362160913136,6315
20/03/2023,1.0734,1.0791,1.0691,1.0782,201241.0,721854.0,EC1 Curncy,Future,CME,USD,0.0,6.25,125000.0,134769,1.0782,1.0828,0.007040655746023614,6316
21/03/2023,1.0782,1.0845,1.0762,1.0821,177916.0,725471.0,EC1 Curncy,Future,CME,USD,0.0,6.25,125000.0,135263,1.0821,1.0868,0.0074682371860665675,6317
22/03/2023,1.0826,1.0968,1.0814,1.0935,211504.0,725033.0,EC1 Curncy,Future,CME,USD,0.0,6.25,125000.0,136688,1.0935,1.0979,0.009109888400378076,6318
23/03/2023,1.0917,1.0984,1.0878,1.0896,247835.0,739451.0,EC1 Curncy,Future,CME,USD,0.0,6.25,125000.0,136194,1.0896,1.0938,0.010050577097892078,6319
24/03/2023,1.0884,1.0892,1.0768,1.0814,246963.0,721510.0,EC1 Curncy,Future,CME,USD,0.0,6.25,125000.0,135175,1.0814,1.0858,0.01034557393287925,6320
27/03/2023,1.0817,1.0853,1.0798,1.0849,125962.0,720022.0,EC1 Curncy,Future,CME,USD,0.0,6.25,125000.0,135606,1.0849,1.0895,0.010790639462083241,6321
28/03/2023,1.0851,1.0901,1.085,1.0896,141552.0,720230.0,EC1 Curncy,Future,CME,USD,0.0,6.25,125000.0,136194,1.0896,1.0942,0.0114342949061437,6322
29/03/2023,1.0896,1.0923,1.087,1.0897,148498.0,724881.0,EC1 Curncy,Future,CME,USD,0.0,6.25,125000.0,136206,1.0897,1.0944,0.011831022779145441,6323
30/03/2023,1.0894,1.0976,1.0873,1.0955,171511.0,728430.0,EC1 Curncy,Future,CME,USD,0.0,6.25,125000.0,136931,1.0955,1.1002,0.0124519034689742,6324
31/03/2023,1.0955,1.0975,1.0885,1.0904,197039.0,731270.0,EC1 Curncy,Future,CME,USD,0.0,6.25,125000.0,136294,1.0904,1.0951,0.012336594613884028,6325
03/04/2023,1.0888,1.0964,1.0836,1.0944,183252.0,726786.0,EC1 Curncy,Future,CME,USD,0.0,6.25,125000.0,136794,1.0944,1.0992,0.01261014802982001,6326
04/04/2023,1.0951,1.102,1.093,1.1,184554.0,734488.0,EC1 Curncy,Future,CME,USD,0.0,6.25,125000.0,137494,1.1,1.1045,0.01294856877550437,6327
05/04/2023,1.0998,1.1013,1.0935,1.0953,172427.0,735653.0,EC1 Curncy,Future,CME,USD,0.0,6.25,125000.0,136913,1.0953,1.0998,0.013177790659564113,6328
06/04/2023,1.0952,1.0981,1.0929,1.0975,123194.0,737563.0,EC1 Curncy,Future,CME,USD,0.0,6.25,125000.0,137188,1.0975,1.1021,0.01303647830770597,6329
07/04/2023,1.0964,1.0968,1.092,1.0959,31876.0,736266.0,EC1 Curncy,Future,CME,USD,0.0,6.25,125000.0,136981,1.0959,1.1008,0.012917219773127755,6330
10/04/2023,1.0952,1.0961,1.0875,1.0903,95955.0,741838.0,EC1 Curncy,Future,CME,USD,0.0,6.25,125000.0,136281,1.0903,1.0953,0.012692270613800568,6331
11/04/2023,1.0908,1.0971,1.0903,1.095,129375.0,747073.0,EC1 Curncy,Future,CME,USD,0.0,6.25,125000.0,136875,1.095,1.0997,0.011575127069163091,6332
12/04/2023,1.0956,1.1043,1.0954,1.1037,198851.0,754079.0,EC1 Curncy,Future,CME,USD,0.0,6.25,125000.0,137963,1.1037,1.1082,0.011167457185975588,6333
13/04/2023,1.1033,1.1108,1.1017,1.1088,181406.0,761295.0,EC1 Curncy,Future,CME,USD,0.0,6.25,125000.0,138600,1.1088,1.1133,0.011097860154128347,6334
14/04/2023,1.1087,1.1115,1.1012,1.1038,196365.0,755522.0,EC1 Curncy,Future,CME,USD,0.0,6.25,125000.0,137969,1.1038,1.1084,0.010972029590459391,6335
17/04/2023,1.1036,1.1038,1.0947,1.0966,174658.0,757426.0,EC1 Curncy,Future,CME,USD,0.0,6.25,125000.0,137069,1.0966,1.1013,0.010913190795267603,6336
18/04/2023,1.0964,1.1022,1.096,1.101,141469.0,753315.0,EC1 Curncy,Future,CME,USD,0.0,6.25,125000.0,137625,1.101,1.1057,0.010953580845272011,6337
19/04/2023,1.1012,1.1022,1.0954,1.099,162488.0,755175.0,EC1 Curncy,Future,CME,USD,0.0,6.25,125000.0,137375,1.099,1.1038,0.00972072528161198,6338
20/04/2023,1.0994,1.1026,1.0969,1.1001,149926.0,755652.0,EC1 Curncy,Future,CME,USD,0.0,6.25,125000.0,137506,1.1001,1.1049,0.00837076659177029,6339
21/04/2023,1.1003,1.1029,1.0973,1.1012,158854.0,757538.0,EC1 Curncy,Future,CME,USD,0.0,6.25,125000.0,137644,1.1012,1.106,0.007501722024568273,6340
24/04/2023,1.1024,1.1085,1.1001,1.1082,157609.0,763300.0,EC1 Curncy,Future,CME,USD,0.0,6.25,125000.0,138519,1.1082,1.113,0.007212893547938115,6341
25/04/2023,1.1081,1.1103,1.0998,1.1006,195330.0,759641.0,EC1 Curncy,Future,CME,USD,0.0,6.25,125000.0,137575,1.1006,1.1054,0.006712488361297227,6342
26/04/2023,1.101,1.1129,1.1002,1.1073,283972.0,765393.0,EC1 Curncy,Future,CME,USD,0.0,6.25,125000.0,138406,1.1073,1.1122,0.0070373361437797,6343
27/04/2023,1.1076,1.1095,1.1023,1.1058,201475.0,760717.0,EC1 Curncy,Future,CME,USD,0.0,6.25,125000.0,138219,1.1058,1.1107,0.007093130479593972,6344
28/04/2023,1.1059,1.1076,1.0993,1.1049,243211.0,760365.0,EC1 Curncy,Future,CME,USD,0.0,6.25,125000.0,138106,1.1049,1.1099,0.006402408401052983,6345
01/05/2023,1.1049,1.1067,1.0995,1.1001,122625.0,760296.0,EC1 Curncy,Future,CME,USD,0.0,6.25,125000.0,137513,1.1001,1.1052,0.0057582780991546545,6346
02/05/2023,1.1001,1.1039,1.0972,1.1031,197795.0,760390.0,EC1 Curncy,Future,CME,USD,0.0,6.25,125000.0,137888,1.1031,1.108,0.005466833330841676,6347
03/05/2023,1.1032,1.1122,1.103,1.1091,218286.0,765624.0,EC1 Curncy,Future,CME,USD,0.0,6.25,125000.0,138631,1.1091,1.1141,0.005389996907902415,6348
04/05/2023,1.1094,1.112,1.1015,1.1044,280253.0,767375.0,EC1 Curncy,Future,CME,USD,0.0,6.25,125000.0,138050,1.1044,1.1095,0.005353270028732831,6349
05/05/2023,1.1041,1.1076,1.0995,1.1054,203183.0,771835.0,EC1 Curncy,Future,CME,USD,0.0,6.25,125000.0,138175,1.1054,1.1105,0.00498322184941896,6350
08/05/2023,1.1047,1.1081,1.1027,1.1033,124521.0,775301.0,EC1 Curncy,Future,CME,USD,0.0,6.25,125000.0,137906,1.1033,1.1083,0.004786759516331657,6351
09/05/2023,1.103,1.1031,1.0967,1.0992,182659.0,774702.0,EC1 Curncy,Future,CME,USD,0.0,6.25,125000.0,137400,1.0992,1.1043,0.0048006666204314956,6352
10/05/2023,1.0985,1.1032,1.0967,1.1002,236302.0,772645.0,EC1 Curncy,Future,CME,USD,0.0,6.25,125000.0,137519,1.1002,1.1052,0.004630424746592655,6353
11/05/2023,1.1008,1.1021,1.0923,1.0942,221050.0,773545.0,EC1 Curncy,Future,CME,USD,0.0,6.25,125000.0,136769,1.0942,1.0993,0.004801399101705473,6354
12/05/2023,1.0938,1.0958,1.087,1.0876,205074.0,773993.0,EC1 Curncy,Future,CME,USD,0.0,6.25,125000.0,135944,1.0876,1.0927,0.005457539128019118,6355
15/05/2023,1.0869,1.0913,1.0867,1.0896,153258.0,770078.0,EC1 Curncy,Future,CME,USD,0.0,6.25,125000.0,136200,1.0896,1.0947,0.005517873986768803,6356
16/05/2023,1.0897,1.0926,1.0876,1.0889,151791.0,769088.0,EC1 Curncy,Future,CME,USD,0.0,6.25,125000.0,136113,1.0889,1.094,0.005927202825436353,6357
17/05/2023,1.0884,1.0894,1.0831,1.0858,173545.0,770749.0,EC1 Curncy,Future,CME,USD,0.0,6.25,125000.0,135725,1.0858,1.091,0.006632214311012309,6358
18/05/2023,1.086,1.0867,1.0781,1.0785,166280.0,771377.0,EC1 Curncy,Future,CME,USD,0.0,6.25,125000.0,134813,1.0785,1.0837,0.0077018222952234495,6359
19/05/2023,1.0789,1.0848,1.0778,1.0826,211013.0,761803.0,EC1 Curncy,Future,CME,USD,0.0,6.25,125000.0,135325,1.0826,1.0877,0.008307863744702212,6360
22/05/2023,1.0827,1.0849,1.0813,1.0836,162641.0,761032.0,EC1 Curncy,Future,CME,USD,0.0,6.25,125000.0,135450,1.0836,1.0888,0.008808382371385775,6361
23/05/2023,1.083,1.0837,1.0777,1.0793,204007.0,757479.0,EC1 Curncy,Future,CME,USD,0.0,6.25,125000.0,134906,1.0793,1.0845,0.009515382283468357,6362
24/05/2023,1.0789,1.0818,1.0763,1.0766,227412.0,757329.0,EC1 Curncy,Future,CME,USD,0.0,6.25,125000.0,134575,1.0766,1.082,0.010327418199492747,6363
25/05/2023,1.0766,1.0771,1.0722,1.0735,205617.0,756344.0,EC1 Curncy,Future,CME,USD,0.0,6.25,125000.0,134188,1.0735,1.079,0.011217582924463652,6364
26/05/2023,1.074,1.0774,1.0716,1.0735,219134.0,750298.0,EC1 Curncy,Future,CME,USD,0.0,6.25,125000.0,134188,1.0735,1.079,0.011917610219078724,6365
29/05/2023,1.074,1.0774,1.0716,1.0744,219134.0,750298.0,EC1 Curncy,Future,CME,USD,0.0,6.25,125000.0,134294,1.0744,1.0799,0.012132635053189995,6366
30/05/2023,1.0739,1.076,1.0685,1.0732,259570.0,748655.0,EC1 Curncy,Future,CME,USD,0.0,6.25,125000.0,134150,1.0732,1.0788,0.012595431711559767,6367
31/05/2023,1.0749,1.0749,1.0647,1.0686,281888.0,753474.0,EC1 Curncy,Future,CME,USD,0.0,6.25,125000.0,133569,1.0686,1.074,0.012928994547163017,6368
01/06/2023,1.0701,1.0779,1.0672,1.0772,228350.0,744364.0,EC1 Curncy,Future,CME,USD,0.0,6.25,125000.0,134644,1.0772,1.0825,0.012719359260614327,6369
02/06/2023,1.0773,1.0788,1.0714,1.0721,205107.0,743607.0,EC1 Curncy,Future,CME,USD,0.0,6.25,125000.0,134006,1.0721,1.0776,0.012667247793709853,6370
05/06/2023,1.0717,1.0731,1.0683,1.0723,178742.0,732031.0,EC1 Curncy,Future,CME,USD,0.0,6.25,125000.0,134031,1.0723,1.0777,0.012722359582008291,6371
06/06/2023,1.0721,1.0741,1.0675,1.0702,191540.0,726925.0,EC1 Curncy,Future,CME,USD,0.0,6.25,125000.0,133775,1.0702,1.0757,0.01260762732108054,6372
07/06/2023,1.0701,1.0747,1.0676,1.0709,246296.0,676282.0,EC1 Curncy,Future,CME,USD,0.0,6.25,125000.0,133863,1.0709,1.0763,0.01184850482834278,6373
08/06/2023,1.0706,1.0793,1.0703,1.0785,219446.0,658052.0,EC1 Curncy,Future,CME,USD,0.0,6.25,125000.0,134813,1.0785,1.0839,0.011040973688973237,6374
09/06/2023,1.0788,1.0791,1.0748,1.0755,230751.0,605489.0,EC1 Curncy,Future,CME,USD,0.0,6.25,125000.0,134431,1.0755,1.0809,0.010013762196793823,6375
12/06/2023,1.0753,1.0795,1.0738,1.076,349852.0,495118.0,EC1 Curncy,Future,CME,USD,0.0,6.25,125000.0,134500,1.076,1.0815,0.008930052258186444,6376
13/06/2023,1.0816,1.0881,1.0816,1.0847,535272.0,535547.0,EC1 Curncy,Future,CME,USD,0.0,6.25,125000.0,135581,1.0794,1.0847,0.008065513002940956,6377
14/06/2023,1.0848,1.092,1.083,1.0889,379669.0,672528.0,EC1 Curncy,Future,CME,USD,0.0,6.25,125000.0,136113,1.0837,1.0889,0.007118117728768688,6378
15/06/2023,1.0889,1.1005,1.0856,1.1003,267338.0,712333.0,EC1 Curncy,Future,CME,USD,0.0,6.25,125000.0,137531,1.0951,1.1003,0.00773681243583408,6379
16/06/2023,1.0997,1.1023,1.097,1.1003,208438.0,715641.0,EC1 Curncy,Future,CME,USD,0.0,6.25,125000.0,137531,1.0951,1.1003,0.008666169857590413,6380
19/06/2023,1.0997,1.1023,1.097,1.0996,208438.0,715641.0,EC1 Curncy,Future,CME,USD,0.0,6.25,125000.0,137450,1.0942,1.0996,0.009341796757972951,6381
20/06/2023,1.0993,1.0997,1.0943,1.0968,200660.0,720218.0,EC1 Curncy,Future,CME,USD,0.0,6.25,125000.0,137100,1.0968,1.1015,0.009772055396244575,6382
21/06/2023,1.0968,1.1041,1.0956,1.1035,135333.0,724480.0,EC1 Curncy,Future,CME,USD,0.0,6.25,125000.0,137938,1.1035,1.1082,0.010761903487175022,6383
22/06/2023,1.1036,1.1062,1.0996,1.1007,164655.0,729362.0,EC1 Curncy,Future,CME,USD,0.0,6.25,125000.0,137588,1.1007,1.1053,0.011423343060035741,6384
23/06/2023,1.1003,1.1007,1.0891,1.0939,201693.0,724587.0,EC1 Curncy,Future,CME,USD,0.0,6.25,125000.0,136731,1.0939,1.0985,0.011664471698306724,6385
26/06/2023,1.0946,1.0967,1.0934,1.0961,135042.0,717558.0,EC1 Curncy,Future,CME,USD,0.0,6.25,125000.0,137013,1.0961,1.1008,0.011974517387655492,6386
27/06/2023,1.0954,1.1023,1.0948,1.1006,143883.0,719448.0,EC1 Curncy,Future,CME,USD,0.0,6.25,125000.0,137569,1.1006,1.1053,0.01244409766384292,6387
28/06/2023,1.1007,1.1008,1.0942,1.0968,197398.0,717933.0,EC1 Curncy,Future,CME,USD,0.0,6.25,125000.0,137100,1.0968,1.1016,0.012604043002171623,6388
29/06/2023,1.0958,1.0985,1.0904,1.0911,206971.0,715180.0,EC1 Curncy,Future,CME,USD,0.0,6.25,125000.0,136381,1.0911,1.096,0.012441480351385937,6389
30/06/2023,1.0907,1.0974,1.0876,1.0953,197375.0,712828.0,EC1 Curncy,Future,CME,USD,0.0,6.25,125000.0,136913,1.0953,1.1002,0.012334132856991583,6390
03/07/2023,1.0952,1.0976,1.0911,1.0953,132190.0,713787.0,EC1 Curncy,Future,CME,USD,0.0,6.25,125000.0,136913,1.0953,1.1002,0.012201532690632894,6391
04/07/2023,1.0952,1.0976,1.0911,1.0953,132190.0,713787.0,EC1 Curncy,Future,CME,USD,0.0,6.25,125000.0,136913,1.0953,1.1001,0.011947733397339986,6392
05/07/2023,1.0955,1.0958,1.0891,1.0894,243866.0,703826.0,EC1 Curncy,Future,CME,USD,0.0,6.25,125000.0,136169,1.0894,1.0941,0.011242446353021966,6393
06/07/2023,1.0895,1.0941,1.0872,1.092,227043.0,705371.0,EC1 Curncy,Future,CME,USD,0.0,6.25,125000.0,136500,1.092,1.0968,0.010990150135488354,6394
07/07/2023,1.0929,1.1013,1.0906,1.1007,204480.0,711698.0,EC1 Curncy,Future,CME,USD,0.0,6.25,125000.0,137588,1.1007,1.1056,0.010590810482075354,6395
10/07/2023,1.1005,1.104,1.0982,1.1038,149102.0,719492.0,EC1 Curncy,Future,CME,USD,0.0,6.25,125000.0,137969,1.1038,1.1086,0.010190646037775655,6396
11/07/2023,1.1039,1.1066,1.1014,1.1037,152271.0,723231.0,EC1 Curncy,Future,CME,USD,0.0,6.25,125000.0,137963,1.1037,1.1085,0.009397088201524325,6397
12/07/2023,1.1046,1.1179,1.1044,1.1176,238543.0,745992.0,EC1 Curncy,Future,CME,USD,0.0,6.25,125000.0,139700,1.1176,1.1224,0.009423555592267369,6398
13/07/2023,1.1168,1.1265,1.1166,1.1259,229029.0,756416.0,EC1 Curncy,Future,CME,USD,0.0,6.25,125000.0,140731,1.1259,1.1306,0.010643195009044343,6399
14/07/2023,1.126,1.1281,1.1241,1.127,197925.0,756555.0,EC1 Curncy,Future,CME,USD,0.0,6.25,125000.0,140869,1.127,1.1317,0.011282852771671056,6400
17/07/2023,1.1266,1.1285,1.1239,1.1278,145947.0,759059.0,EC1 Curncy,Future,CME,USD,0.0,6.25,125000.0,140975,1.1278,1.1326,0.011631733891981175,6401
18/07/2023,1.1273,1.1311,1.1244,1.1264,212460.0,767593.0,EC1 Curncy,Future,CME,USD,0.0,6.25,125000.0,140794,1.1264,1.1312,0.01216217222924658,6402
19/07/2023,1.1262,1.1275,1.1208,1.1236,189013.0,769003.0,EC1 Curncy,Future,CME,USD,0.0,6.25,125000.0,140444,1.1236,1.1284,0.012491063472226227,6403
20/07/2023,1.1236,1.1262,1.1151,1.1158,170455.0,763099.0,EC1 Curncy,Future,CME,USD,0.0,6.25,125000.0,139475,1.1158,1.1206,0.012675830018865894,6404
21/07/2023,1.1165,1.1176,1.1139,1.1156,134579.0,761879.0,EC1 Curncy,Future,CME,USD,0.0,6.25,125000.0,139450,1.1156,1.1204,0.012820053302041272,6405
24/07/2023,1.116,1.1178,1.1091,1.1102,197409.0,759439.0,EC1 Curncy,Future,CME,USD,0.0,6.25,125000.0,138769,1.1102,1.115,0.012796466960344083,6406
25/07/2023,1.1094,1.1117,1.1051,1.1075,183027.0,753546.0,EC1 Curncy,Future,CME,USD,0.0,6.25,125000.0,138438,1.1075,1.1124,0.01266126902541143,6407
26/07/2023,1.1086,1.1137,1.1067,1.1133,174937.0,750181.0,EC1 Curncy,Future,CME,USD,0.0,6.25,125000.0,139156,1.1133,1.1182,0.012724964963953396,6408
27/07/2023,1.1116,1.1177,1.0993,1.1,330420.0,744654.0,EC1 Curncy,Future,CME,USD,0.0,6.25,125000.0,137500,1.1,1.1049,0.012739287002569709,6409
28/07/2023,1.1006,1.1075,1.097,1.1051,251344.0,734841.0,EC1 Curncy,Future,CME,USD,0.0,6.25,125000.0,138131,1.1051,1.11,0.012468556452152217,6410
31/07/2023,1.1045,1.1073,1.102,1.1025,147394.0,730690.0,EC1 Curncy,Future,CME,USD,0.0,6.25,125000.0,137806,1.1025,1.1074,0.012299218132351849,6411
01/08/2023,1.1023,1.1029,1.0978,1.0999,155624.0,737436.0,EC1 Curncy,Future,CME,USD,0.0,6.25,125000.0,137488,1.0999,1.1048,0.012315873226606355,6412
02/08/2023,1.104,1.1043,1.0943,1.0968,197586.0,735604.0,EC1 Curncy,Future,CME,USD,0.0,6.25,125000.0,137094,1.0968,1.1017,0.012315873226606355,6413
03/08/2023,1.0963,1.0986,1.0935,1.0966,168969.0,728801.0,EC1 Curncy,Future,CME,USD,0.0,6.25,125000.0,137075,1.0966,1.1015,0.012061601607325554,6414
04/08/2023,1.0972,1.1065,1.0952,1.1032,208330.0,736494.0,EC1 Curncy,Future,CME,USD,0.0,6.25,125000.0,137900,1.1032,1.1081,0.011830363477108556,6415
07/08/2023,1.1033,1.1037,1.0988,1.1029,153739.0,743695.0,EC1 Curncy,Future,CME,USD,0.0,6.25,125000.0,137863,1.1029,1.1078,0.011590997943828495,6416
08/08/2023,1.1024,1.1033,1.0951,1.0981,167280.0,743785.0,EC1 Curncy,Future,CME,USD,0.0,6.25,125000.0,137256,1.0981,1.103,0.011475070079691712,6417
09/08/2023,1.0978,1.1017,1.0973,1.0996,120915.0,743814.0,EC1 Curncy,Future,CME,USD,0.0,6.25,125000.0,137450,1.0996,1.1045,0.010947384771434447,6418
10/08/2023,1.0997,1.1085,1.0987,1.101,206554.0,744986.0,EC1 Curncy,Future,CME,USD,0.0,6.25,125000.0,137625,1.101,1.1058,0.010517472763636427,6419
11/08/2023,1.1002,1.1025,1.0962,1.097,155867.0,744644.0,EC1 Curncy,Future,CME,USD,0.0,6.25,125000.0,137119,1.097,1.1018,0.010663914228235698,6420
14/08/2023,1.0967,1.0978,1.0892,1.0923,173926.0,743160.0,EC1 Curncy,Future,CME,USD,0.0,6.25,125000.0,136531,1.0923,1.097,0.011128128024687494,6421
15/08/2023,1.0924,1.0971,1.0914,1.0922,185079.0,742225.0,EC1 Curncy,Future,CME,USD,0.0,6.25,125000.0,136525,1.0922,1.097,0.011558823469562234,6422
16/08/2023,1.0922,1.0951,1.0889,1.0898,135438.0,737940.0,EC1 Curncy,Future,CME,USD,0.0,6.25,125000.0,136219,1.0898,1.0945,0.01191995805363865,6423
17/08/2023,1.0896,1.0935,1.0872,1.0873,156866.0,739700.0,EC1 Curncy,Future,CME,USD,0.0,6.25,125000.0,135906,1.0873,1.092,0.011843071110731447,6424
18/08/2023,1.0888,1.0909,1.086,1.0893,144221.0,741460.0,EC1 Curncy,Future,CME,USD,0.0,6.25,125000.0,136163,1.0893,1.0941,0.011349453731370137,6425
21/08/2023,1.0889,1.0929,1.0884,1.0913,120744.0,740918.0,EC1 Curncy,Future,CME,USD,0.0,6.25,125000.0,136413,1.0913,1.0961,0.010438108066144682,6426
22/08/2023,1.0911,1.0945,1.0847,1.0866,195338.0,729753.0,EC1 Curncy,Future,CME,USD,0.0,6.25,125000.0,135825,1.0866,1.0914,0.00961028095325615,6427
23/08/2023,1.0858,1.0885,1.0816,1.0873,212948.0,729923.0,EC1 Curncy,Future,CME,USD,0.0,6.25,125000.0,135906,1.0873,1.0921,0.00870589455487037,6428
24/08/2023,1.0877,1.0889,1.0817,1.0821,154437.0,731551.0,EC1 Curncy,Future,CME,USD,0.0,6.25,125000.0,135256,1.0821,1.087,0.008645037111961476,6429
25/08/2023,1.0824,1.0853,1.0777,1.0819,231486.0,728985.0,EC1 Curncy,Future,CME,USD,0.0,6.25,125000.0,135231,1.0819,1.0868,0.008393852909551951,6430
28/08/2023,1.0809,1.0833,1.0804,1.0822,112616.0,726632.0,EC1 Curncy,Future,CME,USD,0.0,6.25,125000.0,135275,1.0822,1.0871,0.008364892906299652,6431
29/08/2023,1.083,1.0902,1.0792,1.0882,239560.0,722816.0,EC1 Curncy,Future,CME,USD,0.0,6.25,125000.0,136025,1.0882,1.093,0.008090838440309944,6432
30/08/2023,1.0889,1.0956,1.0865,1.0934,234282.0,724526.0,EC1 Curncy,Future,CME,USD,0.0,6.25,125000.0,136669,1.0934,1.0981,0.007098643062858224,6433
31/08/2023,1.0937,1.0948,1.0843,1.0853,253955.0,719707.0,EC1 Curncy,Future,CME,USD,0.0,6.25,125000.0,135656,1.0853,1.0901,0.007177585480777376,6434
01/09/2023,1.0851,1.089,1.0779,1.0853,222120.0,725428.0,EC1 Curncy,Future,CME,USD,0.0,6.25,125000.0,135656,1.0853,1.0901,0.006905775360802543,6435
04/09/2023,1.0851,1.089,1.0779,1.0786,222120.0,725428.0,EC1 Curncy,Future,CME,USD,0.0,6.25,125000.0,134825,1.0786,1.0834,0.0071126366419588406,6436
05/09/2023,1.0782,1.0816,1.0713,1.0728,287431.0,716061.0,EC1 Curncy,Future,CME,USD,0.0,6.25,125000.0,134100,1.0728,1.0776,0.007814040781431246,6437
06/09/2023,1.0729,1.0755,1.0709,1.0732,220167.0,680364.0,EC1 Curncy,Future,CME,USD,0.0,6.25,125000.0,134144,1.0732,1.0779,0.008416501648579358,6438
07/09/2023,1.0732,1.0736,1.0691,1.0699,183256.0,668533.0,EC1 Curncy,Future,CME,USD,0.0,6.25,125000.0,133738,1.0699,1.0746,0.009140875231647161,6439
08/09/2023,1.07,1.0748,1.0698,1.0702,221189.0,613824.0,EC1 Curncy,Future,CME,USD,0.0,6.25,125000.0,133769,1.0702,1.0748,0.009300731154083655,6440
11/09/2023,1.0718,1.0763,1.0711,1.0749,223922.0,558395.0,EC1 Curncy,Future,CME,USD,0.0,6.25,125000.0,134356,1.0749,1.0795,0.00900138507863522,6441
12/09/2023,1.0755,1.0773,1.0709,1.0736,332730.0,437555.0,EC1 Curncy,Future,CME,USD,0.0,6.25,125000.0,134194,1.0736,1.0781,0.008961832029996866,6442
13/09/2023,1.0808,1.0812,1.0759,1.078,552945.0,532033.0,EC1 Curncy,Future,CME,USD,0.0,6.25,125000.0,134750,1.0735,1.078,0.008527510383100031,6443
14/09/2023,1.0776,1.0798,1.0675,1.0678,385312.0,644484.0,EC1 Curncy,Future,CME,USD,0.0,6.25,125000.0,133475,1.0636,1.0678,0.008377599099217722,6444
15/09/2023,1.0685,1.0731,1.0676,1.0704,232852.0,671735.0,EC1 Curncy,Future,CME,USD,0.0,6.25,125000.0,133794,1.0662,1.0704,0.008188664929882131,6445
18/09/2023,1.0707,1.0741,1.0697,1.072,114813.0,671324.0,EC1 Curncy,Future,CME,USD,0.0,6.25,125000.0,134000,1.0666,1.072,0.008105609168998293,6446
19/09/2023,1.0733,1.076,1.0716,1.0719,145568.0,673868.0,EC1 Curncy,Future,CME,USD,0.0,6.25,125000.0,133981,1.0719,1.0768,0.007946263272793694,6447
20/09/2023,1.0718,1.0778,1.069,1.0727,210334.0,675710.0,EC1 Curncy,Future,CME,USD,0.0,6.25,125000.0,134081,1.0727,1.0777,0.007814256202643392,6448
21/09/2023,1.0702,1.0713,1.0656,1.0701,237984.0,677404.0,EC1 Curncy,Future,CME,USD,0.0,6.25,125000.0,133763,1.0701,1.0751,0.007851220711915968,6449
22/09/2023,1.0702,1.0711,1.0653,1.0686,164316.0,673300.0,EC1 Curncy,Future,CME,USD,0.0,6.25,125000.0,133575,1.0686,1.0736,0.007784585195578473,6450
25/09/2023,1.0685,1.0694,1.0613,1.0625,165600.0,679320.0,EC1 Curncy,Future,CME,USD,0.0,6.25,125000.0,132813,1.0625,1.0675,0.007854563429447974,6451
26/09/2023,1.0631,1.0648,1.06,1.0604,158317.0,677576.0,EC1 Curncy,Future,CME,USD,0.0,6.25,125000.0,132544,1.0604,1.0654,0.008228695724954828,6452
27/09/2023,1.0609,1.0612,1.0526,1.0545,247273.0,679883.0,EC1 Curncy,Future,CME,USD,0.0,6.25,125000.0,131806,1.0545,1.0595,0.008895270278855628,6453
28/09/2023,1.0543,1.0615,1.0527,1.059,273944.0,680082.0,EC1 Curncy,Future,CME,USD,0.0,6.25,125000.0,132375,1.059,1.064,0.009256685872054533,6454
29/09/2023,1.06,1.0653,1.0593,1.0613,247199.0,677720.0,EC1 Curncy,Future,CME,USD,0.0,6.25,125000.0,132656,1.0613,1.0663,0.009393283061168177,6455
02/10/2023,1.0602,1.0627,1.0512,1.0527,235653.0,680066.0,EC1 Curncy,Future,CME,USD,0.0,6.25,125000.0,131588,1.0527,1.0577,0.00998102032195263,6456
03/10/2023,1.0513,1.0528,1.0482,1.0509,240122.0,679428.0,EC1 Curncy,Future,CME,USD,0.0,6.25,125000.0,131363,1.0509,1.0559,0.010165546386392665,6457
04/10/2023,1.0498,1.0566,1.0484,1.0537,234369.0,672369.0,EC1 Curncy,Future,CME,USD,0.0,6.25,125000.0,131706,1.0537,1.0586,0.009432228439446546,6458
05/10/2023,1.054,1.0584,1.0532,1.0583,178463.0,674114.0,EC1 Curncy,Future,CME,USD,0.0,6.25,125000.0,132281,1.0583,1.0632,0.008951476600757364,6459
06/10/2023,1.0581,1.0632,1.0514,1.0625,283031.0,663833.0,EC1 Curncy,Future,CME,USD,0.0,6.25,125000.0,132806,1.0625,1.0675,0.008172107031476559,6460
09/10/2023,1.0586,1.0606,1.0551,1.0596,161279.0,664178.0,EC1 Curncy,Future,CME,USD,0.0,6.25,125000.0,132444,1.0596,1.0646,0.007870091062618672,6461
10/10/2023,1.0599,1.0651,1.0585,1.063,191347.0,666193.0,EC1 Curncy,Future,CME,USD,0.0,6.25,125000.0,132875,1.063,1.0679,0.007742669651606693,6462
11/10/2023,1.0635,1.0665,1.0611,1.0637,193019.0,668715.0,EC1 Curncy,Future,CME,USD,0.0,6.25,125000.0,132963,1.0637,1.0686,0.007568317734735526,6463
12/10/2023,1.065,1.0669,1.0555,1.0555,206371.0,673116.0,EC1 Curncy,Future,CME,USD,0.0,6.25,125000.0,131938,1.0555,1.0604,0.007717475839541944,6464
13/10/2023,1.0559,1.0587,1.0524,1.054,188480.0,674761.0,EC1 Curncy,Future,CME,USD,0.0,6.25,125000.0,131744,1.054,1.0588,0.007880877700733297,6465
16/10/2023,1.0548,1.0591,1.0544,1.0582,156878.0,674711.0,EC1 Curncy,Future,CME,USD,0.0,6.25,125000.0,132275,1.0582,1.0631,0.007591249348246341,6466
17/10/2023,1.0589,1.0623,1.056,1.0596,224402.0,674302.0,EC1 Curncy,Future,CME,USD,0.0,6.25,125000.0,132450,1.0596,1.0646,0.007286681915242258,6467
18/10/2023,1.0605,1.0622,1.055,1.0562,177083.0,674906.0,EC1 Curncy,Future,CME,USD,0.0,6.25,125000.0,132025,1.0562,1.0611,0.00662047833120241,6468
19/10/2023,1.0563,1.0642,1.0553,1.0607,238062.0,671621.0,EC1 Curncy,Future,CME,USD,0.0,6.25,125000.0,132581,1.0607,1.0655,0.006492880716645572,6469
20/10/2023,1.0605,1.0629,1.059,1.0617,171906.0,674227.0,EC1 Curncy,Future,CME,USD,0.0,6.25,125000.0,132713,1.0617,1.0665,0.0062107245954549205,6470
23/10/2023,1.0619,1.0703,1.0596,1.0699,226858.0,682534.0,EC1 Curncy,Future,CME,USD,0.0,6.25,125000.0,133738,1.0699,1.0747,0.00606733879065517,6471
24/10/2023,1.0695,1.0722,1.0607,1.0613,243411.0,681886.0,EC1 Curncy,Future,CME,USD,0.0,6.25,125000.0,132656,1.0613,1.0661,0.005616440153744154,6472
25/10/2023,1.0614,1.063,1.0589,1.059,186477.0,678739.0,EC1 Curncy,Future,CME,USD,0.0,6.25,125000.0,132369,1.059,1.0637,0.00500368863945297,6473
26/10/2023,1.059,1.0591,1.0543,1.0583,206007.0,677715.0,EC1 Curncy,Future,CME,USD,0.0,6.25,125000.0,132281,1.0583,1.063,0.0045335306330267075,6474
27/10/2023,1.0584,1.0619,1.0557,1.0589,210831.0,673657.0,EC1 Curncy,Future,CME,USD,0.0,6.25,125000.0,132363,1.0589,1.0637,0.004108900907451882,6475
30/10/2023,1.0586,1.0647,1.0568,1.0639,170458.0,676243.0,EC1 Curncy,Future,CME,USD,0.0,6.25,125000.0,132988,1.0639,1.0687,0.004167485252994363,6476
31/10/2023,1.0635,1.0696,1.0578,1.0603,242212.0,674289.0,EC1 Curncy,Future,CME,USD,0.0,6.25,125000.0,132531,1.0603,1.0651,0.004166205307862159,6477
01/11/2023,1.0596,1.0601,1.0537,1.0562,228319.0,677123.0,EC1 Curncy,Future,CME,USD,0.0,6.25,125000.0,132025,1.0562,1.061,0.004101918250517108,6478
02/11/2023,1.059,1.0687,1.0589,1.0645,222819.0,682664.0,EC1 Curncy,Future,CME,USD,0.0,6.25,125000.0,133056,1.0645,1.0691,0.004239504688120007,6479
03/11/2023,1.064,1.0766,1.0633,1.0755,264106.0,680665.0,EC1 Curncy,Future,CME,USD,0.0,6.25,125000.0,134431,1.0755,1.0801,0.005323476307882868,6480
06/11/2023,1.0747,1.0775,1.0735,1.0743,185350.0,680338.0,EC1 Curncy,Future,CME,USD,0.0,6.25,125000.0,134281,1.0743,1.0789,0.005830831844650336,6481
07/11/2023,1.074,1.0741,1.0682,1.0713,185953.0,676436.0,EC1 Curncy,Future,CME,USD,0.0,6.25,125000.0,133913,1.0713,1.0759,0.0058168204373684,6482
08/11/2023,1.0716,1.0734,1.0677,1.0719,153020.0,671413.0,EC1 Curncy,Future,CME,USD,0.0,6.25,125000.0,133981,1.0719,1.0764,0.00592429461347527,6483
09/11/2023,1.0726,1.0741,1.0676,1.0683,165952.0,672628.0,EC1 Curncy,Future,CME,USD,0.0,6.25,125000.0,133538,1.0683,1.0728,0.00597806546194096,6484
10/11/2023,1.0684,1.0709,1.0672,1.0696,146348.0,671704.0,EC1 Curncy,Future,CME,USD,0.0,6.25,125000.0,133694,1.0696,1.0741,0.006133221013511926,6485
13/11/2023,1.0701,1.0722,1.068,1.0717,138511.0,668844.0,EC1 Curncy,Future,CME,USD,0.0,6.25,125000.0,133963,1.0717,1.0763,0.006326794870542014,6486
14/11/2023,1.0713,1.0902,1.0673,1.0897,316911.0,682884.0,EC1 Curncy,Future,CME,USD,0.0,6.25,125000.0,136206,1.0897,1.0942,0.008211664467933052,6487
15/11/2023,1.0892,1.0901,1.0846,1.0861,250800.0,687016.0,EC1 Curncy,Future,CME,USD,0.0,6.25,125000.0,135756,1.0861,1.0906,0.009267230798207507,6488
16/11/2023,1.0863,1.0909,1.0844,1.0869,198247.0,685519.0,EC1 Curncy,Future,CME,USD,0.0,6.25,125000.0,135856,1.0869,1.0913,0.009962303950421124,6489
17/11/2023,1.0866,1.0931,1.0838,1.0913,179310.0,684580.0,EC1 Curncy,Future,CME,USD,0.0,6.25,125000.0,136413,1.0913,1.0958,0.010740628473258582,6490
20/11/2023,1.0924,1.0965,1.091,1.0959,184807.0,686388.0,EC1 Curncy,Future,CME,USD,0.0,6.25,125000.0,136981,1.0959,1.1003,0.011864161720657008,6491
21/11/2023,1.0954,1.0977,1.0912,1.0927,195692.0,690883.0,EC1 Curncy,Future,CME,USD,0.0,6.25,125000.0,136588,1.0927,1.0972,0.012516724811250208,6492
22/11/2023,1.0922,1.0935,1.0864,1.0927,233355.0,696927.0,EC1 Curncy,Future,CME,USD,0.0,6.25,125000.0,136588,1.0927,1.0972,0.012837752918659979,6493
23/11/2023,1.0922,1.0935,1.0864,1.0896,233355.0,696927.0,EC1 Curncy,Future,CME,USD,0.0,6.25,125000.0,136194,1.0896,1.0941,0.013030285236091068,6494
24/11/2023,1.0899,1.0956,1.0893,1.0951,198786.0,695688.0,EC1 Curncy,Future,CME,USD,0.0,6.25,125000.0,136881,1.0951,1.0996,0.013458159854423715,6495
27/11/2023,1.0955,1.0969,1.0935,1.0966,155442.0,692624.0,EC1 Curncy,Future,CME,USD,0.0,6.25,125000.0,137069,1.0966,1.1011,0.014081870140972716,6496
28/11/2023,1.0964,1.1018,1.0944,1.1001,211866.0,700023.0,EC1 Curncy,Future,CME,USD,0.0,6.25,125000.0,137506,1.1001,1.1046,0.014518255175257148,6497
29/11/2023,1.1002,1.1025,1.0969,1.0992,228819.0,699078.0,EC1 Curncy,Future,CME,USD,0.0,6.25,125000.0,137394,1.0992,1.1037,0.014596497296744717,6498
30/11/2023,1.0979,1.0991,1.0886,1.0897,299314.0,702272.0,EC1 Curncy,Future,CME,USD,0.0,6.25,125000.0,136213,1.0897,1.0941,0.014062183329786974,6499
01/12/2023,1.0897,1.092,1.0835,1.0879,268007.0,707686.0,EC1 Curncy,Future,CME,USD,0.0,6.25,125000.0,135988,1.0879,1.0924,0.01338780539647438,6500
04/12/2023,1.0891,1.0901,1.081,1.0834,245698.0,696733.0,EC1 Curncy,Future,CME,USD,0.0,6.25,125000.0,135425,1.0834,1.0878,0.012869181533177088,6501
05/12/2023,1.0839,1.0853,1.0784,1.079,246654.0,682044.0,EC1 Curncy,Future,CME,USD,0.0,6.25,125000.0,134869,1.079,1.0834,0.012047119987803332,6502
06/12/2023,1.0802,1.081,1.0764,1.0773,192859.0,672447.0,EC1 Curncy,Future,CME,USD,0.0,6.25,125000.0,134663,1.0773,1.0816,0.01074815177912904,6503
07/12/2023,1.0771,1.0822,1.0759,1.0802,198814.0,663536.0,EC1 Curncy,Future,CME,USD,0.0,6.25,125000.0,135025,1.0802,1.0845,0.009992705672999315,6504
08/12/2023,1.0799,1.0804,1.0727,1.0762,230789.0,657865.0,EC1 Curncy,Future,CME,USD,0.0,6.25,125000.0,134525,1.0762,1.0805,0.009966975469044051,6505
11/12/2023,1.0765,1.0782,1.0745,1.0765,247842.0,598145.0,EC1 Curncy,Future,CME,USD,0.0,6.25,125000.0,134556,1.0765,1.0808,0.009880961491703403,6506
12/12/2023,1.0768,1.0833,1.0764,1.0793,385335.0,476930.0,EC1 Curncy,Future,CME,USD,0.0,6.25,125000.0,134906,1.0793,1.0836,0.009551059278104065,6507
13/12/2023,1.084,1.0942,1.0818,1.0933,542261.0,565440.0,EC1 Curncy,Future,CME,USD,0.0,6.25,125000.0,136663,1.089,1.0933,0.009275986919668175,6508
14/12/2023,1.0925,1.1053,1.092,1.1036,388462.0,664018.0,EC1 Curncy,Future,CME,USD,0.0,6.25,125000.0,137950,1.0993,1.1036,0.009166246050984232,6509
15/12/2023,1.1038,1.1048,1.0932,1.0943,284770.0,688005.0,EC1 Curncy,Future,CME,USD,0.0,6.25,125000.0,136781,1.09,1.0943,0.008479422150153546,6510
18/12/2023,1.0938,1.0975,1.0935,1.0959,165281.0,687624.0,EC1 Curncy,Future,CME,USD,0.0,6.25,125000.0,136988,1.0919,1.0959,0.007860343503976904,6511
19/12/2023,1.0966,1.1029,1.0957,1.1018,155925.0,686900.0,EC1 Curncy,Future,CME,USD,0.0,6.25,125000.0,137725,1.1018,1.106,0.008248923162076583,6512
20/12/2023,1.1024,1.1025,1.097,1.0987,184513.0,686409.0,EC1 Curncy,Future,CME,USD,0.0,6.25,125000.0,137331,1.0987,1.1029,0.008398031515411323,6513
21/12/2023,1.098,1.1053,1.0974,1.1039,170021.0,685021.0,EC1 Curncy,Future,CME,USD,0.0,6.25,125000.0,137988,1.1039,1.1081,0.008791317686625418,6514
22/12/2023,1.1049,1.1082,1.1034,1.1039,166145.0,693221.0,EC1 Curncy,Future,CME,USD,0.0,6.25,125000.0,137988,1.1039,1.1081,0.009164402144557557,6515
25/12/2023,1.1049,1.1082,1.1034,1.1055,166145.0,693221.0,EC1 Curncy,Future,CME,USD,0.0,6.25,125000.0,138188,1.1055,1.1096,0.009550657918026888,6516
26/12/2023,1.1054,1.1085,1.1048,1.1084,60568.0,692390.0,EC1 Curncy,Future,CME,USD,0.0,6.25,125000.0,138550,1.1084,1.1126,0.01010835792799706,6517
27/12/2023,1.1083,1.1161,1.1068,1.1139,155137.0,694434.0,EC1 Curncy,Future,CME,USD,0.0,6.25,125000.0,139231,1.1139,1.1181,0.010978984470364191,6518
28/12/2023,1.1142,1.1175,1.1091,1.11,167372.0,692550.0,EC1 Curncy,Future,CME,USD,0.0,6.25,125000.0,138750,1.11,1.1143,0.011438535745474406,6519
29/12/2023,1.1097,1.112,1.1069,1.11,182092.0,703510.0,EC1 Curncy,Future,CME,USD,0.0,6.25,125000.0,138750,1.11,1.1143,0.011870238694616075,6520
01/01/2024,1.1097,1.112,1.1069,1.1075,182092.0,703510.0,EC1 Curncy,Future,CME,USD,0.0,6.25,125000.0,138438,1.1075,1.1117,0.01213840324481873,6521
02/01/2024,1.1076,1.1079,1.0973,1.098,214572.0,705997.0,EC1 Curncy,Future,CME,USD,0.0,6.25,125000.0,137244,1.098,1.1022,0.0121101706566764,6522
03/01/2024,1.0975,1.0999,1.0926,1.095,216469.0,705667.0,EC1 Curncy,Future,CME,USD,0.0,6.25,125000.0,136875,1.095,1.0993,0.012079959988916632,6523
04/01/2024,1.0956,1.1004,1.0948,1.098,192757.0,704172.0,EC1 Curncy,Future,CME,USD,0.0,6.25,125000.0,137244,1.098,1.1022,0.01204429325450407,6524
05/01/2024,1.0977,1.1031,1.0908,1.0977,261784.0,697276.0,EC1 Curncy,Future,CME,USD,0.0,6.25,125000.0,137213,1.0977,1.1019,0.011953908705265581,6525
08/01/2024,1.0977,1.101,1.0954,1.0993,141961.0,697908.0,EC1 Curncy,Future,CME,USD,0.0,6.25,125000.0,137406,1.0993,1.1035,0.01169506021078224,6526
09/01/2024,1.0984,1.0997,1.0941,1.0956,180681.0,701276.0,EC1 Curncy,Future,CME,USD,0.0,6.25,125000.0,136944,1.0956,1.0997,0.011130218626206445,6527
10/01/2024,1.096,1.1004,1.0953,1.1001,164423.0,717344.0,EC1 Curncy,Future,CME,USD,0.0,6.25,125000.0,137513,1.1001,1.1041,0.010360336223653626,6528
11/01/2024,1.1003,1.1041,1.0958,1.1011,244776.0,712968.0,EC1 Curncy,Future,CME,USD,0.0,6.25,125000.0,137631,1.1011,1.105,0.009697637169287504,6529
12/01/2024,1.1,1.1016,1.0965,1.1011,185196.0,718147.0,EC1 Curncy,Future,CME,USD,0.0,6.25,125000.0,137631,1.1011,1.105,0.008494531574321387,6530
15/01/2024,1.1,1.1016,1.0965,1.0985,185196.0,718147.0,EC1 Curncy,Future,CME,USD,0.0,6.25,125000.0,137306,1.0985,1.1025,0.0069993618757097946,6531
16/01/2024,1.0978,1.0996,1.089,1.0901,363087.0,721733.0,EC1 Curncy,Future,CME,USD,0.0,6.25,125000.0,136256,1.0901,1.094,0.005874373725524956,6532
17/01/2024,1.0902,1.0912,1.0871,1.0901,211426.0,716341.0,EC1 Curncy,Future,CME,USD,0.0,6.25,125000.0,136263,1.0901,1.094,0.006080570148744681,6533
18/01/2024,1.091,1.0933,1.0872,1.0887,188196.0,715631.0,EC1 Curncy,Future,CME,USD,0.0,6.25,125000.0,136088,1.0887,1.0926,0.006517392116519749,6534
19/01/2024,1.0902,1.0924,1.0891,1.0918,150030.0,714258.0,EC1 Curncy,Future,CME,USD,0.0,6.25,125000.0,136469,1.0918,1.0957,0.0066312190935860936,6535
22/01/2024,1.092,1.0934,1.0904,1.0909,130655.0,713342.0,EC1 Curncy,Future,CME,USD,0.0,6.25,125000.0,136356,1.0909,1.0948,0.006837987033268021,6536
23/01/2024,1.0905,1.0941,1.0846,1.0869,221884.0,714020.0,EC1 Curncy,Future,CME,USD,0.0,6.25,125000.0,135863,1.0869,1.0908,0.007306408146310829,6537
24/01/2024,1.0878,1.0956,1.0875,1.0912,238949.0,714239.0,EC1 Curncy,Future,CME,USD,0.0,6.25,125000.0,136400,1.0912,1.0952,0.007487563021469563,6538
25/01/2024,1.091,1.0926,1.0844,1.0859,239510.0,714195.0,EC1 Curncy,Future,CME,USD,0.0,6.25,125000.0,135731,1.0859,1.0899,0.007861653770071612,6539
26/01/2024,1.0869,1.0909,1.0835,1.088,199326.0,713794.0,EC1 Curncy,Future,CME,USD,0.0,6.25,125000.0,136000,1.088,1.092,0.008036672196903618,6540
29/01/2024,1.0872,1.0873,1.0818,1.084,196639.0,714883.0,EC1 Curncy,Future,CME,USD,0.0,6.25,125000.0,135500,1.084,1.0881,0.008316275207917324,6541
30/01/2024,1.0857,1.088,1.0833,1.0867,185565.0,714802.0,EC1 Curncy,Future,CME,USD,0.0,6.25,125000.0,135831,1.0867,1.0908,0.008194483917072328,6542
31/01/2024,1.0866,1.0909,1.081,1.0861,344623.0,716052.0,EC1 Curncy,Future,CME,USD,0.0,6.25,125000.0,135756,1.0861,1.0902,0.007523569631530975,6543
01/02/2024,1.0836,1.0896,1.0799,1.0892,267165.0,711711.0,EC1 Curncy,Future,CME,USD,0.0,6.25,125000.0,136150,1.0892,1.0933,0.006908147363837756,6544
02/02/2024,1.0893,1.0917,1.0799,1.0811,288068.0,719514.0,EC1 Curncy,Future,CME,USD,0.0,6.25,125000.0,135138,1.0811,1.0853,0.0065377417100379405,6545
05/02/2024,1.08,1.0805,1.0741,1.0761,221086.0,719286.0,EC1 Curncy,Future,CME,USD,0.0,6.25,125000.0,134506,1.0761,1.0802,0.0066323148297188,6546
06/02/2024,1.0761,1.078,1.074,1.0767,184899.0,718772.0,EC1 Curncy,Future,CME,USD,0.0,6.25,125000.0,134588,1.0767,1.0809,0.0071316477759709165,6547
07/02/2024,1.0772,1.0802,1.0772,1.0789,168491.0,718715.0,EC1 Curncy,Future,CME,USD,0.0,6.25,125000.0,134863,1.0789,1.083,0.007455765107207082,6548
08/02/2024,1.0789,1.0805,1.0758,1.0791,156168.0,721100.0,EC1 Curncy,Future,CME,USD,0.0,6.25,125000.0,134881,1.0791,1.0832,0.00758394576284993,6549
09/02/2024,1.0794,1.0812,1.0778,1.0798,159601.0,720061.0,EC1 Curncy,Future,CME,USD,0.0,6.25,125000.0,134969,1.0798,1.0838,0.007612216059325438,6550
12/02/2024,1.0801,1.0821,1.0772,1.0784,145881.0,719012.0,EC1 Curncy,Future,CME,USD,0.0,6.25,125000.0,134794,1.0784,1.0825,0.0075446493181496104,6551
13/02/2024,1.0788,1.083,1.0715,1.0716,258772.0,726008.0,EC1 Curncy,Future,CME,USD,0.0,6.25,125000.0,133944,1.0716,1.0758,0.008028059126205977,6552
14/02/2024,1.0723,1.0749,1.0709,1.0742,179916.0,721090.0,EC1 Curncy,Future,CME,USD,0.0,6.25,125000.0,134275,1.0742,1.0784,0.007921969452133087,6553
15/02/2024,1.0741,1.0798,1.0737,1.0782,205410.0,712910.0,EC1 Curncy,Future,CME,USD,0.0,6.25,125000.0,134769,1.0782,1.0823,0.007391082464736364,6554
16/02/2024,1.0787,1.08,1.0745,1.0782,198486.0,715505.0,EC1 Curncy,Future,CME,USD,0.0,6.25,125000.0,134769,1.0782,1.0823,0.006689586434691112,6555
19/02/2024,1.0787,1.08,1.0745,1.079,198486.0,715505.0,EC1 Curncy,Future,CME,USD,0.0,6.25,125000.0,134869,1.079,1.0831,0.0060352354276536685,6556
20/02/2024,1.079,1.0851,1.0773,1.0818,337055.0,710234.0,EC1 Curncy,Future,CME,USD,0.0,6.25,125000.0,135225,1.0818,1.086,0.005867884343373429,6557
21/02/2024,1.0822,1.0836,1.0801,1.0828,161716.0,705427.0,EC1 Curncy,Future,CME,USD,0.0,6.25,125000.0,135350,1.0828,1.087,0.0056732794749193615,6558
22/02/2024,1.0831,1.0899,1.0813,1.0832,272260.0,708520.0,EC1 Curncy,Future,CME,USD,0.0,6.25,125000.0,135400,1.0832,1.0873,0.00553224788555328,6559
23/02/2024,1.0832,1.0849,1.0822,1.0833,168902.0,696780.0,EC1 Curncy,Future,CME,USD,0.0,6.25,125000.0,135413,1.0833,1.0875,0.005179938867130553,6560
26/02/2024,1.0831,1.0869,1.0822,1.0856,149888.0,698449.0,EC1 Curncy,Future,CME,USD,0.0,6.25,125000.0,135694,1.0856,1.0898,0.004903825037717371,6561
27/02/2024,1.0861,1.0875,1.0842,1.0854,171507.0,694344.0,EC1 Curncy,Future,CME,USD,0.0,6.25,125000.0,135669,1.0854,1.0896,0.004848195540667056,6562
28/02/2024,1.0853,1.0854,1.0805,1.0842,185902.0,693372.0,EC1 Curncy,Future,CME,USD,0.0,6.25,125000.0,135525,1.0842,1.0884,0.004468780594361828,6563
29/02/2024,1.0846,1.0863,1.0803,1.0809,274847.0,694566.0,EC1 Curncy,Future,CME,USD,0.0,6.25,125000.0,135113,1.0809,1.085,0.004374547595719141,6564
01/03/2024,1.0811,1.085,1.0804,1.0848,223251.0,691660.0,EC1 Curncy,Future,CME,USD,0.0,6.25,125000.0,135600,1.0848,1.0889,0.004214214043038842,6565
04/03/2024,1.0849,1.0873,1.0844,1.0862,152041.0,684716.0,EC1 Curncy,Future,CME,USD,0.0,6.25,125000.0,135775,1.0862,1.0903,0.004297867688425529,6566
05/03/2024,1.0864,1.0882,1.0845,1.0859,159822.0,678029.0,EC1 Curncy,Future,CME,USD,0.0,6.25,125000.0,135731,1.0859,1.09,0.004258473905115032,6567
06/03/2024,1.0862,1.0921,1.0847,1.0902,199566.0,673300.0,EC1 Curncy,Future,CME,USD,0.0,6.25,125000.0,136275,1.0902,1.0943,0.004524555226820112,6568
07/03/2024,1.0902,1.0953,1.0872,1.0951,266168.0,647819.0,EC1 Curncy,Future,CME,USD,0.0,6.25,125000.0,136888,1.0951,1.0992,0.0050698060449959875,6569
08/03/2024,1.0953,1.0985,1.0922,1.0946,283408.0,623359.0,EC1 Curncy,Future,CME,USD,0.0,6.25,125000.0,136819,1.0946,1.0987,0.005692006090463747,6570
11/03/2024,1.0943,1.0952,1.0917,1.0928,232151.0,575631.0,EC1 Curncy,Future,CME,USD,0.0,6.25,125000.0,136594,1.0928,1.0969,0.005925360748557109,6571
12/03/2024,1.0928,1.0947,1.0905,1.0927,343086.0,469580.0,EC1 Curncy,Future,CME,USD,0.0,6.25,125000.0,136588,1.0927,1.0969,0.006096602879244008,6572
13/03/2024,1.0969,1.1007,1.0964,1.0995,537276.0,507361.0,EC1 Curncy,Future,CME,USD,0.0,6.25,125000.0,137438,1.0954,1.0995,0.0068034917506040625,6573
14/03/2024,1.0993,1.0997,1.0922,1.0927,340888.0,621339.0,EC1 Curncy,Future,CME,USD,0.0,6.25,125000.0,136588,1.0886,1.0927,0.006913216810371481,6574
15/03/2024,1.0928,1.0941,1.0915,1.0932,207446.0,641228.0,EC1 Curncy,Future,CME,USD,0.0,6.25,125000.0,136644,1.0891,1.0932,0.007024421684418919,6575
18/03/2024,1.0932,1.0947,1.0907,1.0911,150384.0,648347.0,EC1 Curncy,Future,CME,USD,0.0,6.25,125000.0,136388,1.0891,1.0911,0.006957509132862613,6576
19/03/2024,1.0912,1.0917,1.0875,1.0903,187147.0,647957.0,EC1 Curncy,Future,CME,USD,0.0,6.25,125000.0,136288,1.0903,1.0946,0.006334750718631177,6577
20/03/2024,1.0905,1.0963,1.0876,1.0955,233289.0,651924.0,EC1 Curncy,Future,CME,USD,0.0,6.25,125000.0,136931,1.0955,1.0997,0.006016873496027313,6578
21/03/2024,1.0962,1.0982,1.0894,1.0901,290152.0,649773.0,EC1 Curncy,Future,CME,USD,0.0,6.25,125000.0,136256,1.0901,1.0943,0.005714592432290741,6579
22/03/2024,1.0902,1.0906,1.084,1.0842,250627.0,650551.0,EC1 Curncy,Future,CME,USD,0.0,6.25,125000.0,135519,1.0842,1.0884,0.005405050107741268,6580
25/03/2024,1.0844,1.088,1.0839,1.0873,155869.0,649679.0,EC1 Curncy,Future,CME,USD,0.0,6.25,125000.0,135913,1.0873,1.0916,0.0050600461131488535,6581
26/03/2024,1.0875,1.0902,1.0862,1.087,171565.0,648995.0,EC1 Curncy,Future,CME,USD,0.0,6.25,125000.0,135869,1.087,1.0913,0.004875113673942268,6582
27/03/2024,1.0868,1.0874,1.0846,1.0857,158436.0,648513.0,EC1 Curncy,Future,CME,USD,0.0,6.25,125000.0,135713,1.0857,1.09,0.004760952285750385,6583
28/03/2024,1.0862,1.0862,1.0809,1.0857,242746.0,657365.0,EC1 Curncy,Future,CME,USD,0.0,6.25,125000.0,135713,1.0857,1.09,0.004662349193327841,6584
29/03/2024,1.0862,1.0862,1.0809,1.0822,242746.0,657365.0,EC1 Curncy,Future,CME,USD,0.0,6.25,125000.0,135269,1.0822,1.0865,0.004722788724245263,6585
01/04/2024,1.0812,1.0833,1.0765,1.0771,151887.0,672599.0,EC1 Curncy,Future,CME,USD,0.0,6.25,125000.0,134631,1.0771,1.0815,0.005248196515679708,6586
02/04/2024,1.0777,1.0813,1.0758,1.0797,239689.0,674066.0,EC1 Curncy,Future,CME,USD,0.0,6.25,125000.0,134963,1.0797,1.0841,0.0055092437473026465,6587
03/04/2024,1.0805,1.087,1.0797,1.0868,200069.0,664804.0,EC1 Curncy,Future,CME,USD,0.0,6.25,125000.0,135850,1.0868,1.0912,0.005451920151089855,6588
04/04/2024,1.0868,1.0909,1.0864,1.0882,200896.0,653607.0,EC1 Curncy,Future,CME,USD,0.0,6.25,125000.0,136025,1.0882,1.0925,0.005221197180774274,6589
05/04/2024,1.0871,1.088,1.0823,1.0866,211079.0,643403.0,EC1 Curncy,Future,CME,USD,0.0,6.25,125000.0,135825,1.0866,1.091,0.005176765399409651,6590
08/04/2024,1.0869,1.0893,1.0852,1.0889,148986.0,638298.0,EC1 Curncy,Future,CME,USD,0.0,6.25,125000.0,136106,1.0889,1.0932,0.005147999611550546,6591
09/04/2024,1.0892,1.0916,1.0878,1.0884,142390.0,634692.0,EC1 Curncy,Future,CME,USD,0.0,6.25,125000.0,136044,1.0884,1.0927,0.005110958814207391,6592
10/04/2024,1.0886,1.0897,1.0759,1.0766,294214.0,645154.0,EC1 Curncy,Future,CME,USD,0.0,6.25,125000.0,134575,1.0766,1.0811,0.005673402859001478,6593
11/04/2024,1.0771,1.0785,1.0728,1.0755,260590.0,645853.0,EC1 Curncy,Future,CME,USD,0.0,6.25,125000.0,134431,1.0755,1.0799,0.00606145472092817,6594
12/04/2024,1.0754,1.0758,1.0651,1.0668,282189.0,655578.0,EC1 Curncy,Future,CME,USD,0.0,6.25,125000.0,133344,1.0668,1.0712,0.007187528550705017,6595
15/04/2024,1.0667,1.0693,1.0648,1.0653,254140.0,649606.0,EC1 Curncy,Future,CME,USD,0.0,6.25,125000.0,133156,1.0653,1.0698,0.00822590825788884,6596
16/04/2024,1.0653,1.0681,1.0629,1.0658,259272.0,649425.0,EC1 Curncy,Future,CME,USD,0.0,6.25,125000.0,133225,1.0658,1.0703,0.008968506007164234,6597
17/04/2024,1.0645,1.0706,1.0633,1.0697,200574.0,658550.0,EC1 Curncy,Future,CME,USD,0.0,6.25,125000.0,133713,1.0697,1.0742,0.008858737682868744,6598
18/04/2024,1.07,1.0716,1.0667,1.0671,156472.0,655301.0,EC1 Curncy,Future,CME,USD,0.0,6.25,125000.0,133381,1.0671,1.0716,0.009190163219472719,6599
19/04/2024,1.0668,1.0703,1.0636,1.0676,209213.0,661202.0,EC1 Curncy,Future,CME,USD,0.0,6.25,125000.0,133444,1.0676,1.0721,0.00933754607309756,6600
22/04/2024,1.0678,1.0695,1.0649,1.0684,133525.0,660476.0,EC1 Curncy,Future,CME,USD,0.0,6.25,125000.0,133544,1.0684,1.0729,0.009434687770874563,6601
23/04/2024,1.0678,1.0736,1.0663,1.0728,222013.0,656277.0,EC1 Curncy,Future,CME,USD,0.0,6.25,125000.0,134100,1.0728,1.0773,0.00930707616103072,6602
24/04/2024,1.0729,1.0738,1.0702,1.0717,145709.0,656185.0,EC1 Curncy,Future,CME,USD,0.0,6.25,125000.0,133963,1.0717,1.0762,0.008812771036053135,6603
25/04/2024,1.0724,1.0764,1.0701,1.0751,222968.0,650669.0,EC1 Curncy,Future,CME,USD,0.0,6.25,125000.0,134381,1.0751,1.0796,0.008502936747612528,6604
26/04/2024,1.0754,1.0776,1.0696,1.0728,225035.0,643278.0,EC1 Curncy,Future,CME,USD,0.0,6.25,125000.0,134100,1.0728,1.0773,0.00846261976777295,6605
29/04/2024,1.0715,1.0756,1.0712,1.0746,207509.0,642347.0,EC1 Curncy,Future,CME,USD,0.0,6.25,125000.0,134325,1.0746,1.0791,0.00823109348753678,6606
30/04/2024,1.0744,1.0757,1.0686,1.0699,252455.0,641785.0,EC1 Curncy,Future,CME,USD,0.0,6.25,125000.0,133731,1.0699,1.0744,0.008078366171483779,6607
01/05/2024,1.0688,1.0754,1.067,1.0749,201668.0,639758.0,EC1 Curncy,Future,CME,USD,0.0,6.25,125000.0,134356,1.0749,1.0794,0.007843443121523568,6608
02/05/2024,1.0732,1.0751,1.0694,1.075,183635.0,641811.0,EC1 Curncy,Future,CME,USD,0.0,6.25,125000.0,134375,1.075,1.0795,0.007575343776615725,6609
03/05/2024,1.0746,1.0833,1.0744,1.0787,242490.0,644739.0,EC1 Curncy,Future,CME,USD,0.0,6.25,125000.0,134831,1.0787,1.0832,0.007478079076022437,6610
06/05/2024,1.0782,1.081,1.0774,1.0794,110388.0,641280.0,EC1 Curncy,Future,CME,USD,0.0,6.25,125000.0,134925,1.0794,1.0839,0.007514437215603317,6611
07/05/2024,1.0787,1.0806,1.0766,1.077,137574.0,641835.0,EC1 Curncy,Future,CME,USD,0.0,6.25,125000.0,134619,1.077,1.0815,0.007470111556546167,6612
08/05/2024,1.0773,1.0776,1.0753,1.0764,126932.0,638878.0,EC1 Curncy,Future,CME,USD,0.0,6.25,125000.0,134544,1.0764,1.0809,0.007085226413736776,6613
09/05/2024,1.0768,1.0802,1.0741,1.0799,169394.0,639270.0,EC1 Curncy,Future,CME,USD,0.0,6.25,125000.0,134981,1.0799,1.0844,0.00661636103412706,6614
10/05/2024,1.08,1.0807,1.0777,1.079,140035.0,636419.0,EC1 Curncy,Future,CME,USD,0.0,6.25,125000.0,134875,1.079,1.0835,0.006203555432216513,6615
13/05/2024,1.0788,1.0823,1.0782,1.0806,133042.0,636324.0,EC1 Curncy,Future,CME,USD,0.0,6.25,125000.0,135069,1.0806,1.0851,0.005579949223238323,6616
14/05/2024,1.0807,1.0842,1.0781,1.0836,199348.0,644455.0,EC1 Curncy,Future,CME,USD,0.0,6.25,125000.0,135444,1.0836,1.0881,0.005126542044489512,6617
15/05/2024,1.0834,1.0902,1.0829,1.0894,233825.0,641899.0,EC1 Curncy,Future,CME,USD,0.0,6.25,125000.0,136169,1.0894,1.0939,0.005987974059222043,6618
16/05/2024,1.09,1.091,1.0868,1.0885,189968.0,641979.0,EC1 Curncy,Future,CME,USD,0.0,6.25,125000.0,136063,1.0885,1.0931,0.006628536791825207,6619
17/05/2024,1.0882,1.0892,1.085,1.0889,162932.0,641853.0,EC1 Curncy,Future,CME,USD,0.0,6.25,125000.0,136113,1.0889,1.0935,0.006981444454211666,6620
20/05/2024,1.0883,1.0898,1.0867,1.0878,130461.0,634896.0,EC1 Curncy,Future,CME,USD,0.0,6.25,125000.0,135975,1.0878,1.0924,0.007037085097342407,6621
21/05/2024,1.0872,1.0888,1.0856,1.0865,142312.0,636681.0,EC1 Curncy,Future,CME,USD,0.0,6.25,125000.0,135813,1.0865,1.0911,0.0069323709268355495,6622
22/05/2024,1.0868,1.0876,1.083,1.0834,173233.0,637318.0,EC1 Curncy,Future,CME,USD,0.0,6.25,125000.0,135425,1.0834,1.088,0.006838189331533525,6623
23/05/2024,1.0837,1.0872,1.0815,1.0816,211289.0,637101.0,EC1 Curncy,Future,CME,USD,0.0,6.25,125000.0,135194,1.0816,1.0861,0.006484468623865493,6624
24/05/2024,1.0825,1.0869,1.0816,1.0816,144020.0,641133.0,EC1 Curncy,Future,CME,USD,0.0,6.25,125000.0,135194,1.0816,1.0861,0.006093028803522941,6625
27/05/2024,1.0825,1.0869,1.0816,1.0861,144020.0,641133.0,EC1 Curncy,Future,CME,USD,0.0,6.25,125000.0,135756,1.0861,1.0906,0.005820146046325382,6626
28/05/2024,1.0859,1.0899,1.0851,1.0869,254031.0,643081.0,EC1 Curncy,Future,CME,USD,0.0,6.25,125000.0,135856,1.0869,1.0915,0.005795869218724156,6627
29/05/2024,1.0868,1.0872,1.0809,1.0816,254908.0,644126.0,EC1 Curncy,Future,CME,USD,0.0,6.25,125000.0,135194,1.0816,1.0861,0.005509818508857828,6628
30/05/2024,1.0812,1.0853,1.0796,1.0845,223036.0,640042.0,EC1 Curncy,Future,CME,USD,0.0,6.25,125000.0,135556,1.0845,1.089,0.005427021896695925,6629
31/05/2024,1.084,1.089,1.0818,1.085,273138.0,645356.0,EC1 Curncy,Future,CME,USD,0.0,6.25,125000.0,135625,1.085,1.0895,0.005188747440427959,6630
03/06/2024,1.0858,1.0913,1.0835,1.0905,245034.0,637231.0,EC1 Curncy,Future,CME,USD,0.0,6.25,125000.0,136306,1.0905,1.095,0.005264798191815548,6631
04/06/2024,1.0912,1.0923,1.0866,1.0889,266646.0,633694.0,EC1 Curncy,Future,CME,USD,0.0,6.25,125000.0,136113,1.0889,1.0935,0.004751361208524719,6632
05/06/2024,1.0885,1.0898,1.0861,1.0882,211115.0,624534.0,EC1 Curncy,Future,CME,USD,0.0,6.25,125000.0,136019,1.0882,1.0927,0.004543401809276543,6633
06/06/2024,1.0874,1.0908,1.0867,1.0899,207696.0,622373.0,EC1 Curncy,Future,CME,USD,0.0,6.25,125000.0,136231,1.0899,1.0944,0.004346749743643814,6634
07/06/2024,1.0896,1.0919,1.0804,1.081,295885.0,614022.0,EC1 Curncy,Future,CME,USD,0.0,6.25,125000.0,135125,1.081,1.0856,0.004249717637741801,6635
10/06/2024,1.0775,1.0786,1.0737,1.0766,327799.0,558203.0,EC1 Curncy,Future,CME,USD,0.0,6.25,125000.0,134575,1.0766,1.0812,0.004416435214121709,6636
11/06/2024,1.0768,1.0777,1.0723,1.0747,417297.0,439639.0,EC1 Curncy,Future,CME,USD,0.0,6.25,125000.0,134331,1.0747,1.0792,0.004591757107455494,6637
12/06/2024,1.0789,1.0902,1.0784,1.0863,569877.0,475193.0,EC1 Curncy,Future,CME,USD,0.0,6.25,125000.0,135788,1.0817,1.0863,0.004324156950651311,6638
13/06/2024,1.086,1.0864,1.0781,1.0787,368141.0,586754.0,EC1 Curncy,Future,CME,USD,0.0,6.25,125000.0,134838,1.0741,1.0787,0.004382913794938969,6639
14/06/2024,1.0783,1.0792,1.0715,1.0747,291842.0,624192.0,EC1 Curncy,Future,CME,USD,0.0,6.25,125000.0,134331,1.07,1.0747,0.004677784375877163,6640
17/06/2024,1.075,1.0785,1.0733,1.0782,170932.0,639831.0,EC1 Curncy,Future,CME,USD,0.0,6.25,125000.0,134775,1.0715,1.0782,0.004778709728284508,6641
18/06/2024,1.078,1.0808,1.0756,1.0715,167608.0,634512.0,EC1 Curncy,Future,CME,USD,0.0,6.25,125000.0,133931,1.0715,1.0782,0.005405629781428838,6642
19/06/2024,1.078,1.0808,1.0756,1.0786,167608.0,634512.0,EC1 Curncy,Future,CME,USD,0.0,6.25,125000.0,134819,1.0786,1.0833,0.0053574651967019625,6643
20/06/2024,1.0786,1.08,1.0746,1.0755,233132.0,637868.0,EC1 Curncy,Future,CME,USD,0.0,6.25,125000.0,134431,1.0755,1.0802,0.005452470388170451,6644
21/06/2024,1.0749,1.0764,1.0715,1.0738,190820.0,634883.0,EC1 Curncy,Future,CME,USD,0.0,6.25,125000.0,134225,1.0738,1.0786,0.0055707330457680365,6645
24/06/2024,1.0735,1.079,1.0727,1.0779,151459.0,635779.0,EC1 Curncy,Future,CME,USD,0.0,6.25,125000.0,134738,1.0779,1.0827,0.005498887766377302,6646
25/06/2024,1.0777,1.0787,1.0733,1.0759,139734.0,634364.0,EC1 Curncy,Future,CME,USD,0.0,6.25,125000.0,134481,1.0759,1.0807,0.005521011380826532,6647
26/06/2024,1.0756,1.076,1.0708,1.0721,203000.0,636491.0,EC1 Curncy,Future,CME,USD,0.0,6.25,125000.0,134013,1.0721,1.0769,0.00579463257396174,6648
27/06/2024,1.0722,1.0767,1.0717,1.0746,179261.0,633052.0,EC1 Curncy,Future,CME,USD,0.0,6.25,125000.0,134319,1.0746,1.0794,0.005922676759755952,6649
28/06/2024,1.0744,1.0765,1.0725,1.0752,226615.0,624151.0,EC1 Curncy,Future,CME,USD,0.0,6.25,125000.0,134400,1.0752,1.0801,0.006012229203927158,6650
01/07/2024,1.0771,1.0816,1.0759,1.0769,241963.0,625168.0,EC1 Curncy,Future,CME,USD,0.0,6.25,125000.0,134606,1.0769,1.0816,0.00592177619755169,6651
02/07/2024,1.0779,1.0785,1.0748,1.078,174706.0,621208.0,EC1 Curncy,Future,CME,USD,0.0,6.25,125000.0,134750,1.078,1.0827,0.00574892163806032,6652
03/07/2024,1.0788,1.0855,1.0774,1.078,208951.0,625572.0,EC1 Curncy,Future,CME,USD,0.0,6.25,125000.0,134750,1.078,1.0827,0.005740566174216516,6653
04/07/2024,1.0788,1.0855,1.0774,1.0818,208951.0,625572.0,EC1 Curncy,Future,CME,USD,0.0,6.25,125000.0,135219,1.0818,1.0865,0.005665686189735484,6654
05/07/2024,1.0825,1.0879,1.082,1.0873,256102.0,620652.0,EC1 Curncy,Future,CME,USD,0.0,6.25,125000.0,135913,1.0873,1.092,0.00577962801576009,6655
08/07/2024,1.0852,1.0881,1.0851,1.0861,146814.0,621798.0,EC1 Curncy,Future,CME,USD,0.0,6.25,125000.0,135763,1.0861,1.0908,0.0054868539863228045,6656
09/07/2024,1.0859,1.0868,1.0841,1.0848,121229.0,622409.0,EC1 Curncy,Future,CME,USD,0.0,6.25,125000.0,135600,1.0848,1.0895,0.005241113113378424,6657
10/07/2024,1.0847,1.0865,1.0846,1.086,124997.0,622200.0,EC1 Curncy,Future,CME,USD,0.0,6.25,125000.0,135744,1.086,1.0906,0.0050976203599223035,6658
11/07/2024,1.0867,1.0933,1.0864,1.0901,284254.0,628768.0,EC1 Curncy,Future,CME,USD,0.0,6.25,125000.0,136263,1.0901,1.0947,0.005115623129254246,6659
12/07/2024,1.0901,1.0944,1.0895,1.0939,203608.0,630147.0,EC1 Curncy,Future,CME,USD,0.0,6.25,125000.0,136738,1.0939,1.0985,0.005916595304781166,6660
15/07/2024,1.0926,1.0954,1.0916,1.0934,186872.0,631819.0,EC1 Curncy,Future,CME,USD,0.0,6.25,125000.0,136669,1.0934,1.0979,0.006500192304890294,6661
16/07/2024,1.0927,1.0938,1.0903,1.0928,183818.0,636277.0,EC1 Curncy,Future,CME,USD,0.0,6.25,125000.0,136600,1.0928,1.0973,0.0068645028953706,6662
17/07/2024,1.093,1.098,1.0926,1.0969,230558.0,646172.0,EC1 Curncy,Future,CME,USD,0.0,6.25,125000.0,137106,1.0969,1.1014,0.007509988903712348,6663
18/07/2024,1.097,1.0971,1.0924,1.0929,198000.0,649558.0,EC1 Curncy,Future,CME,USD,0.0,6.25,125000.0,136613,1.0929,1.0975,0.007834500622282602,6664
19/07/2024,1.0926,1.0931,1.0905,1.0908,179356.0,664046.0,EC1 Curncy,Future,CME,USD,0.0,6.25,125000.0,136350,1.0908,1.0954,0.00788162419812969,6665
22/07/2024,1.0913,1.0932,1.0902,1.0918,164641.0,670674.0,EC1 Curncy,Future,CME,USD,0.0,6.25,125000.0,136475,1.0918,1.0964,0.008038805881506357,6666
23/07/2024,1.092,1.0925,1.0872,1.088,187637.0,659061.0,EC1 Curncy,Future,CME,USD,0.0,6.25,125000.0,136000,1.088,1.0926,0.007720874302858347,6667
24/07/2024,1.0882,1.0894,1.0852,1.0865,201964.0,658169.0,EC1 Curncy,Future,CME,USD,0.0,6.25,125000.0,135813,1.0865,1.0911,0.00766387630383849,6668
25/07/2024,1.0867,1.0896,1.0854,1.0874,214054.0,656018.0,EC1 Curncy,Future,CME,USD,0.0,6.25,125000.0,135925,1.0874,1.092,0.007478674124950348,6669
26/07/2024,1.0871,1.0894,1.0868,1.0883,145743.0,655762.0,EC1 Curncy,Future,CME,USD,0.0,6.25,125000.0,136031,1.0883,1.0928,0.00716882603131083,6670
29/07/2024,1.0882,1.0895,1.0828,1.0847,203441.0,653945.0,EC1 Curncy,Future,CME,USD,0.0,6.25,125000.0,135581,1.0847,1.0892,0.007011699746414236,6671
30/07/2024,1.0846,1.086,1.0823,1.0835,171891.0,652760.0,EC1 Curncy,Future,CME,USD,0.0,6.25,125000.0,135438,1.0835,1.0881,0.006743732893128578,6672
31/07/2024,1.084,1.0876,1.0825,1.085,258611.0,648918.0,EC1 Curncy,Future,CME,USD,0.0,6.25,125000.0,135625,1.085,1.0896,0.00612735124942763,6673
01/08/2024,1.0849,1.0858,1.0799,1.0807,264123.0,651530.0,EC1 Curncy,Future,CME,USD,0.0,6.25,125000.0,135081,1.0807,1.0851,0.00575693205337658,6674
02/08/2024,1.0813,1.0949,1.0804,1.0935,402656.0,660961.0,EC1 Curncy,Future,CME,USD,0.0,6.25,125000.0,136688,1.0935,1.0977,0.005423012692884994,6675
05/08/2024,1.094,1.1031,1.0914,1.0973,427573.0,665693.0,EC1 Curncy,Future,CME,USD,0.0,6.25,125000.0,137156,1.0973,1.1014,0.0053485200445720195,6676
06/08/2024,1.0974,1.0984,1.0925,1.0949,262991.0,654756.0,EC1 Curncy,Future,CME,USD,0.0,6.25,125000.0,136863,1.0949,1.0991,0.005096655766335365,6677
07/08/2024,1.0952,1.0957,1.0926,1.0943,184032.0,647472.0,EC1 Curncy,Future,CME,USD,0.0,6.25,125000.0,136781,1.0943,1.0984,0.004704157735505588,6678
08/08/2024,1.0943,1.0964,1.09,1.0938,190821.0,642466.0,EC1 Curncy,Future,CME,USD,0.0,6.25,125000.0,136719,1.0938,1.0981,0.004514543166314317,6679
09/08/2024,1.0937,1.095,1.0927,1.0939,143918.0,644568.0,EC1 Curncy,Future,CME,USD,0.0,6.25,125000.0,136731,1.0939,1.0982,0.004555776552961564,6680
12/08/2024,1.0935,1.0957,1.0928,1.0949,129123.0,644452.0,EC1 Curncy,Future,CME,USD,0.0,6.25,125000.0,136856,1.0949,1.0992,0.004577615827827807,6681
13/08/2024,1.095,1.1018,1.0931,1.1017,187062.0,647523.0,EC1 Curncy,Future,CME,USD,0.0,6.25,125000.0,137713,1.1017,1.106,0.004948400415000483,6682
14/08/2024,1.1011,1.1065,1.1004,1.1034,251997.0,664289.0,EC1 Curncy,Future,CME,USD,0.0,6.25,125000.0,137919,1.1034,1.1078,0.005406576242611796,6683
15/08/2024,1.103,1.1031,1.0965,1.0994,212661.0,657192.0,EC1 Curncy,Future,CME,USD,0.0,6.25,125000.0,137419,1.0994,1.1038,0.005602835591660075,6684
16/08/2024,1.0989,1.1045,1.0986,1.1036,151874.0,658867.0,EC1 Curncy,Future,CME,USD,0.0,6.25,125000.0,137944,1.1036,1.1081,0.00604744298585539,6685
19/08/2024,1.1044,1.1101,1.1037,1.1097,179877.0,663290.0,EC1 Curncy,Future,CME,USD,0.0,6.25,125000.0,138706,1.1097,1.1142,0.006955053318786946,6686
20/08/2024,1.11,1.1145,1.1086,1.1135,182037.0,668081.0,EC1 Curncy,Future,CME,USD,0.0,6.25,125000.0,139188,1.1135,1.118,0.008052519274560379,6687
21/08/2024,1.1142,1.1188,1.1113,1.1175,232250.0,678954.0,EC1 Curncy,Future,CME,USD,0.0,6.25,125000.0,139688,1.1175,1.1219,0.009314952138032174,6688
22/08/2024,1.1162,1.119,1.111,1.1123,201295.0,687410.0,EC1 Curncy,Future,CME,USD,0.0,6.25,125000.0,139031,1.1123,1.1168,0.009934102878493584,6689
23/08/2024,1.1124,1.1213,1.1117,1.1199,250831.0,696054.0,EC1 Curncy,Future,CME,USD,0.0,6.25,125000.0,139988,1.1199,1.1244,0.010994544101530121,6690
26/08/2024,1.1203,1.1213,1.1161,1.1175,167327.0,689449.0,EC1 Curncy,Future,CME,USD,0.0,6.25,125000.0,139681,1.1175,1.1219,0.011689058986953892,6691
27/08/2024,1.117,1.1201,1.116,1.1197,146141.0,698248.0,EC1 Curncy,Future,CME,USD,0.0,6.25,125000.0,139956,1.1197,1.1241,0.012284959639079688,6692
28/08/2024,1.1194,1.1196,1.1115,1.1126,215724.0,696835.0,EC1 Curncy,Future,CME,USD,0.0,6.25,125000.0,139069,1.1126,1.117,0.012280709805781338,6693
29/08/2024,1.1128,1.1148,1.1064,1.1087,207561.0,697175.0,EC1 Curncy,Future,CME,USD,0.0,6.25,125000.0,138581,1.1087,1.1131,0.012098984805917042,6694
30/08/2024,1.1085,1.1103,1.1051,1.1087,198316.0,699893.0,EC1 Curncy,Future,CME,USD,0.0,6.25,125000.0,138581,1.1087,1.1131,0.011894933094969853,6695
02/09/2024,1.1085,1.1103,1.1051,1.106,198316.0,699893.0,EC1 Curncy,Future,CME,USD,0.0,6.25,125000.0,138244,1.106,1.1103,0.01137127228298605,6696
03/09/2024,1.1054,1.1085,1.1033,1.1045,270277.0,684819.0,EC1 Curncy,Future,CME,USD,0.0,6.25,125000.0,138063,1.1045,1.1088,0.010651330120403,6697
04/09/2024,1.1051,1.1102,1.1045,1.1082,184659.0,675072.0,EC1 Curncy,Future,CME,USD,0.0,6.25,125000.0,138525,1.1082,1.1125,0.009962551547359817,6698
05/09/2024,1.1089,1.1126,1.1079,1.1109,193325.0,656077.0,EC1 Curncy,Future,CME,USD,0.0,6.25,125000.0,138856,1.1109,1.1152,0.008721748677900825,6699
06/09/2024,1.1115,1.116,1.107,1.1091,299028.0,639213.0,EC1 Curncy,Future,CME,USD,0.0,6.25,125000.0,138631,1.1091,1.1134,0.008369737152411844,6700
09/09/2024,1.109,1.1095,1.1037,1.1047,188050.0,600772.0,EC1 Curncy,Future,CME,USD,0.0,6.25,125000.0,138088,1.1047,1.109,0.008168837126572074,6701
10/09/2024,1.1039,1.1053,1.1018,1.1028,357444.0,442872.0,EC1 Curncy,Future,CME,USD,0.0,6.25,125000.0,137844,1.1028,1.1071,0.007846396200409125,6702
11/09/2024,1.1064,1.1101,1.1048,1.1066,504119.0,508769.0,EC1 Curncy,Future,CME,USD,0.0,6.25,125000.0,138319,1.1021,1.1066,0.007399441420390697,6703
12/09/2024,1.1059,1.1119,1.1051,1.1105,325342.0,627481.0,EC1 Curncy,Future,CME,USD,0.0,6.25,125000.0,138813,1.1063,1.1105,0.0068599271133488425,6704
13/09/2024,1.1118,1.1145,1.1113,1.112,195094.0,653637.0,EC1 Curncy,Future,CME,USD,0.0,6.25,125000.0,139000,1.1079,1.112,0.006235174416201743,6705
16/09/2024,1.1121,1.1179,1.1118,1.1162,149913.0,659766.0,EC1 Curncy,Future,CME,USD,0.0,6.25,125000.0,139525,1.1127,1.1162,0.00569790312311947,6706
17/09/2024,1.1174,1.1186,1.115,1.1163,134664.0,658600.0,EC1 Curncy,Future,CME,USD,0.0,6.25,125000.0,139538,1.1163,1.1198,0.0056031627973660205,6707
18/09/2024,1.1156,1.1227,1.1134,1.1187,187611.0,664491.0,EC1 Curncy,Future,CME,USD,0.0,6.25,125000.0,139831,1.1187,1.1221,0.0056678685000434844,6708
19/09/2024,1.1158,1.1215,1.1104,1.1202,225530.0,661951.0,EC1 Curncy,Future,CME,USD,0.0,6.25,125000.0,140019,1.1202,1.1235,0.0054495932570345525,6709
20/09/2024,1.1197,1.1217,1.1171,1.12,173647.0,661402.0,EC1 Curncy,Future,CME,USD,0.0,6.25,125000.0,140000,1.12,1.1233,0.0054315068505079445,6710
23/09/2024,1.1198,1.1202,1.1118,1.1152,240087.0,657650.0,EC1 Curncy,Future,CME,USD,0.0,6.25,125000.0,139394,1.1152,1.1187,0.005434375155782012,6711
24/09/2024,1.1146,1.1217,1.1138,1.1202,168674.0,660263.0,EC1 Curncy,Future,CME,USD,0.0,6.25,125000.0,140025,1.1202,1.1237,0.005647196944837323,6712
25/09/2024,1.1215,1.125,1.1156,1.1169,222959.0,661513.0,EC1 Curncy,Future,CME,USD,0.0,6.25,125000.0,139606,1.1169,1.1204,0.00562745353901568,6713
26/09/2024,1.1165,1.1223,1.1159,1.1213,215205.0,665183.0,EC1 Curncy,Future,CME,USD,0.0,6.25,125000.0,140163,1.1213,1.125,0.0058805810370896935,6714
27/09/2024,1.1211,1.1237,1.1158,1.1201,220872.0,663556.0,EC1 Curncy,Future,CME,USD,0.0,6.25,125000.0,140013,1.1201,1.1237,0.005890350866780261,6715
30/09/2024,1.1196,1.1242,1.1148,1.1167,232434.0,658450.0,EC1 Curncy,Future,CME,USD,0.0,6.25,125000.0,139581,1.1167,1.1205,0.005867603144991354,6716
01/10/2024,1.1167,1.1177,1.1079,1.1105,256534.0,654366.0,EC1 Curncy,Future,CME,USD,0.0,6.25,125000.0,138813,1.1105,1.1144,0.005721267342158307,6717
02/10/2024,1.1104,1.1116,1.1066,1.1072,156767.0,649754.0,EC1 Curncy,Future,CME,USD,0.0,6.25,125000.0,138394,1.1072,1.1111,0.005826328174798256,6718
03/10/2024,1.108,1.1082,1.1039,1.1058,172621.0,648082.0,EC1 Curncy,Future,CME,USD,0.0,6.25,125000.0,138219,1.1058,1.1098,0.005932784618859999,6719
04/10/2024,1.1062,1.1071,1.0983,1.1005,251634.0,657279.0,EC1 Curncy,Future,CME,USD,0.0,6.25,125000.0,137556,1.1005,1.1048,0.006355842456652215,6720
07/10/2024,1.1003,1.1019,1.0987,1.1002,150585.0,654015.0,EC1 Curncy,Future,CME,USD,0.0,6.25,125000.0,137519,1.1002,1.1046,0.00668308312086946,6721
08/10/2024,1.1007,1.1029,1.0992,1.1004,123220.0,648901.0,EC1 Curncy,Future,CME,USD,0.0,6.25,125000.0,137550,1.1004,1.1047,0.006916232114895911,6722
09/10/2024,1.1012,1.1013,1.0967,1.0968,125026.0,646106.0,EC1 Curncy,Future,CME,USD,0.0,6.25,125000.0,137100,1.0968,1.1012,0.0075038834390680174,6723
10/10/2024,1.097,1.0984,1.093,1.0951,181423.0,645887.0,EC1 Curncy,Future,CME,USD,0.0,6.25,125000.0,136888,1.0951,1.0996,0.008165680212559657,6724
11/10/2024,1.0966,1.0983,1.0956,1.0968,151794.0,641647.0,EC1 Curncy,Future,CME,USD,0.0,6.25,125000.0,137100,1.0968,1.1012,0.008615476384611019,6725
14/10/2024,1.0964,1.0965,1.0917,1.0926,120862.0,642231.0,EC1 Curncy,Future,CME,USD,0.0,6.25,125000.0,136569,1.0926,1.0971,0.00924638127415939,6726
15/10/2024,1.0935,1.0945,1.091,1.0915,145370.0,639957.0,EC1 Curncy,Future,CME,USD,0.0,6.25,125000.0,136438,1.0915,1.0959,0.009848422885609344,6727
16/10/2024,1.0919,1.0929,1.0881,1.0883,145209.0,635342.0,EC1 Curncy,Future,CME,USD,0.0,6.25,125000.0,136038,1.0883,1.0927,0.010688701199575025,6728
17/10/2024,1.0889,1.0901,1.0838,1.0852,212112.0,637776.0,EC1 Curncy,Future,CME,USD,0.0,6.25,125000.0,135644,1.0852,1.0898,0.011637200407907411,6729
18/10/2024,1.0858,1.0896,1.0851,1.0892,143076.0,636291.0,EC1 Curncy,Future,CME,USD,0.0,6.25,125000.0,136144,1.0892,1.0939,0.01214311464714897,6730
21/10/2024,1.0893,1.0898,1.0836,1.0837,145945.0,635749.0,EC1 Curncy,Future,CME,USD,0.0,6.25,125000.0,135463,1.0837,1.0884,0.012781603968222255,6731
22/10/2024,1.0841,1.0864,1.0818,1.0825,162847.0,630715.0,EC1 Curncy,Future,CME,USD,0.0,6.25,125000.0,135313,1.0825,1.0873,0.013331706567445879,6732
23/10/2024,1.0824,1.0831,1.0786,1.0805,175534.0,640522.0,EC1 Curncy,Future,CME,USD,0.0,6.25,125000.0,135063,1.0805,1.0854,0.013738585565254448,6733
24/10/2024,1.0807,1.0853,1.0794,1.0846,198512.0,649152.0,EC1 Curncy,Future,CME,USD,0.0,6.25,125000.0,135569,1.0846,1.0895,0.01365019902176603,6734
25/10/2024,1.085,1.0862,1.0816,1.0826,162711.0,646559.0,EC1 Curncy,Future,CME,USD,0.0,6.25,125000.0,135319,1.0826,1.0874,0.013515277774941482,6735
28/10/2024,1.0819,1.085,1.0805,1.0834,142651.0,640856.0,EC1 Curncy,Future,CME,USD,0.0,6.25,125000.0,135419,1.0834,1.0883,0.01346026498007493,6736
29/10/2024,1.0835,1.0848,1.0791,1.0835,220104.0,639808.0,EC1 Curncy,Future,CME,USD,0.0,6.25,125000.0,135438,1.0835,1.0884,0.01294130596193842,6737
30/10/2024,1.0838,1.0893,1.0826,1.0891,208258.0,637244.0,EC1 Curncy,Future,CME,USD,0.0,6.25,125000.0,136131,1.0891,1.0938,0.012306342538186278,6738
31/10/2024,1.0879,1.0908,1.0864,1.089,227720.0,638227.0,EC1 Curncy,Future,CME,USD,0.0,6.25,125000.0,136125,1.089,1.0937,0.011126422006520203,6739
01/11/2024,1.0901,1.0925,1.0851,1.0858,192801.0,634928.0,EC1 Curncy,Future,CME,USD,0.0,6.25,125000.0,135719,1.0858,1.0904,0.009844668607958032,6740
04/11/2024,1.0889,1.0934,1.0888,1.0897,186446.0,630742.0,EC1 Curncy,Future,CME,USD,0.0,6.25,125000.0,136213,1.0897,1.0943,0.008511022265305018,6741
05/11/2024,1.0897,1.0955,1.0891,1.095,146449.0,623017.0,EC1 Curncy,Future,CME,USD,0.0,6.25,125000.0,136869,1.095,1.0996,0.0076070690808299896,6742
06/11/2024,1.0946,1.0955,1.0699,1.0752,388385.0,620221.0,EC1 Curncy,Future,CME,USD,0.0,6.25,125000.0,134400,1.0752,1.0799,0.007486933061487217,6743
07/11/2024,1.0748,1.084,1.0729,1.0799,252902.0,614700.0,EC1 Curncy,Future,CME,USD,0.0,6.25,125000.0,134988,1.0799,1.0846,0.006966053402072587,6744
08/11/2024,1.0818,1.082,1.0702,1.0729,223175.0,609761.0,EC1 Curncy,Future,CME,USD,0.0,6.25,125000.0,134113,1.0729,1.0776,0.00722409163843666,6745
11/11/2024,1.0725,1.0743,1.0644,1.0666,228382.0,607294.0,EC1 Curncy,Future,CME,USD,0.0,6.25,125000.0,133319,1.0666,1.0713,0.00790303106412562,6746
12/11/2024,1.0671,1.0678,1.0609,1.0627,211717.0,612445.0,EC1 Curncy,Future,CME,USD,0.0,6.25,125000.0,132838,1.0627,1.0675,0.008678340855286765,6747
13/11/2024,1.0636,1.0669,1.057,1.058,316306.0,617304.0,EC1 Curncy,Future,CME,USD,0.0,6.25,125000.0,132244,1.058,1.0626,0.009849656508420889,6748
14/11/2024,1.0577,1.0596,1.0509,1.056,291921.0,620758.0,EC1 Curncy,Future,CME,USD,0.0,6.25,125000.0,132000,1.056,1.0607,0.010947013291329744,6749
15/11/2024,1.0543,1.0606,1.0529,1.055,233338.0,621115.0,EC1 Curncy,Future,CME,USD,0.0,6.25,125000.0,131869,1.055,1.0597,0.011720885916483558,6750
18/11/2024,1.055,1.0619,1.0542,1.0602,171990.0,628101.0,EC1 Curncy,Future,CME,USD,0.0,6.25,125000.0,132525,1.0602,1.0649,0.012067293261839081,6751
19/11/2024,1.0612,1.0613,1.0535,1.0605,218122.0,633712.0,EC1 Curncy,Future,CME,USD,0.0,6.25,125000.0,132563,1.0605,1.0653,0.012298844119153274,6752
20/11/2024,1.0608,1.0621,1.0518,1.0551,176136.0,638103.0,EC1 Curncy,Future,CME,USD,0.0,6.25,125000.0,131881,1.0551,1.0599,0.012870440292931011,6753
21/11/2024,1.0554,1.0565,1.0472,1.0494,225906.0,637367.0,EC1 Curncy,Future,CME,USD,0.0,6.25,125000.0,131175,1.0494,1.0542,0.013790258639122989,6754
22/11/2024,1.0484,1.0509,1.0341,1.042,323358.0,637795.0,EC1 Curncy,Future,CME,USD,0.0,6.25,125000.0,130250,1.042,1.047,0.014921815126426319,6755
25/11/2024,1.046,1.054,1.0451,1.0514,267465.0,637419.0,EC1 Curncy,Future,CME,USD,0.0,6.25,125000.0,131425,1.0514,1.0563,0.015341617689602231,6756
26/11/2024,1.0503,1.0553,1.0433,1.0482,277339.0,637202.0,EC1 Curncy,Future,CME,USD,0.0,6.25,125000.0,131019,1.0482,1.053,0.015853630499055638,6757
27/11/2024,1.0497,1.0596,1.0483,1.0482,266738.0,636981.0,EC1 Curncy,Future,CME,USD,0.0,6.25,125000.0,131019,1.0482,1.053,0.016293710443008095,6758
28/11/2024,1.0497,1.0596,1.0483,1.0571,266738.0,636981.0,EC1 Curncy,Future,CME,USD,0.0,6.25,125000.0,132131,1.0571,1.0618,0.016121207564383247,6759
29/11/2024,1.0574,1.0603,1.0535,1.0574,244649.0,640810.0,EC1 Curncy,Future,CME,USD,0.0,6.25,125000.0,132169,1.0574,1.0621,0.015948069893687158,6760
02/12/2024,1.0575,1.0575,1.0467,1.0496,271419.0,645946.0,EC1 Curncy,Future,CME,USD,0.0,6.25,125000.0,131194,1.0496,1.0543,0.01591943256947102,6761
03/12/2024,1.0504,1.0541,1.0486,1.051,203141.0,629909.0,EC1 Curncy,Future,CME,USD,0.0,6.25,125000.0,131375,1.051,1.0556,0.015713953459710217,6762
04/12/2024,1.0515,1.0549,1.0477,1.0519,242263.0,622282.0,EC1 Curncy,Future,CME,USD,0.0,6.25,125000.0,131488,1.0519,1.0564,0.015003064131501364,6763
05/12/2024,1.0515,1.0594,1.0512,1.0592,218391.0,619244.0,EC1 Curncy,Future,CME,USD,0.0,6.25,125000.0,132394,1.0592,1.0637,0.013976110570086346,6764
06/12/2024,1.059,1.0634,1.0546,1.0558,269946.0,605221.0,EC1 Curncy,Future,CME,USD,0.0,6.25,125000.0,131969,1.0558,1.0602,0.013062605661478202,6765
09/12/2024,1.0566,1.0598,1.0535,1.0558,263171.0,571587.0,EC1 Curncy,Future,CME,USD,0.0,6.25,125000.0,131969,1.0558,1.0602,0.011558614392187597,6766
10/12/2024,1.0559,1.0571,1.0501,1.0529,404294.0,446689.0,EC1 Curncy,Future,CME,USD,0.0,6.25,125000.0,131613,1.0529,1.0573,0.008835817260858834,6767
11/12/2024,1.0575,1.0586,1.0526,1.0537,447931.0,452784.0,EC1 Curncy,Future,CME,USD,0.0,6.25,125000.0,131713,1.0494,1.0537,0.008028387135697097,6768
12/12/2024,1.0542,1.0576,1.0508,1.0516,376701.0,545867.0,EC1 Curncy,Future,CME,USD,0.0,6.25,125000.0,131450,1.0474,1.0516,0.006412248695579634,6769
13/12/2024,1.051,1.0568,1.0496,1.0538,223733.0,568901.0,EC1 Curncy,Future,CME,USD,0.0,6.25,125000.0,131719,1.0495,1.0538,0.0052608839562027524,6770
16/12/2024,1.0541,1.0568,1.0517,1.0553,159966.0,577962.0,EC1 Curncy,Future,CME,USD,0.0,6.25,125000.0,131913,1.0492,1.0553,0.004627411083312798,6771
17/12/2024,1.0553,1.0577,1.0522,1.0531,162407.0,569182.0,EC1 Curncy,Future,CME,USD,0.0,6.25,125000.0,131638,1.0531,1.0584,0.004265786367595937,6772
18/12/2024,1.0534,1.0555,1.0385,1.0418,250939.0,579676.0,EC1 Curncy,Future,CME,USD,0.0,6.25,125000.0,130225,1.0418,1.0471,0.004782607378195419,6773
19/12/2024,1.0388,1.0463,1.0388,1.0402,275127.0,587212.0,EC1 Curncy,Future,CME,USD,0.0,6.25,125000.0,130025,1.0402,1.0455,0.005381598275664762,6774
20/12/2024,1.0404,1.0488,1.0383,1.0485,245863.0,584241.0,EC1 Curncy,Future,CME,USD,0.0,6.25,125000.0,131056,1.0485,1.0538,0.005408105028624977,6775
23/12/2024,1.0472,1.0484,1.0423,1.0451,156836.0,578916.0,EC1 Curncy,Future,CME,USD,0.0,6.25,125000.0,130631,1.0451,1.0504,0.005313746324453256,6776
24/12/2024,1.0445,1.0448,1.0421,1.0451,66189.0,580474.0,EC1 Curncy,Future,CME,USD,0.0,6.25,125000.0,130631,1.0451,1.0504,0.005121402802681014,6777
25/12/2024,1.0445,1.0448,1.0421,1.0427,66189.0,580474.0,EC1 Curncy,Future,CME,USD,0.0,6.25,125000.0,130338,1.0427,1.0481,0.005297933559478062,6778
26/12/2024,1.0437,1.0469,1.0429,1.0457,63172.0,581836.0,EC1 Curncy,Future,CME,USD,0.0,6.25,125000.0,130706,1.0457,1.0511,0.005379024075112915,6779
27/12/2024,1.0461,1.0482,1.0443,1.0466,141014.0,585730.0,EC1 Curncy,Future,CME,USD,0.0,6.25,125000.0,130825,1.0466,1.052,0.005157980871165619,6780
30/12/2024,1.0465,1.0494,1.0407,1.0431,175947.0,590594.0,EC1 Curncy,Future,CME,USD,0.0,6.25,125000.0,130388,1.0431,1.0484,0.005358706311599679,6781
31/12/2024,1.0441,1.0459,1.0378,1.0431,128147.0,589022.0,EC1 Curncy,Future,CME,USD,0.0,6.25,125000.0,130388,1.0431,1.0484,0.005529822179236778,6782
01/01/2025,1.0441,1.0459,1.0378,1.0389,128147.0,589022.0,EC1 Curncy,Future,CME,USD,0.0,6.25,125000.0,129856,1.0389,1.0441,0.005948178993102034,6783
02/01/2025,1.0388,1.0408,1.0256,1.0283,276522.0,592005.0,EC1 Curncy,Future,CME,USD,0.0,6.25,125000.0,128531,1.0283,1.0334,0.0071036915286338395,6784
03/01/2025,1.0297,1.0342,1.0297,1.0334,174940.0,591594.0,EC1 Curncy,Future,CME,USD,0.0,6.25,125000.0,129169,1.0334,1.0384,0.00745106927453954,6785
06/01/2025,1.0335,1.0469,1.0327,1.0419,279621.0,582636.0,EC1 Curncy,Future,CME,USD,0.0,6.25,125000.0,130238,1.0419,1.0469,0.007517257922096425,6786
07/01/2025,1.042,1.0466,1.0371,1.0387,188742.0,581888.0,EC1 Curncy,Future,CME,USD,0.0,6.25,125000.0,129831,1.0387,1.0437,0.00765534236120914,6787
08/01/2025,1.0373,1.0388,1.0304,1.034,187961.0,583633.0,EC1 Curncy,Future,CME,USD,0.0,6.25,125000.0,129244,1.034,1.039,0.007974110190735522,6788
09/01/2025,1.0348,1.0351,1.0313,1.0328,94168.0,582260.0,EC1 Curncy,Future,CME,USD,0.0,6.25,125000.0,129094,1.0328,1.0377,0.007891465854579598,6789
10/01/2025,1.0329,1.0341,1.0242,1.0274,243886.0,582381.0,EC1 Curncy,Future,CME,USD,0.0,6.25,125000.0,128425,1.0274,1.0324,0.00828759112573324,6790
13/01/2025,1.0274,1.0279,1.0205,1.0236,201443.0,583156.0,EC1 Curncy,Future,CME,USD,0.0,6.25,125000.0,127950,1.0236,1.0286,0.008820247540026084,6791
14/01/2025,1.0291,1.0337,1.0267,1.0326,219906.0,581101.0,EC1 Curncy,Future,CME,USD,0.0,6.25,125000.0,129075,1.0326,1.0376,0.008752475840241171,6792
15/01/2025,1.0335,1.0383,1.0285,1.0322,207355.0,580668.0,EC1 Curncy,Future,CME,USD,0.0,6.25,125000.0,129019,1.0322,1.0371,0.008572533658960345,6793
16/01/2025,1.0316,1.0342,1.0287,1.0328,191064.0,579855.0,EC1 Curncy,Future,CME,USD,0.0,6.25,125000.0,129100,1.0328,1.0377,0.008406818661103444,6794
17/01/2025,1.0327,1.0357,1.0291,1.0328,185929.0,577882.0,EC1 Curncy,Future,CME,USD,0.0,6.25,125000.0,129100,1.0328,1.0377,0.008013338879685519,6795
20/01/2025,1.0327,1.0357,1.0291,1.0303,185929.0,577882.0,EC1 Curncy,Future,CME,USD,0.0,6.25,125000.0,128781,1.0303,1.0352,0.007459687214221241,6796
21/01/2025,1.0302,1.0461,1.0292,1.0444,472010.0,583240.0,EC1 Curncy,Future,CME,USD,0.0,6.25,125000.0,130550,1.0444,1.0495,0.0069183331326279005,6797
22/01/2025,1.0451,1.0483,1.0418,1.0446,185043.0,582455.0,EC1 Curncy,Future,CME,USD,0.0,6.25,125000.0,130569,1.0446,1.0496,0.007007205815017613,6798
23/01/2025,1.0435,1.0462,1.0396,1.0448,200481.0,588706.0,EC1 Curncy,Future,CME,USD,0.0,6.25,125000.0,130594,1.0448,1.0498,0.007128047886157153,6799
24/01/2025,1.0441,1.0546,1.0436,1.052,250653.0,592127.0,EC1 Curncy,Future,CME,USD,0.0,6.25,125000.0,131494,1.052,1.0569,0.007370339205266097,6800
27/01/2025,1.051,1.0558,1.0478,1.0516,193625.0,591934.0,EC1 Curncy,Future,CME,USD,0.0,6.25,125000.0,131450,1.0516,1.0566,0.007727110283541662,6801
28/01/2025,1.0515,1.0515,1.0437,1.0459,176625.0,590889.0,EC1 Curncy,Future,CME,USD,0.0,6.25,125000.0,130731,1.0459,1.0508,0.0077570247733274224,6802
29/01/2025,1.0454,1.0467,1.0405,1.0438,229609.0,593145.0,EC1 Curncy,Future,CME,USD,0.0,6.25,125000.0,130475,1.0438,1.0487,0.007784510260811654,6803
30/01/2025,1.0443,1.0489,1.0408,1.045,219487.0,590800.0,EC1 Curncy,Future,CME,USD,0.0,6.25,125000.0,130619,1.045,1.05,0.0077591709179534955,6804
31/01/2025,1.0412,1.0455,1.0371,1.0397,305136.0,584890.0,EC1 Curncy,Future,CME,USD,0.0,6.25,125000.0,129963,1.0397,1.0448,0.0075828710482254615,6805
03/02/2025,1.0281,1.0372,1.0231,1.0304,433767.0,593257.0,EC1 Curncy,Future,CME,USD,0.0,6.25,125000.0,128800,1.0304,1.0356,0.0076733304373448954,6806
04/02/2025,1.0365,1.0408,1.0292,1.0402,215671.0,589188.0,EC1 Curncy,Future,CME,USD,0.0,6.25,125000.0,130025,1.0402,1.0454,0.0076115416748087595,6807
05/02/2025,1.0401,1.0464,1.039,1.0427,182368.0,588879.0,EC1 Curncy,Future,CME,USD,0.0,6.25,125000.0,130331,1.0427,1.0479,0.0076745184431348465,6808
06/02/2025,1.0424,1.0424,1.0371,1.0404,181344.0,589034.0,EC1 Curncy,Future,CME,USD,0.0,6.25,125000.0,130044,1.0404,1.0455,0.007425575174176704,6809
07/02/2025,1.0402,1.0433,1.0323,1.035,295038.0,595793.0,EC1 Curncy,Future,CME,USD,0.0,6.25,125000.0,129375,1.035,1.0402,0.007388204563176993,6810
10/02/2025,1.0315,1.0354,1.0307,1.0324,132237.0,601788.0,EC1 Curncy,Future,CME,USD,0.0,6.25,125000.0,129050,1.0324,1.0377,0.007443928174515789,6811
11/02/2025,1.0324,1.0399,1.0309,1.0375,152331.0,598095.0,EC1 Curncy,Future,CME,USD,0.0,6.25,125000.0,129681,1.0375,1.0427,0.007443122104826042,6812
12/02/2025,1.0377,1.0447,1.033,1.0408,279858.0,600546.0,EC1 Curncy,Future,CME,USD,0.0,6.25,125000.0,130094,1.0408,1.046,0.007416733333079754,6813
13/02/2025,1.04,1.0484,1.0388,1.0451,305902.0,606791.0,EC1 Curncy,Future,CME,USD,0.0,6.25,125000.0,130638,1.0451,1.0504,0.0074495525593162686,6814
14/02/2025,1.0481,1.0529,1.0462,1.0451,203180.0,610367.0,EC1 Curncy,Future,CME,USD,0.0,6.25,125000.0,130638,1.0451,1.0504,0.007164526036941631,6815
17/02/2025,1.0481,1.0529,1.0462,1.0514,203180.0,610367.0,EC1 Curncy,Future,CME,USD,0.0,6.25,125000.0,131425,1.0514,1.0567,0.006750987582125518,6816
18/02/2025,1.0505,1.0521,1.0449,1.0459,243357.0,609419.0,EC1 Curncy,Future,CME,USD,0.0,6.25,125000.0,130731,1.0459,1.0511,0.006622028893575254,6817
19/02/2025,1.0464,1.0474,1.0414,1.0439,152343.0,613241.0,EC1 Curncy,Future,CME,USD,0.0,6.25,125000.0,130481,1.0439,1.0491,0.006377826170988429,6818
20/02/2025,1.0436,1.0516,1.0431,1.0513,170417.0,608247.0,EC1 Curncy,Future,CME,USD,0.0,6.25,125000.0,131413,1.0513,1.0565,0.006394724388171646,6819
21/02/2025,1.0511,1.0517,1.0461,1.0474,179863.0,611513.0,EC1 Curncy,Future,CME,USD,0.0,6.25,125000.0,130925,1.0474,1.0527,0.00615507108006696,6820
24/02/2025,1.0484,1.054,1.0464,1.0485,200252.0,616231.0,EC1 Curncy,Future,CME,USD,0.0,6.25,125000.0,131056,1.0485,1.0537,0.005663841452642884,6821
25/02/2025,1.0479,1.053,1.0467,1.0521,177237.0,617491.0,EC1 Curncy,Future,CME,USD,0.0,6.25,125000.0,131506,1.0521,1.0574,0.005913473316701636,6822
26/02/2025,1.0525,1.0539,1.0485,1.0502,209027.0,616551.0,EC1 Curncy,Future,CME,USD,0.0,6.25,125000.0,131269,1.0502,1.0554,0.006045678897692857,6823
27/02/2025,1.0495,1.0505,1.0405,1.0413,249469.0,618996.0,EC1 Curncy,Future,CME,USD,0.0,6.25,125000.0,130163,1.0413,1.0466,0.006069848982251718,6824
28/02/2025,1.04,1.0428,1.0367,1.0375,243143.0,614571.0,EC1 Curncy,Future,CME,USD,0.0,6.25,125000.0,129688,1.0375,1.0427,0.005963813097955256,6825
03/03/2025,1.041,1.0512,1.0396,1.0481,313366.0,621139.0,EC1 Curncy,Future,CME,USD,0.0,6.25,125000.0,131013,1.0481,1.0533,0.00580228977795342,6826
04/03/2025,1.0492,1.0635,1.0478,1.0608,397006.0,615440.0,EC1 Curncy,Future,CME,USD,0.0,6.25,125000.0,132600,1.0608,1.0661,0.006769047200358076,6827
05/03/2025,1.0629,1.0804,1.0609,1.0797,473901.0,614318.0,EC1 Curncy,Future,CME,USD,0.0,6.25,125000.0,134963,1.0797,1.085,0.00985864595168498,6828
06/03/2025,1.0798,1.0859,1.0771,1.0808,392404.0,601400.0,EC1 Curncy,Future,CME,USD,0.0,6.25,125000.0,135094,1.0808,1.086,0.012148062945754228,6829
07/03/2025,1.0794,1.0894,1.0786,1.0847,328416.0,595071.0,EC1 Curncy,Future,CME,USD,0.0,6.25,125000.0,135588,1.0847,1.0901,0.014220423106715408,6830
10/03/2025,1.0847,1.088,1.081,1.0834,321711.0,559236.0,EC1 Curncy,Future,CME,USD,0.0,6.25,125000.0,135425,1.0834,1.0888,0.015313885855675887,6831
11/03/2025,1.0838,1.0951,1.0837,1.0935,504306.0,457831.0,EC1 Curncy,Future,CME,USD,0.0,6.25,125000.0,136688,1.0935,1.0989,0.017370784860429717,6832
12/03/2025,1.0972,1.0989,1.0933,1.0942,535145.0,517374.0,EC1 Curncy,Future,CME,USD,0.0,6.25,125000.0,136769,1.0888,1.0942,0.019093825354478657,6833
13/03/2025,1.0946,1.0952,1.0878,1.0909,305527.0,593314.0,EC1 Curncy,Future,CME,USD,0.0,6.25,125000.0,136363,1.0855,1.0909,0.020144871142154176,6834
14/03/2025,1.0908,1.0967,1.0885,1.0936,244120.0,636009.0,EC1 Curncy,Future,CME,USD,0.0,6.25,125000.0,136694,1.0882,1.0936,0.020890777071888106,6835
17/03/2025,1.0937,1.0984,1.0923,1.0981,140360.0,635872.0,EC1 Curncy,Future,CME,USD,0.0,6.25,125000.0,137256,1.0911,1.0981,0.02150191309319527,6836
18/03/2025,1.0977,1.1009,1.0947,1.0998,187543.0,638515.0,EC1 Curncy,Future,CME,USD,0.0,6.25,125000.0,137475,1.0998,1.1055,0.022164391111284456,6837
19/03/2025,1.0996,1.1,1.091,1.0962,194067.0,640206.0,EC1 Curncy,Future,CME,USD,0.0,6.25,125000.0,137025,1.0962,1.1018,0.022481640657819338,6838
20/03/2025,1.0955,1.0969,1.0866,1.09,180439.0,638775.0,EC1 Curncy,Future,CME,USD,0.0,6.25,125000.0,136250,1.09,1.0955,0.022490958924287315,6839
21/03/2025,1.0906,1.0913,1.0847,1.0872,158453.0,638368.0,EC1 Curncy,Future,CME,USD,0.0,6.25,125000.0,135894,1.0872,1.0926,0.022253539044400163,6840
24/03/2025,1.0872,1.0909,1.0832,1.0857,166534.0,641433.0,EC1 Curncy,Future,CME,USD,0.0,6.25,125000.0,135706,1.0857,1.0913,0.02211464296193753,6841
25/03/2025,1.0853,1.0881,1.0827,1.0848,152647.0,655437.0,EC1 Curncy,Future,CME,USD,0.0,6.25,125000.0,135600,1.0848,1.0904,0.02160900892376379,6842
26/03/2025,1.0843,1.0853,1.0794,1.0805,172095.0,656904.0,EC1 Curncy,Future,CME,USD,0.0,6.25,125000.0,135056,1.0805,1.0861,0.020783052390524834,6843
27/03/2025,1.0789,1.0869,1.0781,1.0839,191301.0,656855.0,EC1 Curncy,Future,CME,USD,0.0,6.25,125000.0,135488,1.0839,1.0897,0.0202893584587413,6844
